# L_phi_L=0.19,L_phi_R=0.195
t,theta,s,theta_dot,s_dot,sin_phi_L,cos_phi_L,sin_phi_R,cos_phi_R,phi_dot_L,phi_dot_R,qL1,qL2,qL3,qL4,qL5,qL6,qL7,qR1,qR2,qR3,qR4,qR5,qR6,qR7,qdotL1,qdotL2,qdotL3,qdotL4,qdotL5,qdotL6,qdotL7,qdotR1,qdotR2,qdotR3,qdotR4,qdotR5,qdotR6,qdotR7,dL,dR,d_min,m_phi_minus_L,m_phi_minus_R,m_phi_plus_L,m_phi_plus_R,m_q
0,0.582359763,-0.07233528637,0.08752185815,-0.01785568601,0.002637792114,0.999996521,0.0264142499,0.9996510828,0,0,1.419610364,1.647509562,-1.220801616,1.365069909,-0.3880821283,0.40725037,0.4101391634,-1.340894063,1.543886657,1.356113887,1.681559554,-0.4910379227,-0.1817617548,-0.1890801899,-0.07321379192,0.0002289903098,0.05103360856,-0.1150472375,-0.1049577263,0.09477764217,0.03062380635,0.06143288736,0.005373985624,0.01844554783,-0.05571783672,-0.07641490876,0.01036704159,0.06605775237,0.008773355284,0.005753678665,0.005753678665,0.002637795173,0.001417322084,0.1273622001,0.1185826734,0.001826580771
0.01,0.5832350376,-0.07251384476,0.08753863381,-0.0178561453,0.002637792114,0.999996521,0.0264142499,0.9996510828,0,0,1.418878226,1.647511852,-1.22029128,1.363919437,-0.3891317056,0.4081981464,0.4104454014,-1.340279735,1.543940397,1.356298342,1.681002376,-0.4918020718,-0.1816580844,-0.1884196123,-0.07342946304,0.0002308913627,0.0513976971,-0.115813056,-0.1053419047,0.09533858274,0.03037053227,0.06150548717,0.00537569567,0.01839089499,-0.05616800133,-0.07653111602,0.0106771383,0.065851484,0.008771815783,0.005775988757,0.005775988757,0.002637795173,0.001417322084,0.1273737436,0.1185826734,0.001824290868
0.02,0.5841106458,-0.07269241229,0.08758842445,-0.0178575085,0.002637792114,0.999996521,0.0264142499,0.9996510828,0,0,1.418143932,1.647514161,-1.219777303,1.362761306,-0.3901851246,0.4091515322,0.4107491067,-1.33966468,1.543994154,1.356482251,1.680440696,-0.492567383,-0.181551313,-0.1877610975,-0.07346190873,0.0002309747845,0.05147801421,-0.1158654811,-0.1055040523,0.09540850905,0.03035808686,0.06150521547,0.005371558641,0.01839902346,-0.05616076772,-0.07658972308,0.01066529677,0.06584893266,0.008770272066,0.00579830806,0.00579830806,0.002637795173,0.001417322084,0.1275419368,0.1185826734,0.001821981955
0.03,0.5849869135,-0.07287099787,0.08767042988,-0.0178597537,0.002637792114,0.999996521,0.0264142499,0.9996510828,0,0,1.417409313,1.647516471,-1.219262523,1.361602651,-0.3912401651,0.4101056173,0.4110526876,-1.339049628,1.544047869,1.356666241,1.679879088,-0.4933332802,-0.18144466,-0.1871026082,-0.07350252739,0.0002310984437,0.05157685928,-0.1159350587,-0.1056969916,0.09550598068,0.03035948082,0.06151171437,0.005367562395,0.0184121818,-0.05614955211,-0.07667833418,0.01064866796,0.06587274704,0.008768727895,0.00582062498,0.00582062498,0.002637795173,0.001417322084,0.1277460106,0.1185826734,0.001819672207
0.04,0.5858641591,-0.07304961023,0.08778385573,-0.01786285914,0.002637792114,0.999996521,0.0264142499,0.9996510828,0,0,1.416674287,1.647518782,-1.218746754,1.360443301,-0.3922971351,0.4110606771,0.4113562824,-1.33843451,1.544101545,1.356850363,1.679317592,-0.4941000635,-0.1813381734,-0.1864438807,-0.07355112897,0.0002312613395,0.05169380722,-0.1160213764,-0.1059200408,0.0956303234,0.03037433471,0.06152480321,0.005363699644,0.01843024291,-0.05613445441,-0.07679619989,0.01062736932,0.06592222239,0.008767183101,0.005842940964,0.005842940964,0.002637795173,0.001417322084,0.1279860411,0.1185826734,0.001817361222
0.05,0.5867426927,-0.07322825785,0.08792791344,-0.01786680324,0.002637792114,0.999996521,0.0264142499,0.9996510828,0,0,1.415938776,1.647521095,-1.218229816,1.359283087,-0.3933563355,0.4120169804,0.4116600258,-1.337819262,1.544155182,1.357034666,1.678756248,-0.4948680255,-0.1812318997,-0.1857846585,-0.0736075245,0.0002314624782,0.05182843527,-0.1161240249,-0.106172521,0.09578086764,0.03040227271,0.06154430294,0.00535996324,0.01845308068,-0.0561155738,-0.07694257632,0.01060151747,0.06599666022,0.008765637519,0.005865257416,0.005865257416,0.002637795173,0.001417322084,0.1282621328,0.1185826734,0.001815048609
0.06,0.5876228169,-0.07340694902,0.08810182023,-0.01787156457,0.002637792114,0.999996521,0.0264142499,0.9996510828,0,0,1.415202701,1.647523409,-1.217711532,1.358121847,-0.3944180607,0.412974789,0.4119640485,-1.337203819,1.544208782,1.357219196,1.678195092,-0.4956374513,-0.1811258845,-0.1851246919,-0.07367152613,0.0002317008735,0.051980323,-0.1162425971,-0.1064537566,0.09595694856,0.03044292249,0.06157003611,0.00535634617,0.01848056998,-0.05609300871,-0.07711672516,0.01057122821,0.06609536826,0.008764090987,0.005887575697,0.005887575697,0.002637795173,0.001417322084,0.1285744177,0.1185826734,0.001812733984
0.07,0.588504826,-0.0735856918,0.08830479915,-0.01787712185,0.002637792114,0.999996521,0.0264142499,0.9996510828,0,0,1.414465986,1.647525726,-1.217191729,1.356959421,-0.3954825983,0.4139343585,0.4122684777,-1.336588119,1.544262345,1.357404002,1.677634162,-0.4964086185,-0.1810201722,-0.1844637382,-0.0737429471,0.0002319755466,0.05214905231,-0.1163766889,-0.106763075,0.09615790602,0.03049591531,0.06160182684,0.005352841555,0.01851258665,-0.05606685681,-0.07731791365,0.01053661652,0.06621766045,0.008762543347,0.005909897122,0.005909897122,0.002637795173,0.001417322084,0.1289230552,0.1185826734,0.001810416976
0.08,0.5893890072,-0.07376449404,0.08853607903,-0.01788345397,0.002637792114,0.999996521,0.0264142499,0.9996510828,0,0,1.413728556,1.647528046,-1.216670238,1.355795654,-0.396550229,0.4148959376,0.4125734369,-1.335972101,1.544315873,1.357589128,1.677073493,-0.4971817977,-0.180914806,-0.1838015616,-0.07382160178,0.0002322855259,0.05233420751,-0.116525899,-0.107099807,0.0963830846,0.0305608859,0.06163950083,0.005349442649,0.0185490075,-0.05603721503,-0.07754541459,0.01049779653,0.06636285696,0.008760994446,0.005932222966,0.005932222966,0.002637795173,0.001417322084,0.1293082303,0.1185826734,0.00180809722
0.09,0.5902756394,-0.07394336339,0.08879489453,-0.01789053998,0.002637792114,0.999996521,0.0264142499,0.9996510828,0,0,1.41299034,1.647530369,-1.216146896,1.354630395,-0.3976212271,0.4158597684,0.4128790457,-1.335355706,1.544369368,1.357774618,1.676513121,-0.4979572518,-0.1808098281,-0.183137933,-0.07390730566,0.0002326298472,0.05253537525,-0.1166898286,-0.1074632868,0.09663183358,0.03063747253,0.06168288537,0.005346142839,0.01858971031,-0.05600417952,-0.07779850635,0.01045488157,0.06653028409,0.008759444135,0.00595455446,0.00595455446,0.002637795173,0.001417322084,0.1297301533,0.1185826734,0.001805774365
0.1,0.5911649943,-0.07412230728,0.08908048609,-0.01789835908,0.002637792114,0.999996521,0.0264142499,0.9996510828,0,0,1.412251267,1.647532695,-1.215621542,1.353463497,-0.3986958599,0.4168260868,0.4131854204,-1.334738877,1.544422829,1.357960515,1.675953079,-0.4987352369,-0.1807052793,-0.1824726302,-0.07399987535,0.0002330075534,0.05275214459,-0.1168680818,-0.1078528516,0.09690350698,0.03072531696,0.06173180931,0.005342935641,0.01863457384,-0.05596784572,-0.07807647284,0.01040798412,0.06671927433,0.008757892269,0.005976892793,0.005976892793,0.002637795173,0.001417322084,0.1301890589,0.1185826734,0.001803448066
0.11,0.5920573359,-0.07430133295,0.08939209997,-0.01790689063,0.002637792114,0.999996521,0.0264142499,0.9996510828,0,0,1.411511268,1.647535025,-1.215094021,1.352294816,-0.3997743885,0.4177951218,0.4134926736,-1.334121559,1.544476259,1.358146861,1.675393401,-0.4995160016,-0.1806011994,-0.1818054374,-0.0740991286,0.0002334176953,0.05298410698,-0.1170602653,-0.1082678422,0.09719746356,0.03082406441,0.06178610308,0.005339814699,0.01868347782,-0.05592830829,-0.07837860355,0.01035721586,0.0669291663,0.008756338705,0.005999239112,0.005999239112,0.002637795173,0.001417322084,0.1306852051,0.1185826734,0.001801117991
0.12,0.5929529206,-0.0744804474,0.08972898823,-0.01791611417,0.002637792114,0.999996521,0.0264142499,0.9996510828,0,0,1.410770277,1.647537359,-1.21456418,1.351124213,-0.4008570669,0.4187670965,0.4138009143,-1.333503698,1.544529657,1.358333696,1.674834118,-0.5002997877,-0.1804976273,-0.1811361458,-0.07459608775,0.0002342006143,0.05364797658,-0.1172365646,-0.1089383355,0.09789999006,0.03059654018,0.06205453317,0.005381709577,0.01845561615,-0.05601144271,-0.07873899392,0.01091582376,0.0672845278,0.008754783306,0.006021594524,0.006021594524,0.002637795173,0.001417322084,0.1312188727,0.1185826734,0.001798783814
0.13,0.5938519974,-0.07465965747,0.09009040871,-0.01792600936,0.002637792114,0.999996521,0.0264142499,0.9996510828,0,0,1.410024316,1.647539701,-1.2140277,1.349951848,-0.4019464502,0.4197460964,0.4141068797,-1.332883152,1.544583474,1.358518252,1.674274003,-0.5010871776,-0.180388469,-0.1804633005,-0.07512034888,0.0002349663337,0.05434989251,-0.1174249232,-0.1096479706,0.09864464675,0.03036037095,0.06233876466,0.005426247752,0.01821693786,-0.05609833184,-0.07912357008,0.01150272008,0.06766585843,0.008753217663,0.006044077644,0.006044077644,0.002637795173,0.001417322084,0.131698676,0.1184566809,0.001796441808
0.14,0.5947548081,-0.07483896976,0.0904756251,-0.01793655605,0.002637792114,0.999996521,0.0264142499,0.9996510828,0,0,1.409273113,1.647542051,-1.213484201,1.348777598,-0.4030429299,0.4207325428,0.4144104834,-1.332259765,1.544637736,1.358700421,1.67371302,-0.5018784133,-0.1802734418,-0.1797866419,-0.07526567608,0.0002353059337,0.05466779893,-0.1177411339,-0.1101734809,0.09906521946,0.03045890366,0.06241916646,0.00542479883,0.01826867151,-0.05610222464,-0.07950360967,0.01148112889,0.06791522472,0.0087516412,0.006066696239,0.006066696239,0.002637795173,0.001417322084,0.1320649239,0.118198045,0.001794092144
0.15,0.5956615868,-0.07501839069,0.09088390685,-0.01794773423,0.002637792114,0.999996521,0.0264142499,0.9996510828,0,0,1.408520456,1.647544404,-1.212937523,1.347600187,-0.4041446647,0.421723195,0.4147150724,-1.331635573,1.544691984,1.358883108,1.673151998,-0.5026734494,-0.1801586305,-0.1791074897,-0.07559702228,0.0002351300021,0.05528625263,-0.1187238863,-0.1109736796,0.09996500584,0.03036152405,0.06257789668,0.005429426676,0.01827482059,-0.05650033571,-0.07998161994,0.01172910206,0.06802648941,0.008750061931,0.006089330673,0.006089330673,0.002637795173,0.001417322084,0.1323622102,0.1179382724,0.001791739085
0.16,0.5965725607,-0.07519792648,0.09131452925,-0.01795952408,0.002637792114,0.999996521,0.0264142499,0.9996510828,0,0,1.407764486,1.647546755,-1.212384661,1.346412948,-0.4052544015,0.4227228451,0.4150186877,-1.331009794,1.544746279,1.359065856,1.672586995,-0.5034732656,-0.1800413395,-0.1784272248,-0.07573206959,0.0002356907741,0.05559671308,-0.1189817086,-0.1115151603,0.1003664389,0.0305032152,0.06265834872,0.005427283534,0.01833956855,-0.05644759414,-0.08039395769,0.01166579518,0.06833158712,0.008748475875,0.006111996421,0.006111996421,0.002637795173,0.001417322084,0.1323622102,0.117677298,0.001789387785
0.17,0.5974879495,-0.07537758315,0.09176677336,-0.01797190589,0.002637792114,0.999996521,0.0264142499,0.9996510828,0,0,1.407007165,1.647549112,-1.211828693,1.345223131,-0.4063695531,0.4237265095,0.4153237198,-1.330383211,1.544800552,1.359249252,1.672022519,-0.5042772052,-0.1799246816,-0.1777439089,-0.07587293602,0.0002362785559,0.05592021615,-0.1192511855,-0.1120783619,0.1007866237,0.03065355743,0.06274328666,0.005425214752,0.01840752036,-0.05639227675,-0.0808263281,0.01159956697,0.06865379425,0.008746887252,0.006134677878,0.006134677878,0.002637795173,0.001417322084,0.1323622102,0.1174150588,0.001787030877
0.18,0.5984079658,-0.07555736651,0.09223992607,-0.01798486016,0.002637792114,0.999996521,0.0264142499,0.9996510828,0,0,1.406248436,1.647551475,-1.211269491,1.344030619,-0.4074903368,0.4247343757,0.4156302554,-1.329755778,1.544854804,1.359433327,1.671458596,-0.5050854684,-0.1798086859,-0.177057371,-0.07601944129,0.0002368924453,0.05625636547,-0.1195319433,-0.1126626484,0.1012249461,0.0308122243,0.06283254813,0.005423214202,0.01847856727,-0.05633447028,-0.08127805856,0.01153051236,0.06899248981,0.008745295944,0.006157375976,0.006157375976,0.002637795173,0.001417322084,0.1323622102,0.1171514939,0.001784668092
0.19,0.5993328153,-0.0757372822,0.09273328006,-0.0179983675,0.002637792114,0.999996521,0.0264142499,0.9996510828,0,0,1.405488241,1.647553844,-1.210706928,1.3428353,-0.4086169632,0.4257466252,0.4159383776,-1.329127452,1.544909036,1.359618113,1.670895251,-0.505898249,-0.1796933808,-0.1763674461,-0.07617140633,0.0002375315478,0.05660476709,-0.1198236112,-0.1132673873,0.1016807964,0.0309788928,0.06292597234,0.005421275876,0.01855260143,-0.05627426077,-0.08174848205,0.01145872558,0.06934705886,0.008743701835,0.006180091609,0.006180091609,0.002637795173,0.001417322084,0.1323622102,0.1168865444,0.001782299167
0.2,0.6002626964,-0.07591733564,0.09324613382,-0.01801240873,0.002637792114,0.999996521,0.0264142499,0.9996510828,0,0,1.404726527,1.647556219,-1.21014088,1.341637064,-0.4097496371,0.4267634331,0.4162481665,-1.328498193,1.544963249,1.359803639,1.670332509,-0.5067157339,-0.1795787935,-0.1756739755,-0.07632865323,0.0002381949759,0.05696502959,-0.120125821,-0.1138919495,0.1021535699,0.0311532433,0.06302340008,0.00541939389,0.01862951596,-0.05621173353,-0.08223693707,0.01138430013,0.06971689249,0.008742104815,0.006202825631,0.006202825631,0.002637795173,0.001417322084,0.1323622102,0.1166201534,0.001779923852
0.21,0.6011978007,-0.07609753209,0.09377779164,-0.01802696478,0.002637792114,0.999996521,0.0264142499,0.9996510828,0,0,1.403963241,1.647558601,-1.20957123,1.340435805,-0.4108885566,0.4277849688,0.416559699,-1.327867959,1.545017442,1.359989934,1.669770391,-0.5075381032,-0.1794649505,-0.1749768065,-0.0764910053,0.0002388818496,0.05733676398,-0.1204382076,-0.1145357094,0.1026426667,0.03133495959,0.0631246737,0.005417562477,0.01870920485,-0.05614697315,-0.08274276772,0.01130732877,0.07010138785,0.008740504775,0.006225578857,0.006225578857,0.002637795173,0.001417322084,0.1323622102,0.1163522662,0.001777541902
0.22,0.6021383126,-0.07627787659,0.09432756362,-0.01804201677,0.002637792114,0.999996521,0.0264142499,0.9996510828,0,0,1.403198331,1.64756099,-1.208997862,1.339231423,-0.4120339137,0.4288113955,0.4168730486,-1.327236712,1.545071618,1.360177026,1.669208921,-0.5083655309,-0.1793518772,-0.1742757927,-0.07665828708,0.0002395912963,0.05771958379,-0.1207604082,-0.1151980449,0.1031474915,0.0315237288,0.06322963711,0.005415775995,0.01879156305,-0.05608006351,-0.08326532367,0.01122790355,0.07049994808,0.008738901611,0.006248352065,0.006248352065,0.002637795173,0.001417322084,0.1323622102,0.1160828297,0.001775153084
0.23,0.60308441,-0.07645837401,0.09489476565,-0.01805754597,0.002637792114,0.999996521,0.0264142499,0.9996510828,0,0,1.402431748,1.647563386,-1.208420666,1.338023819,-0.4131858942,0.4298428704,0.4171882859,-1.326604415,1.545125776,1.360364942,1.668648121,-0.5091981841,-0.1792395982,-0.1735707932,-0.07683032428,0.0002403224508,0.05811310504,-0.1210920631,-0.1158783374,0.1036674541,0.03171924147,0.0633381358,0.005414028914,0.01887648641,-0.05601108774,-0.08380396011,0.01114611579,0.07091198236,0.008737295224,0.006271145996,0.006271145996,0.002637795173,0.001417322084,0.1323622102,0.1158117931,0.001772757171
0.24,0.6040362638,-0.07663902904,0.09547871943,-0.01807353382,0.002637792114,0.999996521,0.0264142499,0.9996510828,0,0,1.401663445,1.647565789,-1.207839535,1.336812899,-0.4143446775,0.430879545,0.4175054783,-1.325971034,1.545179916,1.360553706,1.66808801,-0.5100362237,-0.179128137,-0.1728616734,-0.07700694385,0.0002410744552,0.05851694626,-0.1214328153,-0.1165759717,0.1042019688,0.0319211915,0.06345001681,0.005412315828,0.01896387171,-0.05594012826,-0.08435803784,0.01106205609,0.07133690584,0.008735685516,0.006293961353,0.006293961353,0.002637795173,0.001417322084,0.1323622102,0.1155391075,0.001770353946
0.25,0.604994038,-0.07681984616,0.09607875248,-0.01808996189,0.002637792114,0.999996521,0.0264142499,0.9996510828,0,0,1.400893375,1.6475682,-1.207254366,1.33559857,-0.4155104373,0.4319215646,0.4178246902,-1.325336534,1.545234039,1.360743345,1.667528609,-0.5108798041,-0.1790175165,-0.1721483043,-0.07718797392,0.0002418464591,0.0589307285,-0.1217823103,-0.1172903363,0.1047504549,0.03212927614,0.06356512873,0.005410631445,0.01905361665,-0.05586726678,-0.0849269232,0.0109758143,0.07177413967,0.008734072396,0.006316798802,0.006316798802,0.002637795173,0.001417322084,0.1323622102,0.1152647258,0.001767943202
0.26,0.6059578902,-0.07700082968,0.09669419811,-0.01810681194,0.002637792114,0.999996521,0.0264142499,0.9996510828,0,0,1.400121495,1.647570618,-1.206665058,1.334380747,-0.4166833406,0.4329690692,0.418145983,-1.324700883,1.545288146,1.360933881,1.666969936,-0.5117290733,-0.1789077583,-0.1714305629,-0.07737324387,0.0002426376191,0.05935407533,-0.1221401967,-0.1180208232,0.1053123364,0.032343196,0.06368332172,0.00540897059,0.01914561986,-0.05579258427,-0.08550998808,0.01088747956,0.07222311099,0.008732455774,0.006339658975,0.006339658975,0.002637795173,0.001417322084,0.1323622102,0.1149886028,0.001765524737
0.27,0.6069279712,-0.07718198374,0.09732439542,-0.01812406586,0.002637792114,0.999996521,0.0264142499,0.9996510828,0,0,1.399347763,1.647573045,-1.206071518,1.333159345,-0.4178635488,0.4340221926,0.4184694149,-1.324064049,1.545342235,1.361125338,1.66641201,-0.5125841732,-0.1787988835,-0.1707083318,-0.07756258429,0.0002434470998,0.05978661285,-0.1225061257,-0.1187668281,0.105887042,0.03256265502,0.06380444749,0.005407328205,0.01923978087,-0.05571616098,-0.08610660995,0.01079714029,0.07268325289,0.008730835565,0.006362542467,0.006362542467,0.002637795173,0.001417322084,0.1323622102,0.1147106955,0.001763098361
0.28,0.6079044251,-0.07736331228,0.09796868934,-0.01814170574,0.002637792114,0.999996521,0.0264142499,0.9996510828,0,0,1.398572137,1.647575479,-1.205473652,1.331934284,-0.4190512171,0.435081063,0.4187950415,-1.323426005,1.545396309,1.361317735,1.665854849,-0.5134452393,-0.1786909121,-0.1699814993,-0.07781668276,0.0002445120084,0.06032522096,-0.1230914651,-0.1196162237,0.1066208845,0.0327194835,0.06395296064,0.005407219567,0.019320778,-0.05576405091,-0.08674019651,0.01079002873,0.07310391431,0.008729211686,0.006385449839,0.006385449839,0.002637795173,0.001417322084,0.1323622102,0.1144309624,0.00176066389
0.29,0.6088873898,-0.07754481908,0.09862643059,-0.01815971378,0.002637792114,0.999996521,0.0264142499,0.9996510828,0,0,1.39779397,1.647577924,-1.204870399,1.33070337,-0.4202473794,0.4361472718,0.4191222363,-1.322786475,1.545450381,1.361510943,1.665297208,-0.5143126413,-0.1785830118,-0.1692504601,-0.07820017719,0.0002460210259,0.06107360876,-0.1241197152,-0.1206636849,0.1076683468,0.0327409737,0.06415458018,0.005410180649,0.01937259366,-0.05606884273,-0.0874355,0.01095553814,0.0734314862,0.00872758279,0.006408385148,0.006408385148,0.002637795173,0.001417322084,0.1324416889,0.1141392049,0.00175821877
0.3,0.6098769964,-0.07772650773,0.09929697569,-0.01817807237,0.002637792114,0.999996521,0.0264142499,0.9996510828,0,0,1.397011968,1.647580385,-1.204259663,1.329462172,-0.4214540162,0.4372239553,0.419449646,-1.32214493,1.545504483,1.361704669,1.66473652,-0.5151869963,-0.1784734565,-0.1685161453,-0.07840915988,0.0002467886635,0.06154220545,-0.1245091918,-0.1214610764,0.1082861718,0.03296737289,0.06428730129,0.00540926357,0.01946770719,-0.05599010887,-0.08806965181,0.01087032172,0.07392311524,0.008725946175,0.006431355984,0.006431355984,0.002637795173,0.001417322084,0.1327895678,0.1138402057,0.001755758559
0.31,0.6108733698,-0.07790838164,0.09997968698,-0.01819676406,0.002637792114,0.999996521,0.0264142499,0.9996510828,0,0,1.396227877,1.647582852,-1.203644241,1.32821708,-0.422668627,0.438306817,0.4197793198,-1.321502056,1.545558575,1.361899346,1.664176619,-0.5160676928,-0.1783647532,-0.1677769141,-0.0795118644,0.0002484051564,0.06298944305,-0.1248329768,-0.1228716789,0.1097931672,0.03241710067,0.064882576,0.005507816355,0.01892937436,-0.05620030576,-0.08876038556,0.01215620166,0.07466921812,0.008724305483,0.006454353978,0.006454353978,0.002637795173,0.001417322084,0.1331808589,0.1135826781,0.001753290673
0.32,0.6118766286,-0.07809044406,0.1006739326,-0.01821577154,0.002637792114,0.999996521,0.0264142499,0.9996510828,0,0,1.395432758,1.647585337,-1.203014347,1.326968751,-0.4238973438,0.4394047487,0.4201034908,-1.320853231,1.545613653,1.36208864,1.663614615,-0.5169552967,-0.1782431912,-0.1670302219,-0.07972714497,0.0002492996544,0.06347505557,-0.1252362963,-0.1236992258,0.1104319572,0.03265075541,0.06501915933,0.005507004806,0.01902858676,-0.0561187476,-0.08941547311,0.01206584455,0.07517768598,0.008722641877,0.006477636174,0.006477636174,0.002637795173,0.001417322084,0.133764351,0.1135826781,0.001750806621
0.33,0.6128868849,-0.07827269807,0.1013790864,-0.01823507767,0.002637792114,0.999996521,0.0264142499,0.9996510828,0,0,1.394635487,1.64758783,-1.202379596,1.325716388,-0.425134336,0.4405090683,0.4204299983,-1.320203039,1.545668723,1.362278926,1.663053428,-0.5178494514,-0.1781225328,-0.1662784451,-0.07994562322,0.0002502076995,0.06396784442,-0.1256456535,-0.1245389111,0.1110803674,0.03288811391,0.06515786427,0.005506195741,0.01912930805,-0.05603595185,-0.09008049831,0.01197413399,0.07569406173,0.008720974084,0.006500946585,0.006500946585,0.002637795173,0.001417322084,0.1343077055,0.1135826781,0.001748313625
0.34,0.6139042446,-0.07845514655,0.1020945283,-0.01825466547,0.002637792114,0.999996521,0.0264142499,0.9996510828,0,0,1.393836031,1.647590332,-1.201739918,1.324459931,-0.4263797251,0.4416198719,0.4207588795,-1.31955146,1.545723785,1.362470219,1.662493068,-0.5187502564,-0.1780027914,-0.1655215045,-0.08016713291,0.0002511285024,0.06446744852,-0.1260607191,-0.1253901536,0.1117378548,0.03312890764,0.06529855026,0.005505384293,0.0192314483,-0.05595199136,-0.09075487699,0.01188114404,0.07621781849,0.008719302041,0.006524285598,0.006524285598,0.002637795173,0.001417322084,0.1348104411,0.1135826781,0.001745811548
0.35,0.6149288077,-0.07863779226,0.1028196437,-0.01827451813,0.002637792114,0.999996521,0.0264142499,0.9996510828,0,0,1.393034359,1.647592843,-1.201095243,1.323199324,-0.4276336267,0.4427372505,0.4210901685,-1.318898475,1.545778839,1.362662533,1.661933549,-0.5196578052,-0.17788398,-0.1647593263,-0.08039150908,0.0002520612815,0.06497350931,-0.1264811668,-0.1262523762,0.1124038812,0.03337287137,0.06544107832,0.00550456571,0.01933491847,-0.05586693831,-0.09143803056,0.01178694812,0.07674843526,0.008717625688,0.006547653569,0.006547653569,0.002637795173,0.001417322084,0.1352720639,0.1135826781,0.001743300263
0.36,0.6159606677,-0.07882063774,0.103553824,-0.01829461896,0.002637792114,0.999996521,0.0264142499,0.9996510828,0,0,1.392230444,1.647595363,-1.200445508,1.321934512,-0.4288961504,0.4438612893,0.4214238973,-1.318244064,1.545833885,1.362855882,1.661374879,-0.5205721855,-0.1777661105,-0.1639918419,-0.08061858804,0.0002530052623,0.06548567084,-0.126906673,-0.1271250052,0.113077913,0.03361974317,0.06558531102,0.005503735354,0.01943963039,-0.05578086416,-0.09212938599,0.01169161902,0.07728539699,0.008715944969,0.00657105082,0.00657105082,0.002637795173,0.001417322084,0.1356920684,0.1135826781,0.00174077965
0.37,0.6169999123,-0.07900368541,0.1042964663,-0.01831495148,0.002637792114,0.999996521,0.0264142499,0.9996510828,0,0,1.391424258,1.647597894,-1.199790651,1.320665446,-0.4301674005,0.4449920684,0.4217600947,-1.317588211,1.545888922,1.363050279,1.660817071,-0.5214934793,-0.1776491943,-0.1632189879,-0.08084820737,0.0002539596781,0.06600357971,-0.1273369168,-0.1280074705,0.1137594216,0.03386926439,0.06573111252,0.005502888702,0.01954549676,-0.05569383971,-0.09282837582,0.01159522891,0.07782819453,0.008714259831,0.006594477641,0.006594477641,0.002637795173,0.001417322084,0.1360699384,0.1135826781,0.001738249597
0.38,0.6180466232,-0.07918693749,0.1050469736,-0.01833549933,0.002637792114,0.999996521,0.0264142499,0.9996510828,0,0,1.390615776,1.647600433,-1.199130616,1.319392076,-0.4314474752,0.4461296626,0.4220987873,-1.3169309,1.545943951,1.363245734,1.660260132,-0.5224217631,-0.177533242,-0.162440706,-0.08108020593,0.0002549237692,0.06652688511,-0.1277715801,-0.1288992058,0.1144478834,0.03412117966,0.06587834854,0.005502021342,0.01965243115,-0.05560593503,-0.09353443817,0.01149784934,0.07837632462,0.008712570226,0.00661793429,0.00661793429,0.002637795173,0.001417322084,0.136405147,0.1135826781,0.00173571
0.39,0.6191008761,-0.07937039606,0.1058047547,-0.01835624632,0.002637792114,0.999996521,0.0264142499,0.9996510828,0,0,1.389804974,1.647602982,-1.198465347,1.318114361,-0.4327364672,0.4472741415,0.4224399991,-1.316272116,1.545998971,1.363442258,1.659704073,-0.5233571075,-0.1774182636,-0.1616569428,-0.08131442385,0.0002558967836,0.0670552388,-0.1282103475,-0.1297996485,0.1151427794,0.03437523688,0.06602688634,0.005501128978,0.01976034801,-0.05551721951,-0.09424701671,0.01139955123,0.07892928991,0.008710876108,0.006641420994,0.006641420994,0.002637795173,0.001417322084,0.136697158,0.1135826781,0.001733160763
0.4,0.6201627406,-0.07955406303,0.1065692241,-0.01837717643,0.002637792114,0.999996521,0.0264142499,0.9996510828,0,0,1.38899183,1.647605541,-1.197794794,1.316832257,-0.4340344637,0.4484255693,0.4227837515,-1.315611848,1.546053983,1.363639862,1.659148901,-0.5242995776,-0.177304268,-0.1608676499,-0.08155070256,0.0002568779766,0.06758829516,-0.1286529065,-0.1307082394,0.1158435957,0.03463118722,0.06617659477,0.005500207423,0.01986916267,-0.05542776183,-0.09496556068,0.01130040484,0.07948659892,0.008709177433,0.006664937946,0.006664937946,0.002637795173,0.001417322084,0.1369454264,0.1135826781,0.001730601795
0.41,0.6212322809,-0.07973794015,0.1073398022,-0.01839827379,0.002637792114,0.999996521,0.0264142499,0.9996510828,0,0,1.388176323,1.64760811,-1.197118911,1.315545728,-0.4353415461,0.4495840052,0.4231300634,-1.314950082,1.546108985,1.363838553,1.658594623,-0.5252492332,-0.177191264,-0.1600727839,-0.08178888474,0.0002578666111,0.06812571113,-0.1290989475,-0.1316244232,0.1165498232,0.03488878512,0.06632734421,0.005499252605,0.01997879132,-0.05533762999,-0.09568952489,0.01120047986,0.08004776607,0.008707474164,0.006688485311,0.006688485311,0.002637795173,0.001417322084,0.1371493986,0.1135826781,0.001728033015
0.42,0.6223095551,-0.07992202901,0.1081159151,-0.01841952268,0.002637792114,0.999996521,0.0264142499,0.9996510828,0,0,1.387358434,1.647610689,-1.196437654,1.314254739,-0.4366577904,0.4507495034,0.4234789512,-1.314286808,1.546163977,1.364038341,1.658041247,-0.5262061285,-0.1770792592,-0.1592723062,-0.08218456194,0.0002590050068,0.06891933208,-0.1300673054,-0.1327863424,0.1176174583,0.03497826678,0.06654100685,0.005502823794,0.02005337312,-0.05555030104,-0.09647544906,0.01130031586,0.08049096196,0.008705766265,0.006712063224,0.006712063224,0.002637795173,0.001417322084,0.137308514,0.1135826781,0.001725454349
0.43,0.6233946158,-0.08010633105,0.1088969949,-0.01844090756,0.002637792114,0.999996521,0.0264142499,0.9996510828,0,0,1.386536588,1.647613279,-1.195748461,1.312954066,-0.4379856538,0.451925678,0.4238287339,-1.313621398,1.546219006,1.364238875,1.657485744,-0.527170883,-0.176966256,-0.1584673966,-0.08254147427,0.0002600246835,0.06965222614,-0.1309020735,-0.1338947214,0.1185954833,0.03511235367,0.06673895779,0.005505146026,0.02013824795,-0.05568168572,-0.09725074126,0.0113458278,0.08096882517,0.008704050425,0.006735683628,0.006735683628,0.002637795173,0.001629984227,0.1373622054,0.1135826781,0.001722864299
0.44,0.6244875097,-0.08029084756,0.1096824793,-0.01846241303,0.002637792114,0.999996521,0.0264142499,0.9996510828,0,0,1.385711174,1.647615879,-1.195051939,1.311645045,-0.439324601,0.4531116329,0.4241798574,-1.312954009,1.546274057,1.364440257,1.656928927,-0.5281433904,-0.1768527978,-0.1576577083,-0.08278586514,0.0002609202427,0.07020420637,-0.1313590065,-0.1348349095,0.1193161062,0.03537127252,0.06689208259,0.005504077335,0.02024997464,-0.05558999089,-0.09798803341,0.01124359181,0.0815380065,0.008702327461,0.006759343519,0.006759343519,0.002637795173,0.001999017305,0.1373622054,0.1135826781,0.001720264052
0.45,0.6255882782,-0.08047557967,0.1104718119,-0.01848402386,0.002637792114,0.999996521,0.0264142499,0.9996510828,0,0,1.384883315,1.647618488,-1.194349897,1.310331455,-0.4406729501,0.4543047939,0.4245335702,-1.312285088,1.546329098,1.364642757,1.656373027,-0.5291232707,-0.1767403618,-0.1568423283,-0.08303155854,0.0002618189757,0.07075924015,-0.1318182304,-0.1357805593,0.1200401612,0.03563086459,0.0670457447,0.005502960234,0.0203621913,-0.05549788274,-0.09872862327,0.01114084144,0.08210915537,0.008700599743,0.006783034275,0.006783034275,0.002637795173,0.002368481572,0.1373622054,0.1135826781,0.00171765485
0.46,0.6266969569,-0.08066052834,0.1112644421,-0.01850572498,0.002637792114,0.999996521,0.0264142499,0.9996510828,0,0,1.384052999,1.647621106,-1.193642304,1.309013272,-0.4420307557,0.4555051955,0.4248898788,-1.31161463,1.546384127,1.364846379,1.655818048,-0.5301105569,-0.1766289534,-0.1560212367,-0.08327840348,0.0002627201724,0.07131699744,-0.1322794485,-0.1367311342,0.1207671631,0.03589090061,0.06719982219,0.005501791193,0.02047481857,-0.05540542531,-0.09947199341,0.01103764285,0.08268181559,0.008698867248,0.006806755914,0.006806755914,0.002637795173,0.002738378983,0.1373622054,0.1135826781,0.00171503666
0.47,0.6278135762,-0.08084569442,0.1120598251,-0.01852750146,0.002637792114,0.999996521,0.0264142499,0.9996510828,0,0,1.383220215,1.647623734,-1.192929134,1.307690478,-0.443398067,0.4567128672,0.4252487878,-1.310942632,1.546439145,1.365051127,1.655263994,-0.5311052769,-0.176518577,-0.1551944186,-0.08409272039,0.0002642206395,0.07250974587,-0.1326928244,-0.1381151671,0.1220538899,0.03564517364,0.0676381993,0.005561235265,0.02018564615,-0.05550001236,-0.1002253816,0.01179176915,0.08338691636,0.008697129956,0.006830508427,0.006830508427,0.002637795173,0.003108711195,0.1373622054,0.1135826781,0.001712409458
0.48,0.6289381608,-0.08103107857,0.1128574218,-0.01854933855,0.002637792114,0.999996521,0.0264142499,0.9996510828,0,0,1.382379288,1.647626376,-1.192204037,1.30636355,-0.4447792187,0.4579334061,0.4256052395,-1.31026625,1.546494758,1.365252984,1.654708994,-0.5321075307,-0.1764006593,-0.1543605494,-0.08481124766,0.0002657086073,0.07359881024,-0.133116723,-0.1394342116,0.1232480764,0.03548420742,0.06802772168,0.005610311536,0.01996573839,-0.05556244729,-0.1009786262,0.01239793117,0.08406986109,0.008695375949,0.006854445583,0.006854445583,0.002637795173,0.003479479567,0.1374353846,0.1135826781,0.001709767252
0.49,0.6300707302,-0.08121668134,0.1136566991,-0.01857122165,0.002637792114,0.999996521,0.0264142499,0.9996510828,0,0,1.381531176,1.647629033,-1.191468049,1.305032382,-0.4461735608,0.4591658868,0.4259600816,-1.309585973,1.546550861,1.365452641,1.654153369,-0.533117317,-0.17627668,-0.1535198508,-0.08506854936,0.0002667365861,0.07417442913,-0.1335823442,-0.1404080319,0.1239895275,0.03573514882,0.06818553365,0.005609865954,0.02007405231,-0.05547197046,-0.1017266352,0.01230401595,0.08464574032,0.008693607258,0.006878541083,0.006878541083,0.002637795173,0.003850685165,0.1376064617,0.1135826781,0.001707110166
0.5,0.6312112986,-0.08140250311,0.1144571295,-0.01859313632,0.002637792114,0.999996521,0.0264142499,0.9996510828,0,0,1.38068049,1.6476317,-1.190726304,1.303696559,-0.4475776411,0.4604057821,0.4263174331,-1.308904118,1.546606959,1.365653381,1.65359865,-0.5341345833,-0.1761536398,-0.1526733934,-0.08532642683,0.000267765711,0.07475152931,-0.1340488111,-0.1413847496,0.1247320569,0.03598561088,0.06834328711,0.005609357692,0.02018246368,-0.05538139924,-0.1024754012,0.01220991294,0.08522136228,0.00869183358,0.006902669416,0.006902669416,0.002637795173,0.004222328765,0.1378270728,0.1135826781,0.0017044428
0.51,0.6323598749,-0.08158854412,0.1152581915,-0.01861506829,0.002637792114,0.999996521,0.0264142499,0.9996510828,0,0,1.379827226,1.647634378,-1.189978789,1.302356071,-0.4489914886,0.4616531027,0.4266772892,-1.308220685,1.546663053,1.365855206,1.653044836,-0.5351593373,-0.1760315407,-0.1518211798,-0.08558473082,0.0002687953156,0.0753297886,-0.1345158416,-0.1423638437,0.1254751992,0.03623538467,0.06850086543,0.005608783255,0.02029090084,-0.05529079267,-0.1032244343,0.01211567799,0.08579629879,0.008690054908,0.006926830467,0.006926830467,0.002637795173,0.004594410855,0.1380978164,0.1135826781,0.001701765143
0.52,0.6335164629,-0.08177480449,0.1160593693,-0.01863700342,0.002637792114,0.999996521,0.0264142499,0.9996510828,0,0,1.378971379,1.647637066,-1.189225491,1.301010913,-0.4504151271,0.4629078547,0.4270396431,-1.307535676,1.546719141,1.366058115,1.652491928,-0.5361915817,-0.1759103839,-0.1509632168,-0.08584331341,0.0002698247407,0.0759088875,-0.1349831563,-0.1433447967,0.1262184938,0.03648426445,0.0686581536,0.005608139257,0.02039929298,-0.05520020916,-0.1039732505,0.01202136641,0.0863701275,0.008688271239,0.006951024096,0.006951024096,0.002637795173,0.004966931639,0.1384192922,0.1135826781,0.00169907719
0.53,0.634681061,-0.08196128416,0.1168601529,-0.01865892776,0.002637792114,0.999996521,0.0264142499,0.9996510828,0,0,1.378112945,1.647639764,-1.188466402,1.299661081,-0.451848575,0.4641700396,0.4274044857,-1.306849094,1.546775222,1.366262108,1.651939926,-0.5372313142,-0.1757901703,-0.1500995155,-0.08610202802,0.0002708533345,0.07648850915,-0.1354504788,-0.144327095,0.1269614851,0.03673204768,0.06881503815,0.00560742242,0.02050757008,-0.05510970643,-0.1047213712,0.01192703297,0.08694243185,0.00868648257,0.006975250135,0.006975250135,0.002637795173,0.005339891042,0.1387921,0.1135826781,0.001696378942
0.54,0.6358536629,-0.08214798296,0.1176600382,-0.01868082751,0.002637792114,0.999996521,0.0264142499,0.9996510828,0,0,1.377251925,1.647642473,-1.187701517,1.298306576,-0.453291846,0.4654396545,0.4277718062,-1.306160944,1.546831296,1.366467184,1.651388828,-0.5382785279,-0.1756708999,-0.1492300912,-0.08636072942,0.000271880453,0.07706833936,-0.1359175355,-0.1453102286,0.1277037225,0.03697853503,0.06897140717,0.005606629576,0.02061566299,-0.05501934154,-0.1054683232,0.01183273194,0.08751280109,0.008684688904,0.006999508391,0.006999508391,0.002637795173,0.005713288708,0.1392168394,0.1135826781,0.001693670409
0.55,0.6370342571,-0.08233490058,0.1184585266,-0.01870268901,0.002637792114,0.999996521,0.0264142499,0.9996510828,0,0,1.376388318,1.647645192,-1.186930834,1.296947401,-0.4547449483,0.4667166917,0.4281415915,-1.30547123,1.546887363,1.36667334,1.650838635,-0.5393332111,-0.1755525726,-0.1483549632,-0.08665413979,0.0002730559886,0.0777053369,-0.1364955236,-0.1463497414,0.1285204669,0.03718630575,0.06914081055,0.005606598295,0.0207161024,-0.05499271505,-0.1062254449,0.01177974268,0.08805512334,0.008682890246,0.007023798646,0.007023798646,0.002637795173,0.00608712401,0.139694109,0.1135826781,0.001690951604
0.56,0.6382228272,-0.08252203657,0.1192551257,-0.01872449879,0.002637792114,0.999996521,0.0264142499,0.9996510828,0,0,1.375521776,1.647647922,-1.186153781,1.295582446,-0.4562084457,0.4680018963,0.4285134546,-1.304779822,1.546943429,1.366880501,1.650288708,-0.5403954656,-0.1754347752,-0.1474744119,-0.08717476926,0.0002751390673,0.07871634471,-0.1377982896,-0.1477563373,0.1298281725,0.0371492125,0.06939829731,0.005611950719,0.02076816961,-0.05537922562,-0.1070573313,0.01199445215,0.08842728745,0.00868108588,0.007048122844,0.007048122844,0.002637795173,0.006417322904,0.1402185597,0.1135826781,0.001688221044
0.57,0.6394193517,-0.08270939034,0.1200493487,-0.01874624351,0.002637792114,0.999996521,0.0264142499,0.9996510828,0,0,1.374650029,1.647650673,-1.185366617,1.294204463,-0.4576860091,0.4693001781,0.4288849467,-1.304085839,1.546999548,1.367088183,1.649734916,-0.5414660389,-0.1753148307,-0.1465901391,-0.08743439851,0.000276035958,0.07929921111,-0.1382655142,-0.1487446026,0.130566887,0.03738821273,0.0695525986,0.005610920209,0.02087535376,-0.05528974189,-0.1077982966,0.01190009467,0.08898869755,0.008679271096,0.00707249499,0.00707249499,0.002637795173,0.006417322904,0.1406947048,0.1135826781,0.001685469654
0.58,0.6406238046,-0.08289696118,0.1208407146,-0.01876791001,0.002637792114,0.999996521,0.0264142499,0.9996510828,0,0,1.373775685,1.647653434,-1.184573625,1.292821808,-0.4591734551,0.4706058469,0.4292588288,-1.303390313,1.547055657,1.367296937,1.649182018,-0.5425440218,-0.1751958297,-0.1457002521,-0.08769346291,0.000276927438,0.07988109669,-0.1387314189,-0.1497317591,0.1313030986,0.03762512899,0.06970595189,0.005609802067,0.020982087,-0.05520060941,-0.1085362584,0.01180596951,0.08954658265,0.008677451308,0.007096898411,0.007096898411,0.002637795173,0.006417322904,0.1411215121,0.1135826781,0.001682709294
0.59,0.6418361549,-0.08308474824,0.1216287483,-0.01878948528,0.002637792114,0.999996521,0.0264142499,0.9996510828,0,0,1.37289875,1.647656203,-1.183774814,1.291434493,-0.4606707727,0.4719188779,0.4296350801,-1.302693253,1.547111755,1.367506758,1.648630012,-0.5436293844,-0.17507777,-0.1448047863,-0.08795182375,0.0002778129051,0.08046170018,-0.1391957433,-0.1507173155,0.1320363807,0.03785977807,0.06985825302,0.005608593656,0.02108830436,-0.05511188153,-0.1092707715,0.01171212803,0.09010056106,0.008675626532,0.007121332789,0.007121332789,0.002637795173,0.006417322904,0.1414983733,0.1135826781,0.00167994002
0.6,0.6430563669,-0.08327275054,0.1224129803,-0.01881095646,0.002637792114,0.999996521,0.0264142499,0.9996510828,0,0,1.372019232,1.647658981,-1.182970197,1.290042536,-0.4621779458,0.4732392417,0.4300136779,-1.301994671,1.547167841,1.367717641,1.648078893,-0.5447220921,-0.1749606487,-0.1439037806,-0.08820934362,0.0002786917663,0.08104072298,-0.1396582298,-0.1517007845,0.1327663118,0.03809197998,0.07000939937,0.005607292443,0.02119394164,-0.05502361099,-0.1100013962,0.01161862111,0.09065025683,0.008673796787,0.007145797785,0.007145797785,0.002637795173,0.006417322904,0.1418246812,0.1135826781,0.001677161891
0.61,0.6442844003,-0.08346096698,0.1231929472,-0.01883231087,0.002637792114,0.999996521,0.0264142499,0.9996510828,0,0,1.371137139,1.647661768,-1.18215979,1.288645954,-0.4636949537,0.4745669049,0.4303945977,-1.301294577,1.547223914,1.36792958,1.647528657,-0.5458221061,-0.1748444625,-0.1429972781,-0.0884658865,0.0002795634375,0.08161786915,-0.1401186234,-0.1526816827,0.1334924753,0.03832155784,0.07015928987,0.005605896002,0.02129893551,-0.05493584983,-0.1107276983,0.01152549906,0.09119529975,0.008671962096,0.007170293033,0.007170293033,0.002637795173,0.006417322904,0.14209983,0.1135826781,0.001674374973
0.62,0.6455202101,-0.08364939632,0.1239681912,-0.01885353598,0.002637792114,0.999996521,0.0264142499,0.9996510828,0,0,1.37025248,1.647664564,-1.181343611,1.287244767,-0.4652217705,0.4759018296,0.4307778133,-1.300592984,1.547279973,1.368142569,1.646979299,-0.5469293831,-0.1747292075,-0.1420853251,-0.08964224434,0.0002814671648,0.0832438068,-0.1404915217,-0.1544372055,0.1351172417,0.03770805448,0.07075475638,0.005699903182,0.02075372772,-0.05515552006,-0.1114306373,0.012800461,0.09191102853,0.008670122484,0.007194818148,0.007194818148,0.002637795173,0.006417322904,0.1423232163,0.1135826781,0.001671579339
0.63,0.6467637469,-0.08383803722,0.1247382604,-0.0188746194,0.002637792114,0.999996521,0.0264142499,0.9996510828,0,0,1.369356057,1.647667378,-1.180511173,1.285839852,-0.4667661426,0.477253002,0.4311548938,-1.299885436,1.547336972,1.368350107,1.646427743,-0.5480436895,-0.1746012029,-0.1411662148,-0.09013806102,0.0002827106328,0.08409522992,-0.1409256142,-0.1556218238,0.1360722153,0.03770908753,0.07101835931,0.005723306785,0.02068747441,-0.05514948581,-0.1121413901,0.01306534201,0.09249137896,0.008668258696,0.007219611214,0.007219611214,0.002637795173,0.006417322904,0.1423622007,0.1135826781,0.001668764667
0.64,0.6480149566,-0.0840268882,0.1255027085,-0.01889554893,0.002637792114,0.999996521,0.0264142499,0.9996510828,0,0,1.368454677,1.647670206,-1.179670221,1.284430596,-0.4683223608,0.4786137242,0.4315319847,-1.299175253,1.547394205,1.368556981,1.645876249,-0.5491651034,-0.1744705495,-0.140241301,-0.09039859221,0.0002836954011,0.08467736089,-0.1413786155,-0.1566056974,0.1367929887,0.03792012394,0.07116680287,0.005722344462,0.02078543912,-0.05506617511,-0.1128511864,0.01298316483,0.09302132336,0.008666385004,0.007244495542,0.007244495542,0.002637795173,0.006417322904,0.1423622007,0.1135826781,0.001665937561
0.65,0.6492737808,-0.08421594765,0.1262610952,-0.0189163125,0.002637792114,0.999996521,0.0264142499,0.9996510828,0,0,1.367550691,1.647673043,-1.178823447,1.28301681,-0.4698884178,0.4799816541,0.4319111859,-1.298463585,1.547451429,1.368764836,1.645325587,-0.5502936152,-0.1743407179,-0.1393110878,-0.09065756443,0.0002846720488,0.08525643762,-0.1418285494,-0.1575851367,0.1375083355,0.03812787966,0.07131356801,0.005721272192,0.02088255915,-0.05498355877,-0.1135549711,0.01290147128,0.09354517678,0.008664506341,0.007269410064,0.007269410064,0.002637795173,0.006417322904,0.1423622007,0.1135826781,0.001663100607
0.66,0.6505401568,-0.08440521385,0.1270129861,-0.01893689823,0.002637792114,0.999996521,0.0264142499,0.9996510828,0,0,1.366644115,1.647675889,-1.177970883,1.281598524,-0.4714642691,0.4813567374,0.4322924647,-1.297750449,1.547508642,1.368973661,1.644775751,-0.5514291649,-0.1742117031,-0.138375636,-0.09091484434,0.0002856400177,0.08583217268,-0.1422751752,-0.1585596737,0.1382178596,0.0383321975,0.07145855948,0.005720087648,0.02097877808,-0.05490168421,-0.1142523381,0.01282030322,0.09406259686,0.008662622746,0.00729435429,0.00729435429,0.002637795173,0.006417322904,0.1423622007,0.1135826781,0.001660253886
0.67,0.6518140175,-0.08459468498,0.1277579524,-0.01895729437,0.002637792114,0.999996521,0.0264142499,0.9996510828,0,0,1.365734967,1.647678746,-1.177112561,1.280175773,-0.4730498659,0.482738916,0.4326757867,-1.297035864,1.547565842,1.369183449,1.644226734,-0.5525716883,-0.1740835001,-0.13743501,-0.09117030006,0.0002865987571,0.08640428143,-0.1427182553,-0.1595288442,0.13892117,0.03853292338,0.07160168365,0.005718788607,0.02107404025,-0.05482059817,-0.1149428867,0.01273970206,0.09457324695,0.008660734257,0.007319327709,0.007319327709,0.002637795173,0.006417322904,0.1423622007,0.1135826781,0.001657397486
0.68,0.6530952914,-0.08478435907,0.1284955711,-0.01897748935,0.002637792114,0.999996521,0.0264142499,0.9996510828,0,0,1.364823264,1.647681612,-1.176248518,1.27874859,-0.4746451543,0.4841281277,0.433061116,-1.296319847,1.54762303,1.36939419,1.643678528,-0.5537211172,-0.1739561031,-0.1364892776,-0.0914238011,0.0002875477237,0.08697248193,-0.1431575547,-0.1604921882,0.1396178808,0.0387299063,0.07174284844,0.005717372954,0.02116829081,-0.05474034679,-0.1156262218,0.01265970878,0.09507679607,0.008658840918,0.007344329787,0.007344329787,0.002637795173,0.006417322904,0.1423622007,0.1135826781,0.001654531498
0.69,0.654383903,-0.08497423406,0.1292254251,-0.01899747174,0.002637792114,0.999996521,0.0264142499,0.9996510828,0,0,1.363909026,1.647684487,-1.175378793,1.277317015,-0.4762500762,0.4855243065,0.433448415,-1.295602418,1.547680204,1.369605872,1.643131125,-0.5548773794,-0.173829506,-0.1355385096,-0.09195678537,0.0002900533427,0.08800883066,-0.1444568731,-0.1619275679,0.1408875354,0.03862518963,0.07199008361,0.005722551277,0.02120741551,-0.05514059224,-0.1163903708,0.01288451522,0.09537665416,0.008656942775,0.007369359971,0.007369359971,0.002637795173,0.006417322904,0.1423622007,0.1135826781,0.001651656021
0.7,0.6556797726,-0.08516430776,0.1299471031,-0.01901723028,0.002637792114,0.999996521,0.0264142499,0.9996510828,0,0,1.362989458,1.647687388,-1.174498705,1.275872446,-0.4778693519,0.4869331819,0.4338346669,-1.294882517,1.54773743,1.369817947,1.642579719,-0.5560412831,-0.1737006609,-0.1345847431,-0.09225212288,0.0002912287606,0.08864743217,-0.1450259588,-0.162959312,0.1416623637,0.03876488531,0.07214414375,0.005722083362,0.02129093928,-0.05513729931,-0.1170722761,0.01285301858,0.0958335459,0.008655034081,0.007394436191,0.007394436191,0.002637795173,0.006417322904,0.1425487454,0.1135826781,0.001648755488
0.71,0.6569828165,-0.08535457788,0.1306601997,-0.01903675387,0.002637792114,0.999996521,0.0264142499,0.9996510828,0,0,1.362066936,1.6476903,-1.173612231,1.274422186,-0.479498945,0.4883498055,0.4342223158,-1.294161076,1.54779465,1.370030856,1.642028346,-0.5572120059,-0.1735721307,-0.1336264076,-0.09250110043,0.000292147075,0.08920758541,-0.1454551955,-0.1639093413,0.142338583,0.03894691825,0.07227902115,0.005720450813,0.02138176977,-0.0550597052,-0.1177319653,0.01277447574,0.09631311883,0.008653119736,0.007419542725,0.007419542725,0.002637795173,0.006417322904,0.1428177111,0.1135826781,0.0016458432
0.72,0.6582929467,-0.08554504202,0.1313643149,-0.01905603157,0.002637792114,0.999996521,0.0264142499,0.9996510828,0,0,1.361141925,1.647693221,-1.172720155,1.272967634,-0.4811380384,0.4897731913,0.4346117849,-1.293438286,1.547851855,1.370244674,1.641477749,-0.5583893255,-0.1734443859,-0.1326632764,-0.09274762818,0.0002930534949,0.0897627687,-0.1458797426,-0.1648517963,0.1430067083,0.03912461585,0.07241158477,0.00571869542,0.02147137782,-0.05498311,-0.1183829168,0.01269668638,0.09678432177,0.008651200697,0.007444676096,0.007444676096,0.002637795173,0.006417322904,0.1431442191,0.1135826781,0.001642921729
0.73,0.6596100715,-0.08573569766,0.1320590551,-0.01907505259,0.002637792114,0.999996521,0.0264142499,0.9996510828,0,0,1.360214449,1.647696152,-1.171822527,1.271508837,-0.4827865564,0.4912032584,0.4350030311,-1.29271417,1.547909042,1.370459387,1.640927918,-0.5595731547,-0.173317419,-0.1316954332,-0.09299158235,0.0002939475136,0.09031271305,-0.1462993784,-0.1657862358,0.1436663782,0.03929784296,0.07254175026,0.005716815558,0.02155971251,-0.05490755641,-0.1190247632,0.01261968921,0.09724685224,0.008649277023,0.007469835677,0.007469835677,0.002637795173,0.006417322904,0.1435288091,0.1135826781,0.001639991195
0.74,0.6609340952,-0.08592654218,0.132744032,-0.01909380631,0.002637792114,0.999996521,0.0264142499,0.9996510828,0,0,1.359284533,1.647699091,-1.1709194,1.270045843,-0.4844444187,0.4926399222,0.4353960095,-1.291988752,1.54796621,1.370674985,1.640378842,-0.5607634023,-0.1731912222,-0.1307229647,-0.09323284059,0.000294828632,0.09085715226,-0.1467138843,-0.1667122227,0.1443172362,0.03946646752,0.0726694348,0.005714809703,0.02164672369,-0.05483308653,-0.1196571428,0.01254352249,0.09770041338,0.00864734877,0.007495020824,0.007495020824,0.002637795173,0.006417322904,0.1439720116,0.1135826781,0.001637051719
0.75,0.6622649183,-0.08611757286,0.1334188633,-0.01911228225,0.002637792114,0.999996521,0.0264142499,0.9996510828,0,0,1.358352205,1.64770204,-1.170010829,1.268578704,-0.486111541,0.4940830946,0.4357906742,-1.291262058,1.548023358,1.370891452,1.639830512,-0.5619599738,-0.1730657869,-0.1297459605,-0.09382709319,0.0002958190644,0.09181118106,-0.1470878121,-0.1679610245,0.1453064367,0.03929844524,0.0729616657,0.005747699634,0.02148309128,-0.05487950236,-0.1202600297,0.01298528298,0.09819763829,0.008645415999,0.007520230873,0.007520230873,0.002637795173,0.006417322904,0.1444743472,0.1135826781,0.001634103433
0.76,0.6636024374,-0.08630878686,0.1340831726,-0.01913047012,0.002637792114,0.999996521,0.0264142499,0.9996510828,0,0,1.357413934,1.647704998,-1.169092717,1.267107826,-0.4877911512,0.4955361589,0.4361836587,-1.290532441,1.548080835,1.371106283,1.639281716,-0.5631625741,-0.1729359341,-0.1287639842,-0.09497585535,0.0002968976467,0.09341260273,-0.1474017651,-0.1697254914,0.1468310483,0.03860375975,0.07351240614,0.005835269315,0.02092812882,-0.05511467981,-0.1208214667,0.0142363847,0.09876794805,0.008643471328,0.007545550764,0.007545550764,0.002637795173,0.006417322904,0.1450312465,0.1135826781,0.001631145242
0.77,0.6649465455,-0.08650018127,0.1347365892,-0.01914835975,0.002637792114,0.999996521,0.0264142499,0.9996510828,0,0,1.356464175,1.647707967,-1.168158591,1.265633808,-0.4894884061,0.4970044694,0.4365696963,-1.289797317,1.548139188,1.371315564,1.63873057,-0.5643707887,-0.1727935703,-0.1277763047,-0.09521540926,0.0002975978582,0.09395146701,-0.1478001228,-0.1706384988,0.1474610852,0.03874836457,0.07363447206,0.005833479075,0.02100687628,-0.05504604765,-0.1214222146,0.01417068747,0.09919348506,0.008641503156,0.007571113645,0.007571113645,0.002637795173,0.006417322904,0.1455597626,0.1135826781,0.001628176266
0.78,0.6662971317,-0.08669175303,0.1353787481,-0.01916594117,0.002637792114,0.999996521,0.0264142499,0.9996510828,0,0,1.355512021,1.647710943,-1.167219076,1.264155807,-0.4911947911,0.4984790803,0.4369571799,-1.289060973,1.548197523,1.371525633,1.638180109,-0.5655850109,-0.1726518634,-0.1267843698,-0.0954516926,0.0002982820188,0.09448370881,-0.1481925242,-0.1715413235,0.1480808439,0.03888793783,0.07375368575,0.005831547098,0.02108418546,-0.05497862724,-0.1220121032,0.01410580302,0.09960890277,0.008639530519,0.007596700578,0.007596700578,0.002637795173,0.006417322904,0.1460302125,0.1135826781,0.001625200287
0.79,0.6676540817,-0.08688349903,0.1360092903,-0.01918320454,0.002637792114,0.999996521,0.0264142499,0.9996510828,0,0,1.354557504,1.647713926,-1.166274239,1.262673882,-0.4929102043,0.4999598887,0.4373460593,-1.288323436,1.548255838,1.371736475,1.637630323,-0.5668051319,-0.1725108053,-0.1257882808,-0.0956845867,0.0002989496933,0.09500907109,-0.1485787648,-0.1724335441,0.1486899894,0.03902236639,0.07386997065,0.005829472016,0.0211600124,-0.05491245632,-0.1225907989,0.01404176275,0.1000139318,0.00863755349,0.007622310802,0.007622310802,0.002637795173,0.006417322904,0.1464420746,0.1135826781,0.001622217467
0.8,0.6690172776,-0.08707541603,0.1366278624,-0.01920014019,0.002637792114,0.999996521,0.0264142499,0.9996510828,0,0,1.353600659,1.647716915,-1.165324148,1.261188094,-0.4946345398,0.5014467886,0.4377362829,-1.287584736,1.548314133,1.371948075,1.637081198,-0.5680310399,-0.1723703877,-0.1247881415,-0.09591397435,0.0002996004557,0.09552729973,-0.1489586431,-0.1733147433,0.149288192,0.03915154004,0.07398325172,0.005827252559,0.02123431389,-0.05484757199,-0.1231579734,0.01397859773,0.1004083084,0.008635572144,0.007647943544,0.007647943544,0.002637795173,0.006417322904,0.1467948381,0.1135826781,0.00161922797
0.81,0.6703865979,-0.08726750071,0.1372341171,-0.0192167386,0.002637792114,0.999996521,0.0264142499,0.9996510828,0,0,1.352641519,1.647719911,-1.164368875,1.259698508,-0.4963676872,0.5029396705,0.4381277984,-1.286844904,1.548372405,1.372160418,1.636532723,-0.5692626196,-0.1722306017,-0.1237840584,-0.09613973986,0.0003002338882,0.09603814349,-0.1493319604,-0.1741845083,0.1498751267,0.03927535154,0.07409345552,0.005824887559,0.02130704747,-0.05478401078,-0.123713304,0.01391633865,0.1007917743,0.008633586558,0.007673598011,0.007673598011,0.002637795173,0.006417322904,0.1470880035,0.1135826781,0.001616231966
0.82,0.6717619177,-0.08745974965,0.1378277126,-0.01923299042,0.002637792114,0.999996521,0.0264142499,0.9996510828,0,0,1.351680121,1.647722914,-1.163408494,1.258205188,-0.4981095323,0.5044384218,0.4385205519,-1.286103969,1.548430654,1.372373488,1.635984883,-0.5704997527,-0.1720914384,-0.1227761407,-0.09664501535,0.0003012618716,0.09702749218,-0.1505303837,-0.1755503026,0.1510042108,0.03909898951,0.07430571521,0.005828905914,0.02132842155,-0.0551714529,-0.1243390797,0.01413376155,0.100977955,0.008631596813,0.007699273396,0.007699273396,0.002637795173,0.006417322904,0.1473210834,0.1135826781,0.001613229627
0.83,0.6731431088,-0.08765215933,0.1384083131,-0.01924888645,0.002637792114,0.999996521,0.0264142499,0.9996510828,0,0,1.350713671,1.647725926,-1.162438219,1.256699884,-0.4998650353,0.5059484639,0.4389115418,-1.285360912,1.548488943,1.372586773,1.635433168,-0.5717431435,-0.1719501007,-0.1217663611,-0.09694011273,0.0003020995379,0.09765675629,-0.1511128635,-0.1765375098,0.1517155557,0.03913076103,0.07443748859,0.005827980812,0.02138455261,-0.05522953021,-0.1248919098,0.01414646547,0.101288955,0.008629597096,0.007724987561,0.007724987561,0.002637795173,0.006417322904,0.1475351375,0.1135826781,0.001610217008
0.84,0.6745300396,-0.08784472616,0.1389755885,-0.01926441767,0.002637792114,0.999996521,0.0264142499,0.9996510828,0,0,1.34974427,1.647728947,-1.161461651,1.255188756,-0.5016304104,0.5074656195,0.4393028494,-1.284616537,1.548547223,1.372800618,1.634880873,-0.5729920626,-0.1718086361,-0.1207534716,-0.09715652793,0.000302825852,0.09814989188,-0.1514683763,-0.1773785397,0.1522683025,0.03923449023,0.07453814142,0.005825179728,0.02145213792,-0.05517001718,-0.1254101323,0.01408630269,0.1016374837,0.0086275918,0.00775072597,0.00775072597,0.002637795173,0.006417322904,0.147808774,0.1135826781,0.001607196013
0.85,0.6759225751,-0.08803744644,0.1395292145,-0.01927957518,0.002637792114,0.999996521,0.0264142499,0.9996510828,0,0,1.348772705,1.647731975,-1.160480152,1.253674072,-0.5034041958,0.5089883025,0.4396951943,-1.283871156,1.548605475,1.37301514,1.634329173,-0.5742461639,-0.1716677731,-0.1197370967,-0.09736887978,0.0003035342712,0.09863469298,-0.1518165566,-0.1782065662,0.1528085263,0.03933244318,0.07463543601,0.005822229235,0.02151799299,-0.05511195185,-0.1259152755,0.0140271505,0.1019741248,0.008625582567,0.00777648283,0.00777648283,0.002637795173,0.006417322904,0.1481441884,0.1135826781,0.001604167754
0.86,0.6773205773,-0.08823031639,0.1400688726,-0.01929435027,0.002637792114,0.999996521,0.0264142499,0.9996510828,0,0,1.347799016,1.647735011,-1.159493806,1.252155906,-0.5051862615,0.5105163877,0.4400885187,-1.283124801,1.548663697,1.373230319,1.633778053,-0.5755053166,-0.1715275016,-0.1187173555,-0.09757705962,0.0003042243865,0.09911092156,-0.1521572191,-0.1790211959,0.1533359273,0.03942452803,0.07472930659,0.005819128643,0.0215820791,-0.05505536752,-0.1264070443,0.01396903788,0.102298648,0.008623569487,0.007802257275,0.007802257275,0.002637795173,0.006417322904,0.1485418077,0.1135826781,0.001601132411
0.87,0.6787239049,-0.08842333214,0.1405942503,-0.01930873438,0.002637792114,0.999996521,0.0264142499,0.9996510828,0,0,1.346823245,1.647738053,-1.158502696,1.250634334,-0.5069764734,0.512049747,0.440482764,-1.282377508,1.548721888,1.37344614,1.633227499,-0.5767693871,-0.1713878112,-0.117694369,-0.09778096028,0.0003048957965,0.09957834254,-0.1524901813,-0.1798220398,0.1538502106,0.03951065584,0.0748196889,0.005815877354,0.02164435826,-0.05500029692,-0.1268851493,0.01391199345,0.1026108281,0.00862155265,0.007828048424,0.007828048424,0.002637795173,0.006417322904,0.1490020444,0.1135826781,0.001598090168
0.88,0.6801324137,-0.08861648974,0.1411050406,-0.01932271911,0.002637792114,0.999996521,0.0264142499,0.9996510828,0,0,1.345845436,1.647741102,-1.157506913,1.249109432,-0.5087746938,0.5135882491,0.4408778705,-1.281629311,1.548780047,1.373662584,1.632677496,-0.5780382386,-0.1712486912,-0.1166682607,-0.09881284418,0.0003073251635,0.1010303829,-0.152728273,-0.1814621985,0.1551603393,0.03879270637,0.07528497654,0.005889508967,0.02112493718,-0.05522844973,-0.1272754878,0.01503726555,0.1030007368,0.008619532151,0.007853855384,0.007853855384,0.002637795173,0.006417322904,0.1495252962,0.1135826781,0.00159504121
0.89,0.6815459561,-0.08880978516,0.1416009425,-0.01933629621,0.002637792114,0.999996521,0.0264142499,0.9996510828,0,0,1.344857307,1.647744175,-1.156496609,1.24758215,-0.5105893158,0.5151398525,0.4412657976,-1.280876461,1.548838942,1.373873833,1.632125212,-0.5793109934,-0.1710983186,-0.1156382533,-0.09953783466,0.0003090873661,0.1021159507,-0.1529907381,-0.1827854058,0.1561633098,0.03835580377,0.0756082339,0.005935154138,0.02081545708,-0.05535563838,-0.1276779007,0.01573216453,0.1033447568,0.008617490832,0.007879860613,0.007879860613,0.002637795173,0.006417322904,0.1501000623,0.1135826781,0.001591967958
0.9,0.6829643819,-0.08900321428,0.1420816608,-0.01934945761,0.002637792114,0.999996521,0.0264142499,0.9996510828,0,0,1.343861929,1.647747266,-1.15547545,1.246052242,-0.5124171699,0.5167014856,0.4416493556,-1.280120379,1.548898294,1.374081988,1.631571656,-0.5805877725,-0.1709409969,-0.1146048058,-0.09973401449,0.000309710019,0.1025671603,-0.1532999626,-0.1835580594,0.1566427812,0.03841461109,0.0756892431,0.005932169344,0.02086953443,-0.05530698596,-0.1281121775,0.01568371199,0.1036188503,0.008615435071,0.007905996984,0.007905996984,0.002637795173,0.006417322904,0.1506297141,0.1135826781,0.001588877084
0.91,0.6843875378,-0.0891967729,0.142546906,-0.01936219538,0.002637792114,0.999996521,0.0264142499,0.9996510828,0,0,1.342864589,1.647750363,-1.154449778,1.244519243,-0.5142527505,0.5182679134,0.4420335018,-1.279363487,1.548957615,1.374290683,1.631018586,-0.5818688942,-0.1707841598,-0.1135686173,-0.09992535905,0.0003103121162,0.1030085087,-0.1536008067,-0.1843153243,0.1571078722,0.03846725121,0.07576645068,0.005929020254,0.02092176811,-0.05525992218,-0.1285316968,0.01563621872,0.1038797374,0.008613375838,0.007932148185,0.007932148185,0.002637795173,0.006417322904,0.1510971256,0.1135826781,0.001585779984
0.92,0.6858152675,-0.08939045675,0.1429963945,-0.01937450175,0.002637792114,0.999996521,0.0264142499,0.9996510828,0,0,1.341865335,1.647753466,-1.153419693,1.242983235,-0.5160959037,0.5198389922,0.4424181743,-1.278605822,1.549016906,1.374499901,1.630465986,-0.5831542112,-0.1706277976,-0.1125298199,-0.1001117659,0.0003108932881,0.1034397713,-0.1538931026,-0.1850568284,0.1575583107,0.03851365315,0.07583979892,0.005925706395,0.02097212552,-0.05521447577,-0.1289361975,0.01558970803,0.1041272197,0.008611313235,0.007958313246,0.007958313246,0.002637795173,0.006417322904,0.1515019018,0.1135826781,0.001582676863
0.93,0.6872474122,-0.08958426148,0.1434298484,-0.01938636911,0.002637792114,0.999996521,0.0264142499,0.9996510828,0,0,1.340864218,1.647756575,-1.152385295,1.241444304,-0.517946472,0.5214145753,0.4428033108,-1.277847424,1.549076163,1.374709622,1.629913842,-0.5844435732,-0.1704719006,-0.1114885477,-0.1002931343,0.0003114531729,0.1038607262,-0.1541766852,-0.1857822042,0.1579938296,0.03855374872,0.07590923166,0.005922227386,0.02102057477,-0.05517067488,-0.1293254236,0.01554420291,0.1043611044,0.008609247372,0.007984491184,0.007984491184,0.002637795173,0.006417322904,0.1518436636,0.1135826781,0.00157956793
0.94,0.6886838101,-0.08977818265,0.1438469957,-0.01939779003,0.002637792114,0.999996521,0.0264142499,0.9996510828,0,0,1.339861286,1.64775969,-1.151346688,1.239902537,-0.519804294,0.5229945136,0.4431888483,-1.277088332,1.549135385,1.374919828,1.629362135,-0.5857368274,-0.1703164585,-0.1104449367,-0.100469365,0.0003119914162,0.1042711549,-0.1544513925,-0.1864910885,0.1584141671,0.03858747246,0.07597469428,0.005918582936,0.02106708464,-0.05512854704,-0.129699125,0.01549972609,0.1045812042,0.008607178355,0.008010681007,0.008010681007,0.002637795173,0.006417322904,0.1521220485,0.1135826781,0.001576453398
0.95,0.6901242969,-0.08997221576,0.1442475702,-0.0194087572,0.002637792114,0.999996521,0.0264142499,0.9996510828,0,0,1.338856593,1.64776281,-1.150303976,1.238358023,-0.5216692049,0.5245786552,0.443574723,-1.276328585,1.549194571,1.375130499,1.628810849,-0.5870338187,-0.1701614613,-0.1093991246,-0.1009777761,0.00031359922,0.105264355,-0.1556657771,-0.1878203499,0.1594449329,0.03826681676,0.07615829394,0.005920922179,0.02105828033,-0.05558588595,-0.1301479821,0.01575749275,0.1045789138,0.008605106297,0.00803688171,0.00803688171,0.002637795173,0.006417322904,0.1523367108,0.1135826781,0.001573333484
0.96,0.6915687054,-0.09016635625,0.1446313115,-0.01941926351,0.002637792114,0.999996521,0.0264142499,0.9996510828,0,0,1.337846815,1.647765946,-1.149251333,1.236801365,-0.5235474084,0.5261731046,0.4439573912,-1.275567002,1.54925378,1.375341081,1.628254991,-0.5883352985,-0.1700038863,-0.1083533355,-0.1012021427,0.0003141334583,0.1057585731,-0.1560835783,-0.1886104195,0.1599402007,0.03822610954,0.07623613676,0.005917691819,0.02109159292,-0.05563005648,-0.13050529,0.01576455963,0.1047354646,0.008603024357,0.008063110327,0.008063110327,0.002637795173,0.006417322904,0.1525698022,0.1135826781,0.001570197492
0.97,0.6930168662,-0.09036059947,0.1449979649,-0.01942930197,0.002637792114,0.999996521,0.0264142499,0.9996510828,0,0,1.336834794,1.647769087,-1.148193747,1.235240529,-0.5254335126,0.5277725066,0.4443396523,-1.274804641,1.549312957,1.375551997,1.62769869,-0.5896403514,-0.1698462407,-0.1073059808,-0.1013648951,0.0003144510467,0.1061429742,-0.1563337444,-0.1892771789,0.1603150782,0.03823671355,0.07628944849,0.005913245146,0.02113176423,-0.05559278321,-0.1308311785,0.01572232114,0.1049124752,0.008600938387,0.008089349899,0.008089349899,0.002637795173,0.006417322904,0.1528720388,0.1135826781,0.001567056157
0.98,0.6944686069,-0.09055494071,0.1453472817,-0.01943886577,0.002637792114,0.999996521,0.0264142499,0.9996510828,0,0,1.335821145,1.647772231,-1.147132317,1.233677192,-0.5273262844,0.5293756573,0.4447220194,-1.274041746,1.549372089,1.375763315,1.627142762,-0.5909486632,-0.1696890175,-0.1062568561,-0.1015221294,0.0003147449762,0.1065160162,-0.1565743992,-0.1899260618,0.1606737661,0.03824070668,0.07633858335,0.005908631269,0.02116987847,-0.05555727044,-0.1311405945,0.0156811854,0.1050750082,0.008598849659,0.008115596299,0.008115596299,0.002637795173,0.006417322904,0.153239126,0.1135826781,0.001563911647
0.99,0.6959237532,-0.09074937519,0.1456790187,-0.01944794827,0.002637792114,0.999996521,0.0264142499,0.9996510828,0,0,1.334805923,1.647775379,-1.146067157,1.232111448,-0.529225545,0.530982395,0.4451044265,-1.27327836,1.549431176,1.375975014,1.626587189,-0.5922600691,-0.1695322057,-0.105206106,-0.1016737537,0.0003150149752,0.1068774944,-0.1568053941,-0.1905567258,0.1610160281,0.03823803811,0.07638349424,0.005903850417,0.02120590799,-0.05552354274,-0.1314333151,0.01564117388,0.1052229027,0.008596758293,0.008141848479,0.008141848479,0.002637795173,0.006417322904,0.1536713285,0.1135826781,0.001560764197
1,0.6973821279,-0.09094389805,0.1459929389,-0.01945654297,0.002637792114,0.999996521,0.0264142499,0.9996510828,0,0,1.333789186,1.647778529,-1.144998382,1.230543394,-0.5311311123,0.5325925553,0.4454868069,-1.272514525,1.549490214,1.376187073,1.626031954,-0.5935744023,-0.1693757939,-0.104153877,-0.1025159037,0.0003159681102,0.1080781736,-0.1569503724,-0.1919498078,0.162015305,0.03754323721,0.07672965362,0.005958637938,0.02075859605,-0.05572852897,-0.1316253743,0.01656386152,0.1054043575,0.008594664409,0.008168105381,0.008168105381,0.002637795173,0.006417322904,0.1541688922,0.1135826781,0.001557614047
1.01,0.6988435518,-0.0911385044,0.1462888107,-0.01946464353,0.002637792114,0.999996521,0.0264142499,0.9996510828,0,0,1.332764027,1.647781689,-1.1439176,1.22897389,-0.5330506104,0.5342127083,0.4458622392,-1.271747229,1.549549801,1.376394659,1.625474669,-0.594890656,-0.1692101553,-0.1030998334,-0.103393723,0.0003170534719,0.1093214704,-0.1570818014,-0.1933784661,0.1630382563,0.03679798391,0.07708883697,0.006016948385,0.02028175336,-0.05594917656,-0.1317949986,0.01754241969,0.1055735226,0.008592553689,0.008194503425,0.008194503425,0.002637795173,0.00651015404,0.1547502259,0.1135826781,0.001554454366
1.02,0.7003078432,-0.09133318925,0.1465664087,-0.01947224378,0.002637792114,0.999996521,0.0264142499,0.9996510828,0,0,1.331730089,1.647784859,-1.142824386,1.227403072,-0.534984395,0.5358430909,0.4462302191,-1.27097634,1.54960997,1.376597476,1.624915177,-0.596208606,-0.1690347311,-0.1020440982,-0.1035321703,0.0003174089299,0.1096574519,-0.1572837608,-0.1939679051,0.1633345225,0.0367670412,0.07712149256,0.006012206364,0.02031017928,-0.05592199544,-0.1320354117,0.0175082452,0.1056765778,0.008590425421,0.008221050102,0.008221050102,0.002637795173,0.006749731185,0.1553195063,0.1135826781,0.001551283832
1.03,0.7017748183,-0.09152794759,0.146825513,-0.01947933769,0.002637792114,0.999996521,0.0264142499,0.9996510828,0,0,1.330694768,1.647788033,-1.141727811,1.225830235,-0.5369240741,0.5374764361,0.4465978895,-1.270205126,1.549670092,1.376800578,1.624355957,-0.5975289601,-0.1688596487,-0.1009873324,-0.1036644799,0.0003177397503,0.1099808822,-0.1574755194,-0.1945376397,0.1636132997,0.0367294224,0.07714966963,0.006007284456,0.02033654454,-0.05589663049,-0.1322583136,0.01747502249,0.1057643911,0.008588294947,0.008247599617,0.008247599617,0.002637795173,0.007055143298,0.1558238676,0.1135826781,0.001548109742
1.04,0.7032442911,-0.0917227743,0.1470659095,-0.01948591942,0.002637792114,0.999996521,0.0264142499,0.9996510828,0,0,1.329658123,1.647791211,-1.140628002,1.224255479,-0.5388694505,0.5391125691,0.4469651837,-1.269433629,1.549730165,1.377003944,1.623796991,-0.5988515432,-0.1686848984,-0.09992968848,-0.1037905656,0.0003180456537,0.1102915681,-0.1576569433,-0.1950873461,0.1638743749,0.03668509349,0.07717332786,0.006002183026,0.02036082618,-0.05587310263,-0.1324635098,0.01744276907,0.1058368279,0.008586162398,0.008274150849,0.008274150849,0.002637795173,0.007426567408,0.1562630693,0.1135826781,0.001544932345
1.05,0.7047160735,-0.09191766425,0.1472873902,-0.01949198325,0.002637792114,0.999996521,0.0264142499,0.9996510828,0,0,1.328620217,1.647794391,-1.139525087,1.22267891,-0.5408203239,0.5407513129,0.4473320346,-1.268661896,1.549790187,1.377207552,1.62323826,-0.6001761783,-0.1685104708,-0.0988713202,-0.1039103432,0.0003183263682,0.1105893198,-0.1578279018,-0.1956167058,0.1641175407,0.036634023,0.07719242842,0.005996902521,0.02038300188,-0.05585143224,-0.132650811,0.01741150221,0.1058937588,0.008584027906,0.00830070267,0.00830070267,0.002637795173,0.007864160121,0.1566368905,0.1135826781,0.001541751888
1.06,0.7061899752,-0.09211261222,0.1474897527,-0.01949752365,0.002637792114,0.999996521,0.0264142499,0.9996510828,0,0,1.327581114,1.647797575,-1.138419194,1.221100631,-0.542776491,0.5423924883,0.4476983749,-1.267889971,1.549850156,1.377411382,1.622679745,-0.6015026864,-0.1683363557,-0.09781238261,-0.1040237302,0.0003185816295,0.1108739508,-0.1579882672,-0.1961254051,0.1643425947,0.03657618194,0.07720693397,0.005991443472,0.02040304999,-0.05583163912,-0.1328200334,0.01738123897,0.1059350593,0.008581891606,0.008327253943,0.008327253943,0.002637795173,0.008368057319,0.1569451305,0.1135826781,0.001538568625
1.07,0.7076658041,-0.09230761296,0.1476728003,-0.01950253524,0.002637792114,0.999996521,0.0264142499,0.9996510828,0,0,1.326540877,1.64780076,-1.137310454,1.219520748,-0.544737745,0.5440359142,0.4480641367,-1.267117902,1.54991007,1.377615412,1.622121429,-0.6028308868,-0.1681625433,-0.09675303202,-0.1041364934,0.0003188365598,0.1111558979,-0.1581537556,-0.1966248053,0.1645597094,0.03650553048,0.07721885637,0.005985920688,0.02042009598,-0.05582181897,-0.1329724663,0.0173567656,0.1059572011,0.008579753633,0.008353803526,0.008353803526,0.002637795173,0.008938373876,0.1571876088,0.1135826781,0.001535382808
1.08,0.7091433662,-0.09250266115,0.1478363423,-0.0195070128,0.002637792114,0.999996521,0.0264142499,0.9996510828,0,0,1.325499512,1.647803949,-1.136198895,1.217939211,-0.5467039931,0.5456815113,0.448429192,-1.266345713,1.54996993,1.377819613,1.621563211,-0.6041606114,-0.1679889757,-0.09569346001,-0.1046608252,0.0003208752999,0.1121855878,-0.1594394607,-0.1979403753,0.1654984945,0.03599732296,0.07737205405,0.005988364612,0.02037394902,-0.05638953181,-0.133211182,0.01767282018,0.1057200994,0.008577614005,0.008380350621,0.008380350621,0.002637795173,0.009573809959,0.1573655591,0.1135826781,0.001532194443
1.09,0.7106224653,-0.09269775142,0.1479801936,-0.01951095125,0.002637792114,0.999996521,0.0264142499,0.9996510828,0,0,1.324452903,1.647807157,-1.135077039,1.216344816,-0.5486833968,0.5473364963,0.4487891652,-1.265571993,1.550029813,1.378023353,1.620999315,-0.6054927233,-0.1678122475,-0.09463625901,-0.104756853,0.000321053043,0.1124376527,-0.1595703698,-0.198395843,0.1656696163,0.03591515006,0.07737243601,0.005982375461,0.02038716339,-0.0563749636,-0.1333252993,0.01764451022,0.1057132545,0.008575464311,0.008406918937,0.008406918937,0.002637795173,0.01010803701,0.1576452437,0.1135826781,0.00152898569
1.1,0.7121029038,-0.09289287836,0.1481041753,-0.01951434569,0.002637792114,0.999996521,0.0264142499,0.9996510828,0,0,1.323405335,1.647810368,-1.133952663,1.214749112,-0.5506673553,0.5489931924,0.4491483167,-1.264798268,1.550089637,1.378227224,1.620435566,-0.6068259763,-0.1676358024,-0.09357912647,-0.1048461688,0.0003212043007,0.1126758745,-0.1596901765,-0.198829439,0.165821851,0.0358261225,0.07736808419,0.005976210427,0.02039817129,-0.05636232877,-0.1334206553,0.01761725825,0.1056903393,0.008573313318,0.008433482102,0.008433482102,0.002637795173,0.01057646952,0.1579911799,0.1135826781,0.001525775159
1.11,0.713584482,-0.0930880365,0.1482081137,-0.01951719138,0.002637792114,0.999996521,0.0264142499,0.9996510828,0,0,1.322356873,1.64781358,-1.132825904,1.213152211,-0.5526556497,0.5506514109,0.4495065779,-1.264024588,1.550149399,1.378431206,1.619871943,-0.6081601828,-0.1674596298,-0.09252222307,-0.104928698,0.000321328847,0.1129000811,-0.1597987668,-0.1992408725,0.1659550226,0.03573022489,0.07735896873,0.005969870425,0.02040695443,-0.05635164438,-0.1334970937,0.01759108045,0.1056512554,0.008571161167,0.008460038952,0.008460038952,0.002637795173,0.01097895402,0.1584034533,0.1135826781,0.001522563116
1.12,0.7150669987,-0.09328322034,0.1482918415,-0.01951948373,0.002637792114,0.999996521,0.0264142499,0.9996510828,0,0,1.321307586,1.647816793,-1.131696903,1.211554223,-0.5546480584,0.5523109612,0.4498638802,-1.263250998,1.550209098,1.378635276,1.619308426,-0.6094951537,-0.167283719,-0.09146571052,-0.1059675989,0.0003224866784,0.1143177694,-0.159785792,-0.2008106746,0.1669968586,0.03464906061,0.07775159853,0.00603915058,0.01975255316,-0.0566716644,-0.133408234,0.01885765565,0.1056262643,0.008569008001,0.008486588317,0.008486588317,0.002637795173,0.01131535823,0.1588821273,0.1135826781,0.001519349828
1.13,0.716550251,-0.09347842432,0.1483551969,-0.01952121831,0.002637792114,0.999996521,0.0264142499,0.9996510828,0,0,1.32024791,1.647820018,-1.130553725,1.209956365,-0.5566561651,0.5539809297,0.4502103708,-1.262473482,1.550269489,1.378832801,1.618741709,-0.6108292361,-0.1670951424,-0.09040944788,-0.1065560746,0.0003229966038,0.11516957,-0.1598132621,-0.2018237157,0.1675922655,0.03400833598,0.07795106621,0.006073216465,0.01940185267,-0.05684194573,-0.1333673089,0.01952706157,0.1055707822,0.00856683407,0.008513296088,0.008513296088,0.002637795173,0.01141732279,0.1595954921,0.1135826781,0.001516124961
1.14,0.7180340342,-0.09367364283,0.1483980238,-0.01952239086,0.002637792114,0.999996521,0.0264142499,0.9996510828,0,0,1.319182349,1.647823248,-1.12940203,1.208358232,-0.5586744023,0.5556568524,0.4505504542,-1.261693971,1.550330221,1.37902682,1.61817329,-0.6121629092,-0.1668998718,-0.08935374005,-0.1066203559,0.0003228817725,0.115359375,-0.1598886221,-0.2021817761,0.1676699307,0.03388537454,0.07792715735,0.006066383287,0.01940411045,-0.05683763675,-0.1333855085,0.01950329027,0.1054825319,0.008564648685,0.008540083686,0.008540083686,0.002637795173,0.01141732279,0.1604110025,0.1135826781,0.001512894995
1.15,0.7195181425,-0.09386887025,0.1484201722,-0.01952299725,0.002637792114,0.999996521,0.0264142499,0.9996510828,0,0,1.318116146,1.647826477,-1.128248436,1.206759346,-0.5606962201,0.5573335517,0.4508893079,-1.2609147,1.550390885,1.379220861,1.617604914,-0.6134967643,-0.1667048389,-0.08829891473,-0.1066773638,0.0003227391525,0.1155342545,-0.1599523648,-0.2025163134,0.1677276819,0.03375571484,0.07789829261,0.006059363214,0.01940421887,-0.05683527019,-0.1333842518,0.01948037746,0.1053777618,0.008562462678,0.008566860125,0.008562462678,0.002637795173,0.01141732279,0.1612266236,0.1135826781,0.001509666177
1.16,0.7210023683,-0.09406410088,0.1484214977,-0.01952303354,0.002637792114,0.999996521,0.0264142499,0.9996510828,0,0,1.317049372,1.647829704,-1.127093093,1.205159823,-0.5627213832,0.5590108285,0.4512268651,-1.260135717,1.550451479,1.379414903,1.617036561,-0.6148306068,-0.1665100351,-0.08724513712,-0.1067270307,0.0003225686084,0.1156940499,-0.1600043917,-0.2028270577,0.1677653677,0.03361935674,0.077864449,0.006052157401,0.01940216367,-0.05683485971,-0.1333634102,0.01945833665,0.1052563983,0.0085602762,0.008593624187,0.0085602762,0.002637795173,0.01141732279,0.1620422847,0.1135826781,0.001506438786
1.17,0.7224865026,-0.094259329,0.1484018617,-0.01952249593,0.002637792114,0.999996521,0.0264142499,0.9996510828,0,0,1.315982102,1.64783293,-1.125936153,1.203559779,-0.5647496538,0.5606884822,0.4515630586,-1.259357072,1.550512,1.379608925,1.616468212,-0.6161642409,-0.1663154518,-0.08619257313,-0.1067692908,0.0003223700132,0.1158386065,-0.1600446072,-0.2031137447,0.1677828419,0.03347630234,0.07782560502,0.006044767077,0.01939793119,-0.05683641846,-0.1333228609,0.01943718115,0.1051183725,0.008558089406,0.008620374651,0.008558089406,0.002637795173,0.01141732279,0.1628579143,0.1135826781,0.0015032131
1.18,0.7239703352,-0.09445454887,0.1483611315,-0.0195213808,0.002637792114,0.999996521,0.0264142499,0.9996510828,0,0,1.314914409,1.647836154,-1.124777767,1.201959333,-0.5667807912,0.5623663106,0.4518978216,-1.258578816,1.550572448,1.379802904,1.615899848,-0.6174974695,-0.16612108,-0.08514138941,-0.1068040804,0.0003221432477,0.1159677733,-0.1600729186,-0.2033761162,0.1677799637,0.03332655593,0.07778174064,0.00603719354,0.01939150834,-0.05683995902,-0.1332624863,0.01941692411,0.1049636208,0.00855590245,0.008647110293,0.00855590245,0.002637795173,0.01141732279,0.1636734408,0.1135826781,0.0014999894
1.19,0.7254536545,-0.09464975468,0.1482991802,-0.01951968466,0.002637792114,0.999996521,0.0264142499,0.9996510828,0,0,1.313846368,1.647839375,-1.123618089,1.200358603,-0.5688145524,0.5640441103,0.4522310872,-1.257800999,1.55063282,1.379996819,1.615331449,-0.6188300944,-0.1659269107,-0.0840917532,-0.1068313374,0.0003218882011,0.116081403,-0.1600892368,-0.2036139194,0.1677565979,0.03317012402,0.07773283726,0.006029438157,0.01938288269,-0.05684549344,-0.1331821743,0.01939757847,0.104792084,0.008553715488,0.008673829888,0.008553715488,0.002637795173,0.01141732279,0.1644887919,0.1135826781,0.001496767967
1.2,0.7269362476,-0.09484494062,0.1482158867,-0.01951740419,0.002637792114,0.999996521,0.0264142499,0.9996510828,0,0,1.312778055,1.647842594,-1.122457275,1.198757711,-0.5708506916,0.5657216762,0.4525627884,-1.25702367,1.550693114,1.380190648,1.614762994,-0.6201619161,-0.1657329349,-0.08304383236,-0.1069473801,0.000321936578,0.1163592293,-0.1603430566,-0.204029649,0.1678752408,0.03290806985,0.077711525,0.006023032088,0.01935947275,-0.05697623795,-0.1331041402,0.01945014935,0.1045510909,0.008551528676,0.008700532208,0.008551528676,0.002637795173,0.01141732279,0.1653038951,0.1135826781,0.001493549085
1.21,0.7284179007,-0.09504010081,0.1481111356,-0.01951453625,0.002637792114,0.999996521,0.0264142499,0.9996510828,0,0,1.311708581,1.647845813,-1.121293683,1.19715428,-0.5728909881,0.5674004286,0.4528918691,-1.256246555,1.550753345,1.380384243,1.614193231,-0.6214929575,-0.1655384334,-0.08199832145,-0.1073334144,0.0003230025666,0.1171418926,-0.1613017136,-0.205008458,0.1684401239,0.03235306534,0.07777880147,0.006020831225,0.01929771788,-0.05746162176,-0.1330700289,0.01970639204,0.1041421136,0.008549340205,0.00872722088,0.008549340205,0.002637795173,0.01141732279,0.1660384756,0.1135826781,0.001490329719
1.22,0.7298983985,-0.09523522937,0.1479848173,-0.01951107784,0.002637792114,0.999996521,0.0264142499,0.9996510828,0,0,1.310635247,1.647849043,-1.120122264,1.195541263,-0.5749410726,0.5690848299,0.4532153998,-1.255468767,1.550813553,1.38057722,1.613618615,-0.6228236578,-0.1653413695,-0.08095690032,-0.1073399964,0.0003228194423,0.1172164112,-0.1612841512,-0.2051826559,0.1683558842,0.03217223668,0.07771481125,0.006012537748,0.01928226916,-0.05747230101,-0.1329294244,0.01968858775,0.1039194733,0.008547144572,0.00875390861,0.008547144572,0.002637795173,0.01141732279,0.1664626064,0.1135826781,0.001487099694
1.23,0.7313775248,-0.09543032039,0.1478368283,-0.0195070261,0.002637792114,0.999996521,0.0264142499,0.9996510828,0,0,1.309561847,1.647852272,-1.1189501,1.193928422,-0.5769928992,0.5707683887,0.4535371222,-1.254691619,1.550873678,1.380770043,1.613043892,-0.624152952,-0.1651444837,-0.07991770558,-0.1073387985,0.0003226073159,0.1172747988,-0.1612542267,-0.2053312815,0.1682506438,0.03198479335,0.07764571706,0.006004068333,0.01926457598,-0.05748500019,-0.1327684857,0.01967173654,0.1036798694,0.008544949538,0.008780575412,0.008544949538,0.002637795173,0.01141732279,0.1668863443,0.1135826781,0.001483871499
1.24,0.7328550625,-0.09562536791,0.1476670704,-0.01950237837,0.002637792114,0.999996521,0.0264142499,0.9996510828,0,0,1.308488459,1.647855498,-1.117777352,1.19231588,-0.579046212,0.5724508952,0.4538569701,-1.253915162,1.550933719,1.380962688,1.612469042,-0.6254806369,-0.1649477663,-0.07888090689,-0.1086480021,0.0003244208641,0.1190115299,-0.1610538402,-0.20721515,0.169387801,0.03040278406,0.07810696498,0.00609220645,0.0183511424,-0.05794778231,-0.1323509034,0.0213684137,0.1034194811,0.008542755265,0.008807220058,0.008542755265,0.002637795173,0.01141732279,0.1673096271,0.1135826781,0.001480645426
1.25,0.7343307933,-0.09582036596,0.1474754518,-0.01949713212,0.002637792114,0.999996521,0.0264142499,0.9996510828,0,0,1.307401979,1.647858742,-1.116587236,1.190705341,-0.5811183635,0.5741447732,0.4541609979,-1.253134092,1.550994641,1.3811462,1.611889564,-0.6268041459,-0.1647340821,-0.07784671208,-0.1088183192,0.0003245863055,0.1192838482,-0.1609780988,-0.2075742785,0.1694200046,0.03000075951,0.0781022553,0.006097279649,0.01820372123,-0.05802778122,-0.1321153496,0.02159277658,0.1031452731,0.00854053484,0.008834046884,0.00854053484,0.002637795173,0.01141732279,0.1674836817,0.1135826781,0.001477401217
1.26,0.7358044983,-0.09601530855,0.1472618859,-0.01949128498,0.002637792114,0.999996521,0.0264142499,0.9996510828,0,0,1.306313796,1.647861988,-1.115394398,1.18909556,-0.5831941063,0.5758389732,0.4544610055,-1.25235307,1.551055614,1.381328237,1.611309286,-0.6281252994,-0.1645181544,-0.07681525935,-0.1087933735,0.0003244395393,0.1192992143,-0.1609123368,-0.2076576918,0.1692513658,0.0297891506,0.07801622898,0.006088437948,0.01818110697,-0.05804613002,-0.1318927834,0.02157451062,0.1028545476,0.008538311686,0.008860878709,0.008538311686,0.002637795173,0.01141732279,0.1676840068,0.1135826781,0.001474155354
1.27,0.7372759576,-0.09621018965,0.1470262924,-0.01948483476,0.002637792114,0.999996521,0.0264142499,0.9996510828,0,0,1.305225862,1.647865232,-1.114201406,1.187486437,-0.5852706832,0.5775314869,0.454758897,-1.251572907,1.551116498,1.381510048,1.610728825,-0.6294442273,-0.1643024093,-0.07578671387,-0.1087602156,0.0003242624816,0.1192976324,-0.1608339555,-0.2077143134,0.1690611024,0.02957127193,0.07792497193,0.006079409956,0.01815636597,-0.05806645626,-0.1316496185,0.02155695756,0.1025467493,0.008536089815,0.008887685119,0.008536089815,0.002637795173,0.01141732279,0.167949832,0.1135826781,0.001470910959
1.28,0.7387449505,-0.09640500323,0.1467685965,-0.0194777794,0.002637792114,0.999996521,0.0264142499,0.9996510828,0,0,1.30413826,1.647868475,-1.11300843,1.185878097,-0.5873478264,0.5792220979,0.4550546098,-1.250793658,1.551177292,1.381691612,1.610148161,-0.6307607234,-0.1640868397,-0.07476124638,-0.1087187987,0.0003240549786,0.119278983,-0.1607428923,-0.2077439346,0.1688491265,0.02934715349,0.07782847831,0.006070197433,0.01812949163,-0.058088767,-0.1313857924,0.0215401284,0.1022218625,0.008533869398,0.00891446485,0.008533869398,0.002637795173,0.01141732279,0.1682809364,0.1135826781,0.001467668334
1.29,0.7402112557,-0.09659974321,0.1464887294,-0.01947011703,0.002637792114,0.999996521,0.0264142499,0.9996510828,0,0,1.303051072,1.647871715,-1.11181564,1.184270668,-0.5894252657,0.5809105892,0.4553480813,-1.250015373,1.551237994,1.381872907,1.609567273,-0.6320745814,-0.1638714384,-0.07373902775,-0.1086690783,0.0003238168847,0.1192431514,-0.1606390881,-0.2077463534,0.1686153558,0.02911682714,0.07772674369,0.0060608022,0.01810047793,-0.05811306874,-0.1311012478,0.02152403402,0.1018798764,0.008531650604,0.008941216641,0.008531650604,0.002637795173,0.01141732279,0.168677075,0.1135826781,0.001464427784
1.3,0.741674651,-0.09679440354,0.1461866279,-0.01946184591,0.002637792114,0.999996521,0.0264142499,0.9996510828,0,0,1.301964381,1.647874954,-1.110623208,1.182664277,-0.5915027292,0.5825967427,0.4556392496,-1.249238105,1.551298602,1.382053911,1.608986142,-0.6333855938,-0.1636561981,-0.07272022899,-0.1086110117,0.0003235480614,0.1191900266,-0.1605224868,-0.2077213744,0.1683597138,0.02888032657,0.07761976508,0.006051226138,0.0180693194,-0.0581393675,-0.130795933,0.02150868514,0.1015207843,0.008529433604,0.008967939231,0.008529433604,0.002637795173,0.01141732279,0.1691379792,0.1135826781,0.001461189615
1.31,0.7431349139,-0.0969889781,0.1458622347,-0.01945296447,0.002637792114,0.999996521,0.0264142499,0.9996510828,0,0,1.300878271,1.647878189,-1.109431308,1.181059053,-0.593579943,0.5842803399,0.4559280528,-1.248461908,1.551359115,1.382234605,1.608404749,-0.6346935532,-0.1634411112,-0.07170502115,-0.1085445586,0.0003232483786,0.1191195021,-0.1603930359,-0.2076688085,0.1680821292,0.02863768731,0.07750754091,0.006041471183,0.01803601112,-0.05816766876,-0.1304698017,0.02149409231,0.1011445848,0.008527218569,0.008994631362,0.008527218569,0.002637795173,0.01141732279,0.1696633563,0.1135826781,0.001457954135
1.32,0.7445918212,-0.09718346079,0.1455154983,-0.01944347131,0.002637792114,0.999996521,0.0264142499,0.9996510828,0,0,1.299792825,1.647881421,-1.108240113,1.179455122,-0.5956566311,0.5859611612,0.4562144297,-1.247686832,1.551419529,1.382414965,1.607823072,-0.6359982512,-0.1632261703,-0.0706935753,-0.1084696805,0.0003229177135,0.1190314755,-0.1602506858,-0.2075884738,0.1677825367,0.0283889467,0.07739007098,0.006031539328,0.01800054876,-0.05819797749,-0.1301228131,0.02148026594,0.1007512806,0.008525005671,0.009021291779,0.008525005671,0.002637795173,0.01141732279,0.1702528899,0.1135826781,0.001454721651
1.33,0.7460451492,-0.09737784548,0.1451463732,-0.01943336518,0.002637792114,0.999996521,0.0264142499,0.9996510828,0,0,1.298708129,1.647884651,-1.107049798,1.177852615,-0.5977325158,0.5876389865,0.4564983192,-1.246912932,1.551479845,1.38259497,1.607241092,-0.6372994793,-0.1630113676,-0.06968606249,-0.1085760968,0.000322615013,0.119292131,-0.1605661315,-0.2079011484,0.1677665449,0.02793997987,0.07732857498,0.006023958209,0.01794022956,-0.05845483175,-0.1297957699,0.02159332775,0.1002440268,0.008522795082,0.009047919229,0.008522795082,0.002637795173,0.01141732279,0.1709062395,0.1135826781,0.001451492474
1.34,0.7474946739,-0.09757212604,0.1447548193,-0.01942264498,0.002637792114,0.999996521,0.0264142499,0.9996510828,0,0,1.297622368,1.647887877,-1.105856877,1.176246954,-0.5998115273,0.589316652,0.456777719,-1.246139646,1.551540084,1.382774372,1.606656544,-0.638597437,-0.1627954344,-0.06868362222,-0.108807345,0.000322216819,0.119795326,-0.1611963856,-0.2084862527,0.1679413505,0.0273474301,0.07730420616,0.006017741957,0.01786203937,-0.05886857501,-0.1294762257,0.02179365577,0.09965234122,0.008520583073,0.009074520727,0.008520583073,0.002637795173,0.01141732279,0.1716478133,0.1135826781,0.001448266324
1.35,0.7489401708,-0.09776629633,0.1443408027,-0.01941130978,0.002637792114,0.999996521,0.0264142499,0.9996510828,0,0,1.296534294,1.647891099,-1.104658924,1.17463499,-0.6018963898,0.5909960655,0.4570511933,-1.245366604,1.551600262,1.382952993,1.606067858,-0.6398921993,-0.1625774978,-0.06768709881,-0.1087095787,0.0003216397183,0.1196634066,-0.1610172159,-0.2083342709,0.1675768905,0.02707632007,0.07717091313,0.006006982346,0.0178201309,-0.05890380464,-0.129066637,0.02178082127,0.0992074841,0.008518367074,0.009101100109,0.008518367074,0.002637795173,0.01141732279,0.1724502584,0.1135826781,0.001445044156
1.36,0.750381415,-0.09796035019,0.143904295,-0.0193993588,0.002637792114,0.999996521,0.0264142499,0.9996510828,0,0,1.295447198,1.647894315,-1.103462289,1.173024818,-0.6039797325,0.5926718344,0.4573219565,-1.244594895,1.551660332,1.383131194,1.60547882,-0.6411828656,-0.1623596896,-0.06669502397,-0.1099902871,0.0003219379551,0.121346323,-0.160654037,-0.2101701742,0.1685114502,0.02528465546,0.07757180977,0.006086211633,0.01684686779,-0.05941166485,-0.1283495621,0.02350525587,0.09869435306,0.008516153847,0.009127641847,0.008516153847,0.002637795173,0.01141732279,0.1732512525,0.1135826781,0.001441827758
1.37,0.7518181816,-0.09815428145,0.1434452738,-0.01938679144,0.002637792114,0.999996521,0.0264142499,0.9996510828,0,0,1.294347296,1.647897535,-1.102248826,1.171418278,-0.6060814343,0.5943569489,0.457574803,-1.243819177,1.551721194,1.383299663,1.604884703,-0.6424663613,-0.162124637,-0.06570808044,-0.1099882794,0.0003213720041,0.1213336466,-0.1604362761,-0.2101382158,0.168210098,0.02487344386,0.0774707799,0.006082603394,0.01672666515,-0.05948873997,-0.1278747265,0.02363121902,0.09821137999,0.00851391511,0.009154322621,0.00851391511,0.002637795173,0.01141732279,0.1739512814,0.1135826781,0.001438608379
1.38,0.7532502454,-0.09834808396,0.1429637225,-0.01937360723,0.002637792114,0.999996521,0.0264142499,0.9996510828,0,0,1.293247413,1.647900748,-1.10103549,1.169813915,-0.6081828164,0.5960390499,0.4578235375,-1.243044469,1.55178202,1.383466929,1.604289816,-0.6437451085,-0.1618883248,-0.06472596664,-0.1098619211,0.000320699853,0.1211501668,-0.1602196387,-0.2099096528,0.1677762099,0.02458261761,0.07731948909,0.006071317208,0.01668186446,-0.05952855204,-0.1274027991,0.02361300939,0.09771570383,0.0085116772,0.00918097822,0.0085116772,0.002637795173,0.01141732279,0.1745805168,0.1135826781,0.001435394659
1.39,0.7546773809,-0.09854175154,0.14245963,-0.01935980588,0.002637792114,0.999996521,0.0264142499,0.9996510828,0,0,1.292148794,1.647903955,-1.099823988,1.168211718,-0.6102819129,0.597716812,0.4580693636,-1.242271274,1.551842733,1.383633748,1.60369453,-0.6450191365,-0.1616521948,-0.0637488096,-0.1097266418,0.0003199969546,0.1209481213,-0.1599898083,-0.2096516586,0.1673197351,0.02428635552,0.0771628953,0.006059854078,0.01663505383,-0.0595702958,-0.1269099266,0.02359534485,0.09720309025,0.008509442665,0.009207592595,0.008509442665,0.002637795173,0.01141732279,0.1751451165,0.1135826781,0.00143218766
1.4,0.7560993628,-0.09873527802,0.1419329915,-0.01934538725,0.002637792114,0.999996521,0.0264142499,0.9996510828,0,0,1.291051527,1.647907155,-1.098614507,1.16661182,-0.6123784295,0.5993900093,0.4583122272,-1.241499645,1.551903332,1.383800099,1.603098827,-0.6462882358,-0.1614162413,-0.0627767787,-0.1095824181,0.0003192633057,0.1207274363,-0.1597467603,-0.2093640959,0.1668406522,0.02398471293,0.07700100949,0.006048216396,0.01658623334,-0.05961397221,-0.1263961115,0.02357823522,0.09667357837,0.008507211688,0.009234164494,0.008507211688,0.002637795173,0.01141732279,0.1756454339,0.1135826781,0.001428987691
1.41,0.7575159656,-0.09892865723,0.1413838077,-0.01933035136,0.002637792114,0.999996521,0.0264142499,0.9996510828,0,0,1.289955703,1.647910348,-1.097407233,1.165014353,-0.6144720705,0.6010584158,0.4585520743,-1.240729635,1.551963814,1.383965961,1.602502688,-0.6475521969,-0.161180459,-0.06181004292,-0.1094292293,0.0003184989114,0.1204880424,-0.1594904736,-0.2090468344,0.1663389454,0.02367774665,0.07683384402,0.006036406602,0.0165354036,-0.05965958175,-0.1258613618,0.02356169022,0.0961272117,0.008504984449,0.009260692672,0.008504984449,0.002637795173,0.01141732279,0.1760818458,0.1135826781,0.001425795058
1.42,0.7589269638,-0.09912188299,0.140812085,-0.01931469839,0.002637792114,0.999996521,0.0264142499,0.9996510828,0,0,1.288861411,1.647913533,-1.096202352,1.163419448,-0.6165625388,0.6027218053,0.4587888518,-1.239961297,1.552024178,1.384131315,1.601906092,-0.6488108105,-0.1609448421,-0.0608487708,-0.1092670568,0.0003177037846,0.1202298751,-0.1592209303,-0.2086997517,0.1658146045,0.02336551489,0.07666141263,0.006024427185,0.01648256574,-0.05970712438,-0.125305691,0.02354571941,0.09556403814,0.00850276113,0.009287175889,0.00850276113,0.002637795173,0.01141732279,0.1764547523,0.1135826781,0.001422610069
1.43,0.7603321322,-0.09931494914,0.1402178359,-0.01929842867,0.002637792114,0.999996521,0.0264142499,0.9996510828,0,0,1.28776874,1.64791671,-1.095000053,1.161827239,-0.6186495364,0.6043799513,0.4590225069,-1.239194682,1.552084422,1.384296141,1.601309021,-0.6500638674,-0.1607093849,-0.05989313042,-0.1090958842,0.000316877946,0.1199528745,-0.1589381161,-0.2083227326,0.1652676255,0.02304807731,0.0764837304,0.006012280676,0.01642772138,-0.05975659959,-0.1247291177,0.02353033223,0.09498410997,0.008500541912,0.009313612912,0.008500541912,0.002637795173,0.01141732279,0.1767645772,0.1135826781,0.001419433031
1.44,0.7617312455,-0.09950784951,0.1396010785,-0.01928154271,0.002637792114,0.999996521,0.0264142499,0.9996510828,0,0,1.286677781,1.647919879,-1.093800525,1.160237858,-0.6207327637,0.6060326276,0.4592529877,-1.238429845,1.552144545,1.384460418,1.600711455,-0.6513111586,-0.1604740815,-0.05894328932,-0.1089156976,0.0003160214245,0.1196569857,-0.1586420198,-0.2079156698,0.16469801,0.02272549491,0.07630081379,0.005999969654,0.01637087271,-0.05980800636,-0.124131666,0.02351553797,0.09438748379,0.008498326975,0.009340002514,0.008498326975,0.002637795173,0.01141732279,0.1770117674,0.1135826781,0.001416264251
1.45,0.7631240788,-0.09970057794,0.1389618368,-0.01926404116,0.002637792114,0.999996521,0.0264142499,0.9996510828,0,0,1.285588624,1.647923039,-1.092603955,1.158651437,-0.6228119204,0.6076796077,0.4594802427,-1.237666837,1.552204545,1.384624127,1.600113375,-0.6525524753,-0.1602389262,-0.05799941448,-0.1087264853,0.0003151342565,0.1193421586,-0.158332634,-0.2074784636,0.1641057654,0.02239783006,0.07611268062,0.005987496739,0.01631202237,-0.05986134317,-0.1235133656,0.02350134576,0.09377422052,0.008496116503,0.009366343476,0.008496116503,0.002637795173,0.01141732279,0.1771967931,0.1135826781,0.001413104037
1.46,0.7645104074,-0.09989312828,0.1383001406,-0.01924592484,0.002637792114,0.999996521,0.0264142499,0.9996510828,0,0,1.284501359,1.64792619,-1.091410533,1.157068111,-0.624886705,0.6093206653,0.459704221,-1.23690571,1.552264419,1.384787247,1.599514761,-0.6537876089,-0.1600039127,-0.05706167227,-0.1087742772,0.0003153914893,0.1194996099,-0.158595582,-0.2075860587,0.1638705161,0.02181247101,0.07599486481,0.005978173952,0.01622426743,-0.06018713259,-0.1229233274,0.02363555993,0.09302699259,0.008493910674,0.009392634585,0.008493910674,0.002637795173,0.01141732279,0.1773201474,0.1135826781,0.001409952694
1.47,0.7658900069,-0.1000854944,0.1376160253,-0.01922719472,0.002637792114,0.999996521,0.0264142499,0.9996510828,0,0,1.283413617,1.647929344,-1.090215537,1.155482155,-0.6269625656,0.6109593705,0.4599223457,-1.236145761,1.552324201,1.38494949,1.59891289,-0.6550168422,-0.1597675571,-0.05613140235,-0.1088761866,0.0003160134893,0.1197676942,-0.1589925508,-0.2078164076,0.1637083584,0.0211560525,0.07589037767,0.005969410623,0.01612784993,-0.06058136745,-0.1223247816,0.02380621314,0.09223388728,0.008491704717,0.009418885774,0.008491704717,0.002637795173,0.01141732279,0.177513066,0.1135826781,0.00140679878
1.48,0.7672626533,-0.1002776701,0.1369095325,-0.01920785192,0.002637792114,0.999996521,0.0264142499,0.9996510828,0,0,1.282324855,1.647932504,-1.08901786,1.15389223,-0.6290407297,0.6125964541,0.4601339062,-1.235386858,1.552383895,1.385110768,1.598307076,-0.65624009,-0.159529495,-0.05520906348,-0.1093952591,0.0003163991447,0.1204034373,-0.1585519759,-0.2084604532,0.1637443521,0.01997495901,0.07595904057,0.005998852,0.01557945749,-0.06088615773,-0.1214748891,0.02467480652,0.09152113857,0.008489497552,0.009445098299,0.008489497552,0.002637795173,0.01141732279,0.177895834,0.1135826781,0.001403638645
1.49,0.7686281231,-0.1004696494,0.1361807092,-0.01918789775,0.002637792114,0.999996521,0.0264142499,0.9996510828,0,0,1.281230902,1.647935668,-1.087813826,1.15230671,-0.6311253342,0.6142338976,0.4603336558,-1.234627267,1.552443884,1.385266563,1.597698215,-0.6574548389,-0.1592827469,-0.05429385209,-0.1098988145,0.000316525086,0.1210161797,-0.1581000654,-0.2090744502,0.1637517178,0.01879235477,0.07601935594,0.006027766153,0.01503469489,-0.06119036283,-0.1206059754,0.02553302754,0.09079267605,0.008487280628,0.009471334415,0.008487280628,0.002637795173,0.01141732279,0.1784971527,0.1135826781,0.001400474653
1.5,0.7699861933,-0.1006614261,0.1354296085,-0.01916733366,0.002637792114,0.999996521,0.0264142499,0.9996510828,0,0,1.280131914,1.647938834,-1.086603664,1.150725709,-0.6332160787,0.6158714148,0.4605215793,-1.233867074,1.552504162,1.38541691,1.597086311,-0.6586608987,-0.1590274166,-0.05338592533,-0.1096610876,0.0003153265679,0.1206144357,-0.1577280629,-0.2085034297,0.1630426113,0.01843722239,0.07580180337,0.006014042802,0.01497149923,-0.06124961519,-0.1198856191,0.02550940946,0.09009782803,0.008485054257,0.009497592278,0.008485054257,0.002637795173,0.01141732279,0.1792697635,0.1135826781,0.001397309402
1.51,0.7713366412,-0.100852994,0.1346562891,-0.01914616125,0.002637792114,0.999996521,0.0264142499,0.9996510828,0,0,1.279035303,1.647941987,-1.08539752,1.149148429,-0.635301113,0.6175018409,0.4607059516,-1.233109056,1.552564302,1.385566625,1.596473815,-0.6598597548,-0.1587723225,-0.05248494705,-0.1094140006,0.0003140987469,0.1201929788,-0.1573427416,-0.2079010738,0.1623107421,0.0180778337,0.07557907968,0.006000160101,0.01490648639,-0.06131068163,-0.1191447578,0.02548617253,0.08938682592,0.008482833521,0.009523793328,0.008482833521,0.002637795173,0.01141732279,0.1800397734,0.1135826781,0.001394156137
1.52,0.7726792452,-0.1010443473,0.1338608157,-0.01912438229,0.002637792114,0.999996521,0.0264142499,0.9996510828,0,0,1.277941163,1.647945128,-1.08419559,1.147575001,-0.6373801237,0.6191249483,0.4608867299,-1.232353265,1.552624304,1.385715689,1.595860708,-0.6610512024,-0.1585174608,-0.05159107879,-0.1091575571,0.0003128417691,0.1197517874,-0.1569441166,-0.2072673278,0.1615561575,0.01771426362,0.07535121243,0.005986120981,0.01483966211,-0.06137355756,-0.1183834587,0.02546332649,0.08865976036,0.008480618608,0.00954993638,0.008480618608,0.002637795173,0.01141732279,0.1808071067,0.1135826781,0.001391015149
1.53,0.7740137839,-0.1012354797,0.1330432585,-0.01910199871,0.002637792114,0.999996521,0.0264142499,0.9996510828,0,0,1.276849588,1.647948256,-1.082998072,1.14600556,-0.639452797,0.6207405099,0.4610638725,-1.231599753,1.552684165,1.385864086,1.595246972,-0.662235037,-0.1582628275,-0.05070448119,-0.1088917633,0.0003115557881,0.119290845,-0.1565322064,-0.2066021457,0.1607789114,0.01734658805,0.07511823052,0.00597192841,0.01477103264,-0.06143823787,-0.1176017942,0.02544088096,0.08791672612,0.008478409703,0.00957602026,0.008478409703,0.002637795173,0.01141732279,0.1815716878,0.1135826781,0.001387886732
1.54,0.775340037,-0.1014263852,0.1322036939,-0.0190790126,0.002637792114,0.999996521,0.0264142499,0.9996510828,0,0,1.27576067,1.647951372,-1.081805163,1.144440238,-0.6415188185,0.622348299,0.4612373384,-1.23084857,1.552743884,1.386011796,1.59463259,-0.663411055,-0.1580084187,-0.04982531392,-0.1086166277,0.0003102409648,0.1188101405,-0.1561070335,-0.2059054898,0.1599790632,0.01697488386,0.07488016417,0.005957585392,0.01470060466,-0.06150471702,-0.1167998422,0.02541884541,0.0871578221,0.008476206991,0.009602043802,0.008476206991,0.002637795173,0.01141732279,0.1823334415,0.1135826781,0.001384771174
1.55,0.7766577847,-0.1016170579,0.1313422039,-0.0190554262,0.002637792114,0.999996521,0.0264142499,0.9996510828,0,0,1.274674504,1.647954474,-1.080617062,1.142879168,-0.6435778734,0.6239480896,0.4614070873,-1.230099769,1.55280346,1.386158802,1.594017543,-0.6645790534,-0.1577542303,-0.0489537357,-0.1083321615,0.0003088974682,0.1183096683,-0.1556686235,-0.2051773312,0.1591566786,0.01659922888,0.07463704491,0.005943094967,0.01462838537,-0.06157298896,-0.1159776857,0.0253972292,0.08638315133,0.008474010658,0.009628005854,0.008474010658,0.002637795173,0.01141732279,0.183092293,0.1135826781,0.001381668764
1.56,0.7779668083,-0.1018074918,0.1304588761,-0.01903124191,0.002637792114,0.999996521,0.0264142499,0.9996510828,0,0,1.273591182,1.647957563,-1.079433965,1.141322481,-0.6456296467,0.6255396564,0.4615730795,-1.229353398,1.552862891,1.386305086,1.593401813,-0.6657388302,-0.157500258,-0.04808990419,-0.1080383784,0.0003075254741,0.1177894281,-0.1552170057,-0.2044176496,0.1583118294,0.01621970181,0.07438890561,0.005928460208,0.01455438242,-0.06164304718,-0.1151354133,0.02537604154,0.0855928209,0.008471820888,0.009653905271,0.008471820888,0.002637795173,0.01141732279,0.1838481674,0.1135826781,0.001378579789
1.57,0.7792668898,-0.1019976808,0.1295538043,-0.0190064623,0.002637792114,0.999996521,0.0264142499,0.9996510828,0,0,1.272510798,1.647960639,-1.078256071,1.139770311,-0.6476738232,0.6271227747,0.4617352766,-1.228609509,1.552922175,1.38645063,1.592785382,-0.6668901844,-0.1572464976,-0.04723397598,-0.1077352945,0.0003061251662,0.1172494251,-0.1547522131,-0.2036264336,0.1574445931,0.01583638225,0.07413578043,0.005913684219,0.01447860394,-0.06171488469,-0.1142731189,0.02535529152,0.08478694198,0.008469637865,0.009679740922,0.008469637865,0.002637795173,0.01141732279,0.1846009904,0.1135826781,0.001375504535
1.58,0.7805578122,-0.102187619,0.1286270878,-0.01898109009,0.002637792114,0.999996521,0.0264142499,0.9996510828,0,0,1.271433445,1.6479637,-1.077083577,1.138222789,-0.6497100875,0.6286972207,0.4618936404,-1.227868152,1.552981312,1.386595416,1.592168234,-0.6680329156,-0.1569929447,-0.04638610656,-0.1074229285,0.0003046967354,0.1166896699,-0.1542742822,-0.2028036805,0.1565550536,0.01544935066,0.07387770482,0.005898770136,0.01440105853,-0.061788494,-0.1133909016,0.02533498805,0.08396562979,0.008467461773,0.009705511684,0.008467461773,0.002637795173,0.01141732279,0.1853506881,0.1135826781,0.001372443283
1.59,0.7818393597,-0.1023773006,0.1276788319,-0.01895512817,0.002637792114,0.999996521,0.0264142499,0.9996510828,0,0,1.270359216,1.647966747,-1.07591668,1.136680046,-0.6517381243,0.6302627712,0.4620481339,-1.227129374,1.5530403,1.386739427,1.591550349,-0.6691668246,-0.1567395948,-0.04554645026,-0.1073111892,0.0003041114294,0.1165438068,-0.1542630098,-0.2024648849,0.1559542348,0.01484193965,0.07369446645,0.005791980043,0.01419117878,-0.06207759197,-0.1124194619,0.02536084102,0.08294793226,0.008465292794,0.009731216449,0.008465292794,0.002637795173,0.01141732279,0.1860971867,0.1135826781,0.001369396316
1.6,0.7831113174,-0.1025667196,0.1267091476,-0.01892857956,0.002637792114,0.999996521,0.0264142499,0.9996510828,0,0,1.269286104,1.647969788,-1.074751242,1.135137416,-0.6537627732,0.6318223135,0.4621965533,-1.22639243,1.55309822,1.386881338,1.590929573,-0.6702910192,-0.1564859864,-0.04471697094,-0.107367676,0.0003044021999,0.1167477232,-0.1546413124,-0.2025352448,0.1555923863,0.01404648614,0.07357585666,0.005591866228,0.01385128396,-0.06254637761,-0.1113516118,0.02541242582,0.08174846279,0.008463126895,0.009756545074,0.008463126895,0.002637795173,0.01155076206,0.186840413,0.1135826781,0.001366355201
1.61,0.7843734716,-0.1027558703,0.1257181517,-0.01890144746,0.002637792114,0.999996521,0.0264142499,0.9996510828,0,0,1.268212427,1.647972832,-1.073583765,1.133591003,-0.6557881256,0.6333782374,0.4623370181,-1.225656671,1.553154138,1.387019851,1.590304109,-0.6714045353,-0.1562318621,-0.04389948631,-0.1072810645,0.0003035828921,0.1164905685,-0.154092636,-0.2020627875,0.1548736223,0.013345176,0.07340141931,0.005536451505,0.01354467936,-0.06270716512,-0.1102866637,0.02564181687,0.08080913503,0.008460960711,0.009781182533,0.008460960711,0.002637795173,0.01192906329,0.1875802939,0.1135826781,0.001363311179
1.62,0.7856256098,-0.1029447467,0.1247059668,-0.01887373525,0.002637792114,0.999996521,0.0264142499,0.9996510828,0,0,1.267139617,1.647975868,-1.072418859,1.132050077,-0.6578087535,0.6349269736,0.4624704699,-1.224922657,1.553209503,1.387155298,1.589677037,-0.6725074019,-0.1559754439,-0.04309139496,-0.1080576889,0.0003041750946,0.11744298,-0.1534187465,-0.2030680725,0.1549539095,0.01159714502,0.07354679801,0.005437950829,0.0125711233,-0.0631598163,-0.1088825378,0.02680765506,0.07969159145,0.00845879708,0.009805593315,0.00845879708,0.002637795173,0.01230681608,0.188316757,0.1135291905,0.00136027535
1.63,0.7868675208,-0.103133343,0.1236727214,-0.01884544642,0.002637792114,0.999996521,0.0264142499,0.9996510828,0,0,1.26605904,1.64797891,-1.071244429,1.130515889,-0.6598394342,0.6364765127,0.4625864414,-1.224187189,1.553263882,1.387281009,1.589045439,-0.6735962273,-0.1557073674,-0.04229447905,-0.1076926378,0.0003027091247,0.116787665,-0.1528795153,-0.2020991275,0.1539467961,0.01119407127,0.07325982287,0.005421650964,0.01249212054,-0.06323715538,-0.1079047587,0.02677307122,0.07879663638,0.008456618529,0.009829554198,0.008456618529,0.002637795173,0.01268400884,0.1890497305,0.1132684504,0.001357233599
1.64,0.7880989945,-0.1033216537,0.1226185497,-0.01881658467,0.002637792114,0.999996521,0.0264142499,0.9996510828,0,0,1.264982113,1.647981937,-1.070076553,1.128987094,-0.6618604255,0.6380159807,0.4626983821,-1.223454591,1.553318099,1.387405931,1.588413068,-0.6746752749,-0.1554396367,-0.04150651268,-0.1073181332,0.00030121386,0.1161120948,-0.1523273632,-0.2010978632,0.1529176938,0.01078828491,0.07296804271,0.005405293542,0.0124116508,-0.06331612038,-0.1069079053,0.02673880581,0.07788711642,0.008454448166,0.009853442137,0.008454448166,0.002637795173,0.0130606301,0.1897791426,0.1130633081,0.001354206508
1.65,0.7893198225,-0.1035096728,0.1215435917,-0.01878715381,0.002637792114,0.999996521,0.0264142499,0.9996510828,0,0,1.263908932,1.647984949,-1.068915432,1.127463821,-0.6638714041,0.6395451576,0.4628062649,-1.22272491,1.553372152,1.387530047,1.587779906,-0.675744354,-0.1551722486,-0.04072764152,-0.1069342115,0.0002996895017,0.1154163147,-0.1517623508,-0.2000643318,0.1518667289,0.01037987432,0.07267150261,0.00538888246,0.01232972559,-0.06339670121,-0.1058921145,0.02670486984,0.07696317475,0.008452286175,0.00987725633,0.008452286175,0.002637795173,0.01343666842,0.1905049221,0.1129129999,0.00135119437
1.66,0.7905297975,-0.1036973949,0.1204479933,-0.01875715785,0.002637792114,0.999996521,0.0264142499,0.9996510828,0,0,1.26283959,1.647987946,-1.067761269,1.125946197,-0.6658720474,0.6410638249,0.4629100637,-1.221998195,1.553426041,1.387653344,1.587145939,-0.6768032751,-0.1549051999,-0.03995800977,-0.1065409122,0.0002981362583,0.1147003759,-0.1511845424,-0.1989985952,0.1507940339,0.009968928339,0.07237024893,0.005372421617,0.01224635683,-0.06347888732,-0.1048575283,0.02667127418,0.07602495843,0.008450132739,0.009900995992,0.008450132739,0.002637795173,0.01381211246,0.1912269984,0.112816743,0.001348197475
1.67,0.791728714,-0.1038848141,0.1193319062,-0.01872660093,0.002637792114,0.999996521,0.0264142499,0.9996510828,0,0,1.261774181,1.647990927,-1.066614265,1.124434352,-0.6678620334,0.6425717652,0.4630097529,-1.221274493,1.553479765,1.387775808,1.586511151,-0.6778518504,-0.1546384872,-0.03919776019,-0.1061382774,0.0002965543471,0.1139643359,-0.1505940058,-0.1979007253,0.1496997476,0.009555536232,0.07206432931,0.005355914912,0.01216155683,-0.06356266771,-0.1038042941,0.02663802953,0.07507261835,0.008447988041,0.009924660349,0.008447988041,0.002637795173,0.01418695097,0.1919453013,0.1127737356,0.001345216112
1.68,0.7929163679,-0.104071925,0.1181954877,-0.01869548738,0.002637792114,0.999996521,0.0264142499,0.9996510828,0,0,1.260712798,1.647993893,-1.065474622,1.122928412,-0.6698410407,0.6440687627,0.4631053083,-1.22055385,1.553533324,1.387897423,1.585875524,-0.6788898933,-0.1543721069,-0.03844703401,-0.1057263519,0.0002949439933,0.1132082582,-0.1499908129,-0.1967708034,0.1485840152,0.00913978768,0.07175379267,0.005339366241,0.0120753383,-0.06364803091,-0.1027325645,0.02660514644,0.07410630926,0.00844585226,0.009948248648,0.00844585226,0.002637795173,0.01456117277,0.1926597611,0.1127831573,0.001342250568
1.69,0.7940925566,-0.104258722,0.1170389012,-0.01866382164,0.002637792114,0.999996521,0.0264142499,0.9996510828,0,0,1.259655535,1.647996842,-1.064342539,1.121428504,-0.6718087487,0.6455546029,0.4631967062,-1.219836312,1.553586718,1.388018177,1.585239044,-0.679917219,-0.1541060554,-0.03770597091,-0.1053051833,0.0002933054302,0.1124322123,-0.149375039,-0.1956089212,0.1474469878,0.008721772742,0.07143868921,0.0053227795,0.01198771438,-0.063734965,-0.1016424975,0.02657263533,0.07312618971,0.008443725576,0.009971760148,0.008443725576,0.002637795173,0.01493476677,0.1933703087,0.1128441695,0.001339301129
1.7,0.7952570793,-0.1044451996,0.1158623157,-0.01863160837,0.002637792114,0.999996521,0.0264142499,0.9996510828,0,0,1.258602483,1.647999775,-1.063218217,1.119934753,-0.6737648379,0.6470290728,0.4632839239,-1.219121925,1.553639946,1.388138054,1.584601694,-0.680933644,-0.1538403291,-0.03697470902,-0.1048748222,0.0002916388993,0.1116362742,-0.1487467634,-0.1944151799,0.1462888231,0.008301581828,0.07111907037,0.005306158579,0.01189869857,-0.06382345759,-0.1005342561,0.02654050642,0.07213242206,0.008441608167,0.009995194127,0.008441608167,0.002637795173,0.01530772197,0.1940768756,0.1129559155,0.001336368074
1.71,0.7964097368,-0.1046313524,0.114665906,-0.01859885233,0.002637792114,0.999996521,0.0264142499,0.9996510828,0,0,1.257553735,1.648002691,-1.062101854,1.118447285,-0.6757089897,0.648491961,0.4633669397,-1.218410734,1.553693007,1.388257041,1.583963459,-0.6819389865,-0.153574924,-0.03625338479,-0.1044353218,0.0002899446506,0.1108205257,-0.148106069,-0.1931896912,0.1451096848,0.007879305673,0.07079498888,0.005289507363,0.01180830479,-0.06391349586,-0.09940800902,0.02650876978,0.07112517247,0.008439500211,0.01001854988,0.008439500211,0.002637795173,0.01568002747,0.1947793938,0.1131175211,0.001333451685
1.72,0.7975503319,-0.1048171749,0.1134498528,-0.01856555849,0.002637792114,0.999996521,0.0264142499,0.9996510828,0,0,1.256509381,1.648005591,-1.060993649,1.116966225,-0.6776408866,0.6499430578,0.4634457328,-1.217702784,1.553745902,1.388375124,1.583324324,-0.6829330666,-0.1533098363,-0.03554213307,-0.1039958835,0.0002882452913,0.1100045868,-0.1474731664,-0.1919561175,0.1439228064,0.00744552644,0.07046909652,0.005272897617,0.01171557503,-0.06401374393,-0.09826537413,0.02648193885,0.07010075571,0.008437401883,0.01004182671,0.008437401883,0.002637795173,0.01605167246,0.195477796,0.113328095,0.001330552239
1.73,0.798678669,-0.1050026618,0.1122143427,-0.01853173193,0.002637792114,0.999996521,0.0264142499,0.9996510828,0,0,1.255469422,1.648008473,-1.059893603,1.115491493,-0.6795604478,0.6513822859,0.4635201881,-1.216998093,1.553798631,1.38849228,1.582684187,-0.6839157203,-0.1530450169,-0.03484112551,-0.1041668047,0.0002880858939,0.1104943063,-0.1481888427,-0.1922892619,0.1435989593,0.006364860947,0.07031394947,0.005262683845,0.01155786953,-0.06470133278,-0.09720486479,0.02676064736,0.06880430414,0.008435313172,0.01006502419,0.008435313172,0.002637795173,0.01641732268,0.1961720155,0.1135826781,0.001327669786
1.74,0.7997945545,-0.1051878078,0.1109595678,-0.01849737794,0.002637792114,0.999996521,0.0264142499,0.9996510828,0,0,1.254427754,1.648011354,-1.05878866,1.114009605,-0.6814833404,0.6528182755,0.4635838367,-1.216294954,1.553851258,1.388607858,1.582037174,-0.684887769,-0.1527774104,-0.03415308247,-0.1037020522,0.000286418556,0.1096283922,-0.1475113727,-0.1909814999,0.1423584753,0.00593307245,0.06997569133,0.005249520696,0.01146756591,-0.06479401821,-0.09602976438,0.02673127311,0.06776115216,0.008433221809,0.01008816395,0.008433221809,0.002637795173,0.01641732268,0.1968619855,0.1135826781,0.001324788927
1.75,0.8008977968,-0.1053726076,0.1096857263,-0.01846250193,0.002637792114,0.999996521,0.0264142499,0.9996510828,0,0,1.253390734,1.648014218,-1.057692376,1.112534491,-0.6833931554,0.6542418602,0.4636431674,-1.215595197,1.553903753,1.388722534,1.581389233,-0.6858480666,-0.1525100977,-0.03347547095,-0.1032283228,0.0002847222752,0.1087427921,-0.1468217624,-0.1896421821,0.1410976651,0.005499685281,0.06963320472,0.005236270207,0.01137586446,-0.06488819226,-0.09483729474,0.02670228604,0.06670516683,0.008431140572,0.01011123484,0.008431140572,0.002637795173,0.01641732268,0.197547641,0.1135826781,0.001321924741
1.76,0.8019882062,-0.1055570561,0.1083930219,-0.01842710948,0.002637792114,0.999996521,0.0264142499,0.9996510828,0,0,1.252358451,1.648017066,-1.056604948,1.111066273,-0.6852895772,0.6556528369,0.4636981642,-1.214898865,1.553956116,1.388836293,1.580740351,-0.6867964396,-0.1522430748,-0.03280841928,-0.1029903366,0.0002832893578,0.1081941491,-0.1460883178,-0.188731777,0.1400453307,0.004757218327,0.06936984319,0.005226628986,0.01111994458,-0.06506413838,-0.09355362215,0.02693510891,0.06560133311,0.008429069633,0.01013423599,0.008429069633,0.002637795173,0.01641732268,0.1982289173,0.1135826781,0.001319077519
1.77,0.8030655951,-0.1057411481,0.1070816645,-0.01839120634,0.002637792114,0.999996521,0.0264142499,0.9996510828,0,0,1.251328547,1.648019899,-1.055523007,1.10960539,-0.687176895,0.6570532902,0.4637457364,-1.214205166,1.554008382,1.388947492,1.58008971,-0.6877319758,-0.1519737238,-0.03215240595,-0.1034735903,0.0002826976246,0.1086936197,-0.1452489717,-0.1891716293,0.139655174,0.003092522925,0.06935026038,0.005227968949,0.01037799348,-0.06548083022,-0.09203245423,0.02794624552,0.06438038928,0.008427004227,0.01015715772,0.008427004227,0.002637795173,0.01641732268,0.1989057503,0.1135395879,0.001316244625
1.78,0.804129778,-0.1059248785,0.1057518695,-0.0183547984,0.002637792114,0.999996521,0.0264142499,0.9996510828,0,0,1.250293811,1.648022725,-1.05443607,1.1081529,-0.6890686113,0.6584498419,0.4637766617,-1.213511664,1.554060662,1.389051272,1.579434902,-0.6886523003,-0.1516942613,-0.03150860206,-0.102960651,0.0002808977871,0.1077371103,-0.1445267144,-0.1877276484,0.1383225789,0.002665979221,0.068990022,0.00521434644,0.01029270121,-0.06557466707,-0.09079353662,0.02790132357,0.06328948725,0.008424929814,0.01017997313,0.008424929814,0.002637795173,0.01641732268,0.1995780763,0.113352009,0.001313417649
1.79,0.8051805717,-0.1061082424,0.1044038582,-0.01831789172,0.002637792114,0.999996521,0.0264142499,0.9996510828,0,0,1.249264205,1.648025534,-1.053358699,1.106707633,-0.6909458878,0.6598330677,0.4638033214,-1.212821764,1.554112805,1.389154199,1.578779155,-0.6895602357,-0.1514152481,-0.03087570719,-0.1024387525,0.0002790698314,0.106760874,-0.1437927472,-0.1862520176,0.1369702298,0.002238655156,0.06862573382,0.005200641882,0.01020620276,-0.06566985588,-0.08953812135,0.02785661845,0.06218653315,0.008422866476,0.01020271709,0.008422866476,0.002637795173,0.01641732268,0.2002458335,0.1132112776,0.001310608671
1.8,0.8062177952,-0.1062912347,0.1030378576,-0.01828049252,0.002637792114,0.999996521,0.0264142499,0.9996510828,0,0,1.248239817,1.648028325,-1.052291091,1.105269706,-0.6928084079,0.66120277,0.463825708,-1.212135506,1.554164812,1.389256261,1.578122457,-0.6904556169,-0.1511366819,-0.03025384185,-0.1019079749,0.0002772140519,0.1057650482,-0.1430471865,-0.1847449368,0.1355983487,0.001810643789,0.06825746097,0.005186858022,0.01011851257,-0.06576638088,-0.08826642225,0.02781214113,0.06107172507,0.008420814382,0.01022538881,0.008420814382,0.002637795173,0.01641732268,0.2009089601,0.1131164403,0.001307817973
1.81,0.8072412697,-0.1064738506,0.1016541008,-0.01824260718,0.002637792114,0.999996521,0.0264142499,0.9996510828,0,0,1.247220738,1.648031097,-1.05123344,1.103839234,-0.6946558573,0.6625587535,0.4638438144,-1.211452932,1.55421668,1.389357446,1.577464793,-0.6913382812,-0.1508585605,-0.0296431246,-0.1013684012,0.0002753307518,0.1047497771,-0.1422901526,-0.1832066171,0.134207164,0.00138203805,0.06788526983,0.005172997624,0.01002964548,-0.06586422583,-0.08697865841,0.02776790249,0.05994526478,0.0084187737,0.01024798749,0.0084187737,0.002637795173,0.01641732268,0.2015673949,0.1130665296,0.001305045832
1.82,0.8082508188,-0.1066560853,0.1002528263,-0.01820424223,0.002637792114,0.999996521,0.0264142499,0.9996510828,0,0,1.246207054,1.648033851,-1.050185942,1.102416332,-0.6964879235,0.6639008252,0.4638576348,-1.210774079,1.55426841,1.389457743,1.576806151,-0.6922080677,-0.1505808814,-0.02904367196,-0.1008201178,0.0002734202442,0.1037152117,-0.1415217695,-0.1816372805,0.1327969107,0.0009529307127,0.067509228,0.005159063468,0.009939616705,-0.06596337406,-0.08567505421,0.02772391322,0.05880735767,0.008416744595,0.01027051235,0.008416744595,0.002637795173,0.01641732268,0.202221078,0.113060564,0.001302292525
1.83,0.8092462686,-0.1068379339,0.09883427878,-0.01816540437,0.002637792114,0.999996521,0.0264142499,0.9996510828,0,0,1.245198852,1.648036585,-1.04914879,1.101001115,-0.6983042963,0.6652287943,0.4638671641,-1.210098987,1.554320001,1.389557139,1.576146517,-0.6930648183,-0.1503036423,-0.02845559838,-0.1002632136,0.0002714828509,0.1026615101,-0.1407421653,-0.1800371605,0.1313678303,0.000523414374,0.06712940433,0.005145058355,0.009848441865,-0.06606380847,-0.08435583926,0.02768018392,0.05765821278,0.008414727229,0.01029296262,0.008414727229,0.002637795173,0.01641732268,0.2028699499,0.1130975485,0.001299558322
1.84,0.8102274477,-0.1070193918,0.09739870843,-0.01812610045,0.002637792114,0.999996521,0.0264142499,0.9996510828,0,0,1.24419622,1.6480393,-1.048122175,1.099593693,-0.7001046679,0.6665424726,0.4638723983,-1.209427693,1.554371452,1.389655623,1.575485879,-0.6939083767,-0.1500268405,-0.02787901625,-0.09969778104,0.0002695189036,0.1015888371,-0.1399514722,-0.1784065015,0.1299201706,9.358143153e-05,0.06674586886,0.005130985102,0.009756136963,-0.0661655115,-0.08302124846,0.02763672502,0.05649804275,0.008412721766,0.01031533755,0.008412721766,0.002637795173,0.01641732268,0.203513952,0.1131764749,0.001296843494
1.85,0.8111941869,-0.1072004544,0.0959463714,-0.01808633748,0.002637792114,0.999996521,0.0264142499,0.9996510828,0,0,1.243199243,1.648041995,-1.047106287,1.098194178,-0.7018887329,0.6678416743,0.4638733341,-1.208760234,1.554422761,1.389753185,1.574824224,-0.6947385892,-0.1497504732,-0.02731403582,-0.09912391534,0.000267528743,0.1004973645,-0.139149826,-0.1767455594,0.1284541862,-0.0003364759373,0.06635869287,0.00511684654,0.009662718396,-0.06626846517,-0.08167152199,0.02759354681,0.05532706387,0.008410728362,0.01033763641,0.008410728362,0.002637795173,0.01641732268,0.2041530269,0.1132963228,0.001294148305
1.86,0.8121463201,-0.107381117,0.09447752962,-0.01804612263,0.002637792114,0.999996521,0.0264142499,0.9996510828,0,0,1.242208003,1.64804467,-1.046101313,1.09680268,-0.7036561885,0.6691262161,0.4638699693,-1.208096647,1.55447393,1.389849812,1.574161539,-0.6955553044,-0.1494745378,-0.02676076518,-0.09877267478,0.0002659264701,0.09989603753,-0.1388257668,-0.1756744579,0.1272883155,-0.001007747924,0.06602999289,0.005106621677,0.009548544226,-0.06657665548,-0.08034333142,0.02765556799,0.05405684507,0.008408747177,0.01035985848,0.008408747177,0.002637795173,0.01641732268,0.2047871175,0.1134560592,0.001291473017
1.87,0.8130836834,-0.1075613753,0.09299245081,-0.01800546324,0.002637792114,0.999996521,0.0264142499,0.9996510828,0,0,1.241220277,1.648047329,-1.045102353,1.095414422,-0.7054129331,0.6703990993,0.4638598918,-1.207436347,1.554524996,1.389945297,1.573495772,-0.6963587377,-0.1491979821,-0.02622019673,-0.09862995256,0.0002646228227,0.09975658327,-0.138947049,-0.1751599816,0.1264020239,-0.001906612323,0.0657555195,0.005100097118,0.00941487983,-0.06707554498,-0.07903454132,0.02781497961,0.05269362725,0.008406773735,0.01038201696,0.008406773735,0.002637795173,0.01641732268,0.2054161684,0.1135826781,0.001288813752
1.88,0.8140061159,-0.1077412249,0.09149140849,-0.01796436678,0.002637792114,0.999996521,0.0264142499,0.9996510828,0,0,1.240233977,1.648049976,-1.044104787,1.094024952,-0.7071645329,0.6716631195,0.4638408257,-1.206778792,1.554575997,1.390039446,1.572825017,-0.6971490831,-0.1489198323,-0.02569326046,-0.09803258545,0.0002624646693,0.0986165904,-0.1381125065,-0.1734198155,0.124882511,-0.002339937706,0.0653574442,0.005085841737,0.009318177484,-0.06718032148,-0.07764087799,0.02777125458,0.05149191914,0.008404803847,0.01040412433,0.008404803847,0.002637795173,0.01641732268,0.2060401249,0.1135826781,0.001286167524
1.89,0.8149134593,-0.1079206612,0.08997468199,-0.01792284092,0.002637792114,0.999996521,0.0264142499,0.9996510828,0,0,1.239253651,1.6480526,-1.043118621,1.092643827,-0.7088987311,0.6729119446,0.4638174263,-1.206125217,1.554626856,1.390132628,1.572153214,-0.6979254919,-0.1486421197,-0.02517834127,-0.09742710204,0.0002602842864,0.09745822664,-0.1372674915,-0.1716500531,0.1233456766,-0.002772967365,0.06495602134,0.005071529709,0.009220437458,-0.06728627086,-0.07623308335,0.02772786397,0.05028031595,0.008402846614,0.01042615306,0.008402846614,0.002637795173,0.01641732268,0.2066589325,0.1135826781,0.001283542878
1.9,0.8158055582,-0.1080996803,0.08844255645,-0.01788089345,0.002637792114,0.999996521,0.0264142499,0.9996510828,0,0,1.23827938,1.648055203,-1.042144039,1.091271152,-0.7106152316,0.6741454014,0.4637896967,-1.205475657,1.554677571,1.390224832,1.571480351,-0.6986878227,-0.1483648411,-0.02467553811,-0.09681361263,0.000258082086,0.09628169704,-0.1364121597,-0.1698510044,0.1217918076,-0.003205609565,0.06455132834,0.005057163926,0.009121678131,-0.06739337328,-0.07481142385,0.02768481761,0.04905905177,0.008400902186,0.01044810249,0.008400902186,0.002637795173,0.01641732268,0.2072725383,0.1135826781,0.001280940035
1.91,0.8166822601,-0.1082782777,0.08689532281,-0.01783853234,0.002637792114,0.999996521,0.0264142499,0.9996510828,0,0,1.237311244,1.648057784,-1.041181222,1.08990703,-0.7123137416,0.6753633195,0.4637576406,-1.204830144,1.554728142,1.390316049,1.570806417,-0.699435937,-0.1480879929,-0.02418494759,-0.09619223069,0.0002558584884,0.09508721392,-0.1355466709,-0.1680229914,0.1202211974,-0.003637772974,0.06414344381,0.005042747296,0.009021918276,-0.0675016085,-0.07337617123,0.02764212517,0.04782836426,0.00839897071,0.01046997196,0.00839897071,0.002637795173,0.01641732268,0.2078808902,0.1135826781,0.001278359214
1.92,0.8175434153,-0.1084564496,0.08533327781,-0.01779576572,0.002637792114,0.999996521,0.0264142499,0.9996510828,0,0,1.236349322,1.648060343,-1.04023035,1.088551564,-0.7139939715,0.6765655315,0.4637212628,-1.204188709,1.55477857,1.390406268,1.570131401,-0.7001696987,-0.1478115717,-0.02370666395,-0.09556307284,0.0002536139221,0.0938749969,-0.1346711888,-0.1661663475,0.1186341461,-0.004069366681,0.06373244759,0.005028282741,0.008921177052,-0.06761095579,-0.07192760246,0.02759979612,0.04658849458,0.008397052331,0.01049176086,0.008397052331,0.002637795173,0.01641732268,0.2084839371,0.1135826781,0.001275800629
1.93,0.8183888772,-0.1086341917,0.08375672399,-0.01775260187,0.002637792114,0.999996521,0.0264142499,0.9996510828,0,0,1.235393691,1.648062879,-1.0392916,1.087204852,-0.715655635,0.6777518729,0.4636805692,-1.203551385,1.554828853,1.39049548,1.569455292,-0.7008889747,-0.1475355737,-0.023240779,-0.09492625887,0.0002513488241,0.09264527291,-0.1337858814,-0.1642814184,0.1170309603,-0.004500300211,0.06331842068,0.005013773201,0.008819474012,-0.067721394,-0.0704659998,0.02755783978,0.04533968744,0.008395147191,0.01051346857,0.008395147191,0.002637795173,0.01641732268,0.209081629,0.1135826781,0.00127326449
1.94,0.8192185024,-0.1088115003,0.08216596971,-0.01770904922,0.002637792114,0.999996521,0.0264142499,0.9996510828,0,0,1.234444428,1.648065392,-1.038365147,1.085866993,-0.7172984492,0.6789221825,0.4636355662,-1.202918201,1.55487899,1.390583675,1.568778078,-0.7015936347,-0.1472599953,-0.02278738213,-0.09428191173,0.0002490636394,0.0913982762,-0.1328909206,-0.1623685614,0.1154119533,-0.004930483542,0.06290144531,0.004999221626,0.008716829097,-0.06783290153,-0.06899165075,0.02751626526,0.04408219105,0.008393255431,0.01053509449,0.008393255431,0.002637795173,0.01641732268,0.2096739169,0.1135826781,0.001270751001
1.95,0.8200321504,-0.1089883714,0.08056132911,-0.01766511639,0.002637792114,0.999996521,0.0264142499,0.9996510828,0,0,1.233501609,1.648067883,-1.037451164,1.084538084,-0.7189221348,0.6800763021,0.4635862613,-1.202289186,1.554928983,1.390670843,1.568099749,-0.7022835512,-0.1469848327,-0.02234656022,-0.09425717541,0.0002477140223,0.09108908954,-0.1319066977,-0.1617286638,0.114358064,-0.006197271005,0.06268141765,0.004992035594,0.008210651786,-0.06814622351,-0.06730867897,0.02810457269,0.04271553147,0.008391377187,0.01055663804,0.008391377187,0.002637795173,0.01641732268,0.2102607528,0.1135826781,0.001268260365
1.96,0.8208296838,-0.1091648014,0.07894312216,-0.01762081214,0.002637792114,0.999996521,0.0264142499,0.9996510828,0,0,1.232559038,1.64807036,-1.036540273,1.083219017,-0.7205394215,0.6812198827,0.4635242886,-1.201662372,1.554978903,1.39075295,1.567418286,-0.702956638,-0.1467037869,-0.0219194049,-0.09390685358,0.0002459202401,0.09028249327,-0.1309546105,-0.1604099327,0.1129941031,-0.007041070604,0.06235644804,0.004981095043,0.007909295508,-0.06835817256,-0.06571363266,0.02837135431,0.04139230569,0.008389500059,0.01057807052,0.008389500059,0.002637795173,0.01641732268,0.2109923719,0.113532472,0.001265783225
1.97,0.8216109687,-0.1093407865,0.07731167461,-0.01757614537,0.002637792114,0.999996521,0.0264142499,0.9996510828,0,0,1.231619969,1.648072819,-1.035637448,1.081909471,-0.7221435208,0.6823498237,0.4634538779,-1.201038808,1.555028714,1.390832043,1.566734705,-0.7036137743,-0.1464200734,-0.02150548185,-0.09322329788,0.0002436210254,0.08896348062,-0.1300350585,-0.1583894993,0.1113133178,-0.007448843812,0.06192474703,0.004966277328,0.007816666013,-0.06846663196,-0.06420883723,0.02831077356,0.04011362078,0.008387630558,0.01059940592,0.008387630558,0.002637795173,0.01641732268,0.2117919856,0.1134840326,0.001263324022
1.98,0.8223758742,-0.1095163231,0.07566731803,-0.01753112517,0.002637792114,0.999996521,0.0264142499,0.9996510828,0,0,1.230687736,1.648075255,-1.034747813,1.08060912,-0.7237274158,0.6834629569,0.4633793895,-1.20041956,1.555078377,1.390910209,1.566050038,-0.7042558627,-0.1461369657,-0.02110434564,-0.09253250066,0.0002413006971,0.08762767907,-0.1291065714,-0.1563418436,0.1096178212,-0.007855071528,0.06149039511,0.004951425075,0.007723270784,-0.06857601574,-0.06269254968,0.02825047632,0.03882729135,0.008385775336,0.01062065841,0.008385775336,0.002637795173,0.01641732268,0.2125813176,0.113467905,0.001260887812
1.99,0.8231242731,-0.1096914078,0.07401038979,-0.01748576078,0.002637792114,0.999996521,0.0264142499,0.9996510828,0,0,1.229762411,1.648077668,-1.033871537,1.079318054,-0.7252908342,0.6845591351,0.4633008388,-1.199804656,1.555127891,1.390987442,1.565364278,-0.7048827882,-0.1458544609,-0.02071607273,-0.09183460444,0.0002389597337,0.08627536446,-0.1281693407,-0.1542673886,0.1079079631,-0.008259670361,0.06105348176,0.004936541337,0.007629129078,-0.06868630135,-0.06116508256,0.02819047497,0.03753358239,0.008383934521,0.01064182746,0.008383934521,0.002637795173,0.01641732268,0.2133602881,0.1134829865,0.001258474805
2,0.8238560413,-0.1098660372,0.07234123306,-0.01744006158,0.002637792114,0.999996521,0.0264142499,0.9996510828,0,0,1.228844065,1.648080058,-1.033008783,1.078036361,-0.7268335081,0.6856382147,0.4632182421,-1.199194121,1.555177256,1.391063733,1.564677415,-0.705494439,-0.1455725561,-0.0203407369,-0.09129440973,0.0002371738031,0.08528011141,-0.1275599141,-0.1526259372,0.1064042443,-0.008835294507,0.06065661412,0.004924168495,0.007521461679,-0.06893340426,-0.05965083664,0.02819944654,0.03617350483,0.008382108241,0.01066291262,0.008382108241,0.002637795173,0.01641732268,0.2141288191,0.1135281677,0.001256085208
2.01,0.8245710582,-0.110040208,0.07066019682,-0.01739403715,0.002637792114,0.999996521,0.0264142499,0.9996510828,0,0,1.227931121,1.64808243,-1.032155982,1.076760762,-0.7283597675,0.6867022572,0.4631298891,-1.198587555,1.555226498,1.391138948,1.563988081,-0.7060909474,-0.1452905617,-0.01997900185,-0.0911309215,0.0002367027904,0.08514056075,-0.1277237878,-0.1520320928,0.1053987981,-0.009812541171,0.06035597603,0.004917702983,0.007383431574,-0.06949661191,-0.05818203273,0.02836772699,0.03466899436,0.008380293358,0.01068392252,0.008380293358,0.002637795173,0.01641732268,0.2148671795,0.1135826781,0.00125371347
2.02,0.8252692068,-0.1102139169,0.06896763584,-0.01734769718,0.002637792114,0.999996521,0.0264142499,0.9996510828,0,0,1.227019812,1.648084797,-1.031304576,1.075483524,-0.7298800884,0.6877562452,0.4630317637,-1.197983996,1.555275675,1.391212782,1.563293115,-0.7066727677,-0.1450068844,-0.01963231191,-0.0904130273,0.0002342962386,0.08374480207,-0.1267595556,-0.1498866775,0.1036472426,-0.01021389381,0.05991137141,0.00490277821,0.00728738175,-0.06960763441,-0.05662283681,0.02830736984,0.03335529768,0.008378482401,0.01070487809,0.008378482401,0.002637795173,0.01641732268,0.2155125762,0.1135826781,0.001251346442
2.03,0.8259503737,-0.1103871609,0.06726391072,-0.01730105155,0.002637792114,0.999996521,0.0264142499,0.9996510828,0,0,1.226115681,1.64808714,-1.030467128,1.074215928,-0.7313789552,0.6887927176,0.4629296248,-1.197384882,1.555324703,1.391285656,1.562597039,-0.7072389961,-0.1447238107,-0.01929875893,-0.08968852831,0.0002318710195,0.08233331981,-0.1257872808,-0.1477157398,0.1018827007,-0.01061310576,0.05946457484,0.004887831448,0.007190664231,-0.0697194649,-0.05505375534,0.02824737344,0.03203532714,0.008376686344,0.01072574858,0.008376686344,0.002637795173,0.01641732268,0.2161205742,0.1135826781,0.00124900348
2.04,0.826614449,-0.110559937,0.06554938783,-0.0172541103,0.002637792114,0.999996521,0.0264142499,0.9996510828,0,0,1.225218796,1.648089458,-1.029643795,1.072958056,-0.7328561126,0.6898115446,0.4628234937,-1.196790236,1.555373581,1.391357563,1.561899844,-0.7077895336,-0.144441337,-0.01897840566,-0.08895758377,0.0002294276613,0.08090642811,-0.1248071761,-0.1455197647,0.100105556,-0.01101009726,0.0590156819,0.004872865823,0.00709329998,-0.0698320791,-0.05347512707,0.02818774972,0.03070936492,0.008374905301,0.01074653355,0.008374905301,0.002637795173,0.01641732268,0.2166922341,0.1135826781,0.001246684769
2.05,0.8272613267,-0.1107322422,0.06382443937,-0.0172068836,0.002637792114,0.999996521,0.0264142499,0.9996510828,0,0,1.22432922,1.648091753,-1.028834731,1.071709984,-0.7343113102,0.6908126002,0.4627133927,-1.196200079,1.55542231,1.391428496,1.561201523,-0.7083242849,-0.1441594595,-0.01867131201,-0.08822035629,0.0002269667019,0.0794644491,-0.1238194581,-0.14329925,0.09831619886,-0.01140478943,0.0585647894,0.004857884478,0.006995310306,-0.06994545228,-0.051887296,0.02812851045,0.02937769658,0.008373139388,0.01076723263,0.008373139388,0.002637795173,0.01641732268,0.2172286225,0.1135826781,0.001244390493
2.06,0.8278909043,-0.1109040737,0.06208944334,-0.01715938182,0.002637792114,0.999996521,0.0264142499,0.9996510828,0,0,1.223447017,1.648094022,-1.028040086,1.070471789,-0.7357443027,0.6917957621,0.4625993448,-1.195614431,1.555470889,1.391498449,1.560502069,-0.7088431579,-0.1438781744,-0.01837753505,-0.08747701188,0.0002244886891,0.07800771284,-0.1228243478,-0.1410547067,0.09651502628,-0.01179710425,0.05811199533,0.004842890572,0.006896716873,-0.07005955933,-0.05029061134,0.02806966728,0.02804061116,0.008371388714,0.01078784543,0.008371388714,0.002637795173,0.01641732268,0.2177308115,0.1135826781,0.001242120826
2.07,0.8285030833,-0.1110754289,0.06034478353,-0.01711161546,0.002637792114,0.999996521,0.0264142499,0.9996510828,0,0,1.222572247,1.648096267,-1.027260009,1.069243546,-0.7371548498,0.6927609124,0.4624813738,-1.195033311,1.555519318,1.391567416,1.559801473,-0.709346064,-0.1435974777,-0.01809712894,-0.08672771992,0.0002219941801,0.07653655735,-0.1218220701,-0.1387866583,0.09470244216,-0.01218696462,0.05765739886,0.004827887278,0.006797541693,-0.07017437469,-0.04868542756,0.02801123169,0.02669840111,0.008369653385,0.0108083716,0.008369653385,0.002637795173,0.01641732268,0.2181998784,0.1135826781,0.001239875939
2.08,0.8290977691,-0.1112463052,0.05859084954,-0.01706359519,0.002637792114,0.999996521,0.0264142499,0.9996510828,0,0,1.221704969,1.648098487,-1.026494644,1.068025325,-0.7385427164,0.6937079368,0.4623595042,-1.194456737,1.555567597,1.391635391,1.559099729,-0.7098329182,-0.1433173654,-0.01783014492,-0.08597265321,0.0002194837421,0.07505132863,-0.1208128542,-0.1364956414,0.09287885714,-0.01257429431,0.05720110037,0.004812877787,0.006697807129,-0.07028987239,-0.04707210435,0.02795321499,0.02535136231,0.008367933504,0.01082881079,0.008367933504,0.002637795173,0.01641732268,0.2186369051,0.1135826781,0.001237655997
2.09,0.8296748707,-0.1114167,0.05682803679,-0.01701533182,0.002637792114,0.999996521,0.0264142499,0.9996510828,0,0,1.220845243,1.648100682,-1.02574413,1.066817197,-0.7399076728,0.6946367254,0.4622337612,-1.193884726,1.555615725,1.391702369,1.558396831,-0.7103036393,-0.1430378332,-0.0175766313,-0.08521198791,0.0002169579519,0.07355238066,-0.1197969335,-0.1341822055,0.09104468862,-0.01295901799,0.05674320145,0.004797865302,0.006597535894,-0.07040602602,-0.04545100663,0.02789562836,0.02399979406,0.008366229171,0.01084916269,0.008366229171,0.002637795173,0.01641732268,0.2190429775,0.1135826781,0.00123546116
2.1,0.8302343015,-0.111586611,0.05505674648,-0.01696683635,0.002637792114,0.999996521,0.0264142499,0.9996510828,0,0,1.219993123,1.648102852,-1.025008607,1.065619227,-0.7412494948,0.6955471723,0.462104171,-1.193317294,1.555663704,1.391768345,1.55769277,-0.7107581494,-0.1427588769,-0.01733663336,-0.0844459036,0.000214417396,0.07204007542,-0.1187745454,-0.1318469129,0.08920036084,-0.01334106125,0.05628380483,0.004782853043,0.006496751053,-0.07052280876,-0.04382250458,0.02783848283,0.0226439991,0.008364540481,0.01086942702,0.008364540481,0.002637795173,0.01641732268,0.2194191852,0.1135826781,0.00123329158
2.11,0.8307759788,-0.111756036,0.05327738563,-0.01691811993,0.002637792114,0.999996521,0.0264142499,0.9996510828,0,0,1.219148664,1.648104996,-1.024288206,1.064431482,-0.742567964,0.6964391759,0.4619707604,-1.192754456,1.555711532,1.391833312,1.556987542,-0.7111963744,-0.1424804921,-0.01711019337,-0.08367458326,0.0002118626705,0.07051478288,-0.1177459317,-0.1294903392,0.08734630476,-0.01372035057,0.05582301448,0.004767844246,0.00639547602,-0.07064019338,-0.04218697358,0.02778178925,0.02128428356,0.008362867528,0.01088960349,0.008362867528,0.002637795173,0.01641732268,0.2197666208,0.1135826781,0.001231147406
2.12,0.8312998237,-0.1119249727,0.05149036705,-0.01686919384,0.002637792114,0.999996521,0.0264142499,0.9996510828,0,0,1.218311918,1.648107114,-1.023583058,1.063254022,-0.7438628674,0.6973126389,0.4618335569,-1.192196226,1.555759211,1.391897267,1.55628114,-0.7116182441,-0.1422026742,-0.01689735053,-0.08289821326,0.0002092943816,0.068976881,-0.1167113381,-0.1271130724,0.08548295817,-0.01409681337,0.05536093554,0.00475284216,0.006293734562,-0.07075815221,-0.04054479427,0.02772555834,0.01992095702,0.0083612104,0.01090969185,0.0083612104,0.002637795173,0.01641732268,0.2200863795,0.1135826781,0.001229028779
2.13,0.831805762,-0.1120934192,0.04969610937,-0.01682006956,0.002637792114,0.999996521,0.0264142499,0.9996510828,0,0,1.217482936,1.648109207,-1.022893289,1.062086909,-0.7451339981,0.6981674685,0.4616925888,-1.191642617,1.555806739,1.391960204,1.555573559,-0.7120236921,-0.1419254186,-0.01669814096,-0.08211698338,0.0002067131447,0.06742675574,-0.1156710148,-0.124715714,0.08361076565,-0.01447037794,0.05489767434,0.004737850051,0.006191550795,-0.07087665715,-0.03889635251,0.02766980064,0.01855433246,0.008359569181,0.01092969188,0.008359569181,0.002637795173,0.01641732268,0.2203795587,0.1135826781,0.001226935836
2.14,0.8322937232,-0.1122613735,0.04789503701,-0.0167707587,0.002637792114,0.999996521,0.0264142499,0.9996510828,0,0,1.216661766,1.648111274,-1.022219022,1.060930199,-0.7463811552,0.6990035762,0.461547885,-1.19109364,1.555854118,1.39202212,1.554864792,-0.7124126556,-0.1416487206,-0.01651259764,-0.08133108678,0.0002041195854,0.06586480109,-0.1146252157,-0.1222988782,0.08173017853,-0.01484097352,0.05443333839,0.004722871198,0.006088949186,-0.07099567969,-0.03724203939,0.02761452655,0.01718472628,0.008357943953,0.01094960337,0.008357943953,0.002637795173,0.01641732268,0.2206472573,0.1135826781,0.001224868704
2.15,0.8327636414,-0.1124288338,0.04608758021,-0.01672127304,0.002637792114,0.999996521,0.0264142499,0.9996510828,0,0,1.215848455,1.648113316,-1.021560374,1.059783947,-0.747604144,0.699820878,0.4613994753,-1.190549307,1.555901347,1.392083009,1.554154835,-0.712785076,-0.1413725754,-0.01634075038,-0.08096581512,0.0002024279438,0.06528289825,-0.1144161549,-0.121090337,0.08039607214,-0.01565519181,0.05407389568,0.004714085132,0.005955467688,-0.07144605361,-0.03564037466,0.02772388004,0.01566850061,0.008356334793,0.01096942612,0.008356334793,0.002637795173,0.01641732268,0.2208905755,0.1135826781,0.001222827508
2.16,0.833215455,-0.1125957984,0.04427417499,-0.01667162453,0.002637792114,0.999996521,0.0264142499,0.9996510828,0,0,1.215038797,1.64811534,-1.020907545,1.058639785,-0.7488150474,0.7006248387,0.4612429233,-1.190008568,1.555948487,1.392142564,1.553440375,-0.7131414797,-0.1410953366,-0.01618406537,-0.08048600688,0.0002004856062,0.06443449565,-0.1139823372,-0.1195480867,0.0789099938,-0.01635124869,0.05368585931,0.004703636655,0.005829584461,-0.07180994083,-0.03401842083,0.02779040676,0.01418762063,0.008354733357,0.01098918268,0.008354733357,0.002637795173,0.01660891952,0.2213940656,0.1135826781,0.001220803229
2.17,0.8336491066,-0.1127622658,0.04245526319,-0.01662182525,0.002637792114,0.999996521,0.0264142499,0.9996510828,0,0,1.214233937,1.648117345,-1.0202632,1.057499962,-0.7500105282,0.7014139386,0.4610794109,-1.189471709,1.555995524,1.39220086,1.552722276,-0.7134816639,-0.1408174325,-0.01604218916,-0.07968657815,0.0001978541733,0.06283984041,-0.1129185596,-0.1170779076,0.07700522867,-0.01671272601,0.05321844227,0.004688610858,0.005726001145,-0.07192843254,-0.03234862719,0.02773545976,0.01281165798,0.008353141905,0.01100886679,0.008353141905,0.002637795173,0.01694185426,0.2221105398,0.1135826781,0.001218798373
2.18,0.8340645434,-0.1129282345,0.04063129245,-0.01657188746,0.002637792114,0.999996521,0.0264142499,0.9996510828,0,0,1.213437071,1.648119323,-1.019634801,1.056370776,-0.7511813073,0.7021839909,0.4609122836,-1.188939525,1.55604241,1.39225812,1.552002991,-0.7138051502,-0.1405400779,-0.01591407258,-0.07888317733,0.0001952130041,0.06123460499,-0.1118502628,-0.1145902734,0.07509385491,-0.01707077368,0.05275038835,0.004673616814,0.005622104442,-0.07204733228,-0.03067457545,0.02768105768,0.01143402215,0.008351566753,0.01102846144,0.008351566753,0.002637795173,0.0172737916,0.2228356617,0.1135826781,0.001216819831
2.19,0.8344617171,-0.1130937031,0.03880271623,-0.01652182359,0.002637792114,0.999996521,0.0264142499,0.9996510828,0,0,1.21264824,1.648121275,-1.019022455,1.055252274,-0.7523272101,0.7029349295,0.4607415759,-1.188412021,1.556089146,1.392314341,1.551282518,-0.714111896,-0.1402632673,-0.01579973236,-0.07807601542,0.0001925627739,0.05961922567,-0.1107777232,-0.1120858663,0.07317635875,-0.01742532653,0.05228181115,0.004658657872,0.005517920524,-0.07216660983,-0.02899668298,0.02762721029,0.0100550464,0.008350007965,0.01104796655,0.008350007965,0.002637795173,0.0176047289,0.223568299,0.1135826781,0.001214867701
2.2,0.8348405839,-0.1132586706,0.03696999375,-0.01647164619,0.002637792114,0.999996521,0.0264142499,0.9996510828,0,0,1.211867479,1.648123201,-1.018426263,1.054144496,-0.7534480687,0.7036666931,0.4605673226,-1.187889203,1.556135733,1.39236952,1.550560852,-0.7144018628,-0.1399869952,-0.0156991819,-0.07726530689,0.0001899041677,0.05799414693,-0.1097012213,-0.1095653813,0.07125323322,-0.01777632043,0.05181282548,0.004643737395,0.005413475916,-0.07228623454,-0.02731537234,0.0275739272,0.008675067436,0.008348465599,0.01106738207,0.008348465599,0.002637795173,0.01793466377,0.2243073239,0.1135826781,0.001212942073
2.21,0.8352011047,-0.1134231357,0.03513359009,-0.01642136801,0.002637792114,0.999996521,0.0264142499,0.9996510828,0,0,1.211094826,1.6481251,-1.017846321,1.053047484,-0.7545437225,0.7043792254,0.4603895594,-1.187371074,1.55618217,1.392423655,1.549837989,-0.7146750165,-0.139711256,-0.01561243122,-0.07645126963,0.0001872378802,0.05635982147,-0.1086210418,-0.1070295269,0.06932497822,-0.01812369223,0.05134354733,0.004628858758,0.005308797491,-0.07240617532,-0.02563107136,0.02752121784,0.007294425359,0.008346939711,0.01108670796,0.008346939711,0.002637795173,0.01826359406,0.2250516133,0.1135826781,0.001211043032
2.22,0.835543245,-0.1135870976,0.03329397609,-0.01637100193,0.002637792114,0.999996521,0.0264142499,0.9996510828,0,0,1.210330314,1.648126972,-1.017282723,1.051961274,-0.7556140178,0.7050724752,0.4602083225,-1.186857639,1.556228459,1.392476743,1.549113928,-0.7149313272,-0.1394360438,-0.01553948697,-0.07563412504,0.0001845646157,0.05471671014,-0.1075374739,-0.1044790248,0.06739210045,-0.01846737978,0.05087409391,0.00461402535,0.00520391247,-0.07252640067,-0.02394421309,0.02746909149,0.005913463692,0.00834543035,0.01110594422,0.00834543035,0.002637795173,0.01859151789,0.2258000502,0.1135826781,0.001209170653
2.23,0.8358669751,-0.1137505555,0.03145162841,-0.01632056101,0.002637792114,0.999996521,0.0264142499,0.9996510828,0,0,1.209573972,1.648128818,-1.016735556,1.050885899,-0.756658808,0.7057463962,0.4600236487,-1.186348898,1.556274599,1.392528782,1.548388664,-0.7151707694,-0.1391613529,-0.01548035233,-0.07481409792,0.0001818850885,0.05306528199,-0.1064508106,-0.1019146098,0.06545511345,-0.01880732193,0.05040458359,0.004599240572,0.005098848424,-0.07264687869,-0.02225523583,0.02741755726,0.004532529373,0.008343937565,0.01112509087,0.008343937565,0.002637795173,0.01891843362,0.2265515235,0.1135826781,0.001207325007
2.24,0.83617227,-0.1139135086,0.02960702952,-0.01627005846,0.002637792114,0.999996521,0.0264142499,0.9996510828,0,0,1.208825831,1.648130637,-1.016204903,1.049821391,-0.7576779541,0.7064009473,0.4598355755,-1.185844852,1.556320591,1.39257977,1.547662195,-0.7153933217,-0.1388871773,-0.01543502704,-0.07399141655,0.0001792000223,0.05140601426,-0.1053613496,-0.09933702994,0.0635145376,-0.01914345849,0.04993513597,0.004584507836,0.004993633271,-0.07276757701,-0.0205645831,0.0273666241,0.003151972764,0.008342461396,0.01114414793,0.008342461396,0.002637795173,0.0192443399,0.2273049287,0.1135826781,0.001205506156
2.25,0.8364591098,-0.1140759565,0.02776066769,-0.01621950764,0.002637792114,0.999996521,0.0264142499,0.9996510828,0,0,1.208085917,1.648132429,-1.015690843,1.048767777,-0.7586713244,0.7070360927,0.4596441409,-1.185345501,1.556366436,1.392629707,1.546934519,-0.7155989676,-0.138613511,-0.01540350731,-0.07316631265,0.000176510151,0.04973939233,-0.1042693923,-0.09674704638,0.06157090007,-0.0194757303,0.04946587181,0.004569830571,0.00488829528,-0.07288846288,-0.01887270366,0.02731630081,0.001772147647,0.00834100188,0.01116311549,0.00834100188,0.002637795173,0.01956923563,0.2280591687,0.1135826781,0.001203714156
2.26,0.8367274792,-0.1142378987,0.02591303698,-0.01616892207,0.002637792114,0.999996521,0.0264142499,0.9996510828,0,0,1.207354254,1.648134194,-1.015193449,1.047725083,-0.7596387949,0.7076518017,0.4594493836,-1.184850842,1.556412135,1.39267859,1.546205635,-0.7157876946,-0.138340348,-0.01538578584,-0.07233902137,0.0001738162176,0.04806590976,-0.1031752447,-0.09414543348,0.0596247349,-0.01980407912,0.04899691309,0.004555212216,0.004782863068,-0.07300950309,-0.01718005153,0.02726659601,0.0003934112312,0.008339559052,0.01118199362,0.008339559052,0.002637795173,0.01989311996,0.228813154,0.1135826781,0.001201949054
2.27,0.836977368,-0.1143993349,0.02406463727,-0.01611831546,0.002637792114,0.999996521,0.0264142499,0.9996510828,0,0,1.206630864,1.648135932,-1.01471279,1.046693331,-0.7605802492,0.708248049,0.4592513428,-1.184360873,1.556457687,1.392726418,1.545475539,-0.7159594951,-0.1380676821,-0.01538185172,-0.07150978132,0.0001711189753,0.04638606825,-0.1020792169,-0.09153297872,0.05767658291,-0.02012844772,0.04852838299,0.004540656226,0.004677365601,-0.07313066404,-0.01548708594,0.02721751819,-0.0009838758442,0.00833813294,0.01120078244,0.00833813294,0.002637795173,0.02021599235,0.2295658034,0.1135826781,0.001200210892
2.28,0.837208771,-0.114560265,0.02221597424,-0.01606770163,0.002637792114,0.999996521,0.0264142499,0.9996510828,0,0,1.205915766,1.648137643,-1.014248929,1.045672539,-0.761495579,0.7088248149,0.4590500583,-1.183875589,1.556503093,1.392773192,1.544744233,-0.716114366,-0.1377955069,-0.01539169048,-0.07067883454,0.0001684191869,0.04470037763,-0.100981623,-0.0889104827,0.05572699176,-0.02044877981,0.04806040588,0.004526166066,0.004571832191,-0.07325191169,-0.01379427136,0.02716907565,-0.002359349508,0.008336723567,0.01121948209,0.008336723567,0.002637795173,0.02053785252,0.2303160447,0.1135826781,0.001198499702
2.29,0.8374216883,-0.1147206889,0.02036755938,-0.0160170946,0.002637792114,0.999996521,0.0264142499,0.9996510828,0,0,1.205208978,1.648139328,-1.013801926,1.044662723,-0.7623846839,0.7093820848,0.4588455705,-1.183394985,1.556548355,1.39281891,1.544011714,-0.7162523087,-0.1375238161,-0.01541528398,-0.06984642651,0.0001657176248,0.04300935587,-0.09988278175,-0.08627875911,0.05377651591,-0.02076502006,0.04759310733,0.004511745217,0.004466292503,-0.07337321158,-0.01210207751,0.02712127655,-0.003732642254,0.008335330952,0.01123809273,0.008335330952,0.002637795173,0.02085870045,0.2310628148,0.1135826781,0.00119681551
2.3,0.8376161248,-0.1148806069,0.01851990996,-0.01596650853,0.002637792114,0.999996521,0.0264142499,0.9996510828,0,0,1.204510513,1.648140985,-1.013371832,1.043663895,-0.7632474714,0.7099198499,0.4586379203,-1.182919054,1.556593472,1.392863573,1.543277982,-0.7163733295,-0.1372526034,-0.0154526104,-0.069247123,0.000163656585,0.04183881701,-0.0991459534,-0.08430621724,0.05210894078,-0.02134024492,0.04718512042,0.004500605479,0.004321919594,-0.07364892526,-0.01042204279,0.02718282604,-0.005171956326,0.00833395511,0.01125661455,0.00833395511,0.002637795173,0.02117853643,0.2318050605,0.1135826781,0.001195158334
2.31,0.8377920908,-0.1150400192,0.01667354909,-0.01591595773,0.002637792114,0.999996521,0.0264142499,0.9996510828,0,0,1.203818042,1.648142621,-1.012953444,1.042672435,-0.7640905336,0.7104409393,0.4584245179,-1.182447203,1.556638479,1.392906792,1.542541492,-0.7164775499,-0.1369807751,-0.01550432996,-0.06913971621,0.0001629082498,0.04175169826,-0.09912068634,-0.08371800384,0.05102812043,-0.0224757358,0.04690216167,0.00449612515,0.004082665439,-0.07423817164,-0.008755852601,0.02748689349,-0.006748637357,0.008332591444,0.01127505604,0.008332591444,0.002637795173,0.02141732257,0.232461546,0.1135826781,0.001193521768
2.32,0.8379496018,-0.1151989262,0.01482900564,-0.01586545669,0.002637792114,0.999996521,0.0264142499,0.9996510828,0,0,1.203126645,1.64814425,-1.012535927,1.041681228,-0.7649277137,0.7109512206,0.4581997605,-1.181978181,1.55668344,1.392947619,1.541799111,-0.7165651084,-0.1367059062,-0.01557181634,-0.06827945552,0.000160161106,0.04000725961,-0.09801871555,-0.08100647531,0.04905453537,-0.02274480171,0.04643019936,0.004481731951,0.003991726876,-0.07435039816,-0.007075514921,0.02741843478,-0.008108354616,0.008331230271,0.01129343222,0.008331230271,0.002637795173,0.02141732257,0.2328696069,0.1135826781,0.001191892686
2.33,0.8380886787,-0.1153573286,0.01298681433,-0.01581502006,0.002637792114,0.999996521,0.0264142499,0.9996510828,0,0,1.202443851,1.648145852,-1.012135854,1.040701041,-0.7657377784,0.7114417659,0.4579723125,-1.181513879,1.556728257,1.392987536,1.541055607,-0.7166358636,-0.1364317218,-0.01565289988,-0.06741857871,0.0001574154392,0.03825892759,-0.09691669843,-0.07828797429,0.04708222268,-0.02300913968,0.04595944784,0.004467417549,0.003900881202,-0.07446255255,-0.005397715442,0.0273507214,-0.009464395871,0.008329886389,0.01131172155,0.008329886389,0.002637795173,0.02141732257,0.2332660965,0.1135826781,0.001190291075
2.34,0.8382093477,-0.1155152269,0.01114751565,-0.01576466261,0.002637792114,0.999996521,0.0264142499,0.9996510828,0,0,1.201769665,1.648147426,-1.011753265,1.039731874,-0.7665206582,0.7119125881,0.4577422211,-1.181054285,1.556772931,1.393026545,1.540310981,-0.7166898407,-0.1361582146,-0.01574754384,-0.06655735778,0.0001546720836,0.0365072803,-0.09581497599,-0.0755634086,0.04511177948,-0.02326871391,0.04549004082,0.004453185602,0.00381015559,-0.07457460085,-0.00372294801,0.02728376703,-0.01081637776,0.008328559795,0.01132992431,0.008328559795,0.002637795173,0.02141732257,0.2336510311,0.1135826781,0.00118871692
2.35,0.8383116405,-0.1156726221,0.009311655907,-0.01571439932,0.002637792114,0.999996521,0.0264142499,0.9996510828,0,0,1.201104091,1.648148973,-1.011388192,1.038773725,-0.7672762922,0.7123637059,0.4575095339,-1.180599384,1.556817463,1.393064647,1.539565235,-0.7167270702,-0.1358853769,-0.01585570762,-0.06569606835,0.0001519318831,0.03475290437,-0.09471389347,-0.07283369974,0.04314380989,-0.02352348987,0.04502211327,0.004439039787,0.003719577514,-0.07468650871,-0.002051711692,0.02721758528,-0.01216391346,0.008327250483,0.01134804081,0.008327250483,0.002637795173,0.02141732257,0.2340244307,0.1135826781,0.001187170199
2.36,0.8383955942,-0.1158295153,0.007479787212,-0.0156642453,0.002637792114,0.999996521,0.0264142499,0.9996510828,0,0,1.20044713,1.648150492,-1.011040663,1.037826586,-0.7680046292,0.712795144,0.457274299,-1.180149163,1.556861854,1.393101843,1.53881837,-0.7167475873,-0.1356132011,-0.01597734675,-0.06483498961,0.0001491956916,0.03299639494,-0.09361380036,-0.07009978291,0.04117892495,-0.02377343421,0.04455580134,0.004424983797,0.003629174756,-0.07479824137,-0.0003845107742,0.02715218965,-0.01350661272,0.00832595844,0.01136607138,0.00832595844,0.002637795173,0.02141732257,0.2343863186,0.1135826781,0.001185650881
2.37,0.8384612514,-0.1159859075,0.005652467478,-0.01561421583,0.002637792114,0.999996521,0.0264142499,0.9996510828,0,0,1.199798781,1.648151984,-1.010710699,1.036890448,-0.7687056271,0.7132069333,0.4570365647,-1.179703605,1.556906103,1.393138134,1.538070388,-0.7167514324,-0.1353416792,-0.01611241288,-0.06397440433,0.0001464643726,0.03123835566,-0.09251505037,-0.06736260694,0.03921774263,-0.0240185148,0.04409124246,0.004411021344,0.003538975397,-0.0749097637,0.001278145236,0.02708759354,-0.01484408179,0.008324683646,0.01138401636,0.008324683646,0.002637795173,0.02141732257,0.2347367215,0.1135826781,0.001184158924
2.38,0.8385086605,-0.1161418,0.00383026042,-0.01556432633,0.002637792114,0.999996521,0.0264142499,0.9996510828,0,0,1.199159037,1.648153449,-1.010398316,1.035965297,-0.7693792531,0.7135991107,0.4567963796,-1.179262693,1.556950214,1.393173524,1.53732129,-0.716738651,-0.1350708033,-0.0162608537,-0.06311459883,0.0001437387994,0.02947939866,-0.09141800143,-0.06462313426,0.03726088784,-0.02425870069,0.04362857527,0.004397156156,0.003449007825,-0.07502104014,0.002935741611,0.02702381028,-0.01617592349,0.008323426079,0.01140187614,0.008323426079,0.002637795173,0.02141732257,0.2350756698,0.1135826781,0.00118269428
2.39,0.8385378756,-0.1162971945,0.002013735561,-0.0155145924,0.002637792114,0.999996521,0.0264142499,0.9996510828,0,0,1.198527891,1.648154886,-1.010103522,1.035051117,-0.7700254845,0.7139717196,0.4565537925,-1.178826407,1.556994185,1.393208014,1.53657108,-0.7167092936,-0.1348005652,-0.01642261293,-0.06225586301,0.0001410198552,0.0277201445,-0.09032301572,-0.06188234089,0.03530899242,-0.02449396209,0.04316793964,0.004383391982,0.003359300729,-0.07513203479,0.004587758401,0.02696085312,-0.01750173715,0.008322185711,0.01141965114,0.008322185711,0.002637795173,0.02141732257,0.2354031974,0.1135826781,0.001181256892
2.4,0.8385489561,-0.1164520925,0.0002034682244,-0.0154650298,0.002637792114,0.999996521,0.0264142499,0.9996510828,0,0,1.197905332,1.648156296,-1.00982632,1.034147887,-0.7706443079,0.7143248095,0.4563088529,-1.178394728,1.557038019,1.393241607,1.535819759,-0.716663416,-0.1345309566,-0.01659763031,-0.06139849034,0.000138308433,0.02596122221,-0.08923045959,-0.05914121638,0.03336269513,-0.02472427041,0.04270947669,0.004369732588,0.003269883101,-0.0752427113,0.006233670435,0.0268987352,-0.01882111864,0.008320962505,0.01143734179,0.008320962505,0.002637795173,0.02141732257,0.2357193417,0.1135826781,0.001179846693
2.41,0.8385419677,-0.1166064957,-0.001599960462,-0.01541565443,0.002637792114,0.999996521,0.0264142499,0.9996510828,0,0,1.197291347,1.64815768,-1.009566708,1.033255582,-0.77123572,0.7146584365,0.4560616102,-1.177967633,1.557081716,1.393274306,1.535067332,-0.7166010793,-0.1342619693,-0.01678584149,-0.06054277782,0.0001356054352,0.02420326921,-0.08814070363,-0.05640076379,0.03142264165,-0.02494959816,0.04225332878,0.004356181757,0.003180784238,-0.07535303296,0.007872947319,0.0268374696,-0.02013366032,0.008319756423,0.01145494854,0.008319756423,0.002637795173,0.02141732257,0.2360241439,0.1135826781,0.001178463609
2.42,0.8385169817,-0.1167604062,-0.003395963565,-0.01536648236,0.002637792114,0.999996521,0.0264142499,0.9996510828,0,0,1.196685919,1.648159036,-1.009324675,1.032374175,-0.7717997277,0.7149726629,0.4558121142,-1.1775451,1.557125278,1.393306114,1.534313802,-0.7165223498,-0.1339935946,-0.0169871781,-0.059689026,0.0001329117744,0.02244693133,-0.08705412263,-0.05366199962,0.02948948456,-0.025169919,0.0417996395,0.004342743294,0.003092033739,-0.07546296265,0.009505053435,0.02677706932,-0.02143895108,0.008318567419,0.01147247191,0.008318567419,0.002637795173,0.02141732257,0.2363176487,0.1135826781,0.001177107555
2.43,0.8384740752,-0.1169138261,-0.00518394835,-0.01531752982,0.002637792114,0.999996521,0.0264142499,0.9996510828,0,0,1.196089029,1.648160365,-1.009100206,1.031503634,-0.7723363477,0.7152675577,0.455560415,-1.177127103,1.557168706,1.393337034,1.533559172,-0.7164272993,-0.1337258239,-0.01720156761,-0.05883753899,0.0001302283728,0.02069286275,-0.08597109557,-0.05092595382,0.02756388336,-0.02538520772,0.04134855368,0.004329421021,0.003003661504,-0.07557246288,0.01112944794,0.02671754727,-0.02273657633,0.00831739544,0.01148991239,0.00831739544,0.002637795173,0.02141732257,0.2365999045,0.1135826781,0.001175778437
2.44,0.8384133314,-0.1170667576,-0.006963316277,-0.01526881319,0.002637792114,0.999996521,0.0264142499,0.9996510828,0,0,1.195500654,1.648161667,-1.008893277,1.030643923,-0.7728456072,0.7155431965,0.455306563,-1.176713618,1.557212,1.393367071,1.532803448,-0.7163160048,-0.1334586484,-0.01742893337,-0.05798862439,0.0001275561621,0.01894172603,-0.08489200563,-0.04819366972,0.02564650446,-0.02559544018,0.04090021741,0.004316218778,0.002915697739,-0.07568149575,0.01274558478,0.0266589163,-0.02402611795,0.008316240432,0.01150727055,0.008316240432,0.002637795173,0.02141732257,0.2368709636,0.1135826781,0.001174476153
2.45,0.8383348396,-0.1172192032,-0.008733463001,-0.01522034904,0.002637792114,0.999996521,0.0264142499,0.9996510828,0,0,1.194920767,1.648162943,-1.00870386,1.029795003,-0.7733275439,0.7157996616,0.4550506086,-1.176304615,1.557255162,1.393396228,1.532046633,-0.7161885489,-0.1331920592,-0.01766919455,-0.05714259338,0.0001248960841,0.01719419202,-0.08381724017,-0.04546620401,0.02373802113,-0.02580059334,0.04045477802,0.004303140428,0.002828172949,-0.07579002296,0.01435291266,0.02660118917,-0.02530715434,0.008315102329,0.01152454695,0.008315102329,0.002637795173,0.02141732257,0.237130882,0.1135826781,0.001173200592
2.46,0.8382386949,-0.1173711655,-0.01049377838,-0.01517215405,0.002637792114,0.999996521,0.0264142499,0.9996510828,0,0,1.194349341,1.648164192,-1.008531918,1.028956831,-0.773782206,0.7160370418,0.4547926026,-1.175900068,1.557298193,1.393424509,1.531288732,-0.7160450198,-0.1329260474,-0.01792226609,-0.0564149964,0.0001225707932,0.01572978618,-0.08296488225,-0.04309200558,0.02198391152,-0.02612044542,0.04003948967,0.00429202342,0.002733988306,-0.07597974554,0.01593693863,0.02658416729,-0.02661451898,0.008313981064,0.0115417422,0.008313981064,0.002637795173,0.02141732257,0.2373797194,0.1135826781,0.001171951631
2.47,0.8381249988,-0.1175226472,-0.01224364645,-0.01512424509,0.002637792114,0.999996521,0.0264142499,0.9996510828,0,0,1.193785191,1.648165417,-1.00837462,1.028127182,-0.774213126,0.7162568809,0.4545313982,-1.175499673,1.557341114,1.393451849,1.530528935,-0.7158856504,-0.1326602057,-0.01818841128,-0.05622847407,0.0001217673705,0.01557068425,-0.08313349772,-0.04234452145,0.02091568383,-0.0269938115,0.03975391642,0.00428960279,0.002607032033,-0.07655044295,0.01744600233,0.02675384771,-0.02807708447,0.008312874307,0.01155886377,0.008312874307,0.002637795173,0.02141732257,0.2376175397,0.1135826781,0.001170725923
2.48,0.8379938589,-0.1176736514,-0.01398244547,-0.01507663919,0.002637792114,0.999996521,0.0264142499,0.9996510828,0,0,1.193222907,1.648166635,-1.008218914,1.027295847,-0.7746365712,0.7164660378,0.4542614601,-1.175102134,1.55738401,1.39347792,1.52976343,-0.7157111904,-0.1323926672,-0.01846918213,-0.0553899409,0.0001191550191,0.01382979723,-0.08206901805,-0.03962733012,0.01903446943,-0.02717999883,0.03931749622,0.004276893385,0.002521171925,-0.07665555634,0.01902386613,0.02669817918,-0.02932927101,0.00831177146,0.01157594426,0.00831177146,0.002637795173,0.02141732257,0.237844411,0.1135826781,0.001169508249
2.49,0.8378453889,-0.1178241811,-0.01570954788,-0.01502935352,0.002637792114,0.999996521,0.0264142499,0.9996510828,0,0,1.192669007,1.648167826,-1.008080616,1.026475157,-0.7750328445,0.7166563825,0.4539896601,-1.174708959,1.557426779,1.393503131,1.528996875,-0.7155209517,-0.1321256854,-0.01876247484,-0.05465875797,0.0001167016267,0.01226994812,-0.0809995276,-0.03717510885,0.0172591199,-0.02751530653,0.03891368932,0.004265313689,0.002375034822,-0.07679096246,0.02062237256,0.02673510736,-0.03058810473,0.008310685277,0.01159294554,0.008310685277,0.002637795173,0.02141732257,0.2380604039,0.1135826781,0.001168316699
2.5,0.837679709,-0.1179742396,-0.01742432031,-0.01498240544,0.002637792114,0.999996521,0.0264142499,0.9996510828,0,0,1.19212242,1.648168993,-1.007957916,1.025665161,-0.7754045956,0.7168289737,0.453714507,-1.174319822,1.557469432,1.393526882,1.528228965,-0.715314728,-0.1318583343,-0.01906835588,-0.05396577151,0.0001142913615,0.01077511718,-0.07993295485,-0.0348185237,0.01552687247,-0.02789647372,0.03852290697,0.004254219795,0.002209870414,-0.07693569632,0.02221945937,0.0268024994,-0.03184167362,0.008309613636,0.01160986345,0.008309613636,0.002637795173,0.02141732257,0.238265594,0.1135826781,0.001167149683
2.51,0.8374969457,-0.1181238304,-0.0191261236,-0.01493581243,0.002637792114,0.999996521,0.0264142499,0.9996510828,0,0,1.191582762,1.648170136,-1.007850165,1.024865832,-0.7757527809,0.7169842424,0.4534355423,-1.173934593,1.557511974,1.39354898,1.527459608,-0.7150925334,-0.1315903093,-0.01938677262,-0.05316343239,0.0001117340292,0.0090949106,-0.07888519224,-0.03219077033,0.01370348326,-0.02810201654,0.03810369534,0.004242193149,0.002112695819,-0.07704547472,0.02376921691,0.02676941831,-0.03306543062,0.008308555776,0.01162669723,0.008308555776,0.002637795173,0.02141732257,0.2384600607,0.1135826781,0.001166006769
2.52,0.8372972319,-0.1182729571,-0.02081431277,-0.01488959215,0.002637792114,0.999996521,0.0264142499,0.9996510828,0,0,1.191051128,1.648171254,-1.007759216,1.02407698,-0.7760746886,0.7171212772,0.4531545221,-1.173553556,1.557554396,1.393570107,1.526689154,-0.7148548412,-0.1313226152,-0.01971742693,-0.05236607666,0.0001091935003,0.007422924998,-0.07784458759,-0.0295752567,0.01189374652,-0.0283021772,0.03768839596,0.00423032246,0.002016290741,-0.07715444125,0.02530610555,0.02673717535,-0.03427759586,0.008307513835,0.01164345312,0.008307513835,0.002637795173,0.02141732257,0.2386438872,0.1135826781,0.001164889429
2.53,0.837080707,-0.1184216235,-0.02248823706,-0.01484376243,0.002637792114,0.999996521,0.0264142499,0.9996510828,0,0,1.190527467,1.648172346,-1.007684987,1.023298534,-0.7763704411,0.7172402147,0.4528715003,-1.173176672,1.557596699,1.39359027,1.525917609,-0.7146017802,-0.1310552434,-0.02006020289,-0.05157403606,0.0001066708193,0.005759885763,-0.07681156516,-0.02697312581,0.01009838396,-0.02849692753,0.03727716406,0.004218611578,0.001920693062,-0.0772625523,0.02682952937,0.02670577545,-0.03547771855,0.008306487705,0.01166013193,0.008306487705,0.002637795173,0.02141732257,0.2388171611,0.1135826781,0.001163797494
2.54,0.8368475169,-0.1185698337,-0.02414723989,-0.01479834124,0.002637792114,0.999996521,0.0264142499,0.9996510828,0,0,1.190011727,1.648173412,-1.007627388,1.022530418,-0.7766401724,0.7173411985,0.4525865311,-1.1728039,1.557638885,1.393609477,1.525144984,-0.7143334849,-0.1307881857,-0.02041498007,-0.05078764575,0.0001041670416,0.004106526329,-0.07578655334,-0.02438553352,0.00831812414,-0.02868624015,0.03687015612,0.004207064369,0.001825941012,-0.07736976388,0.02833888718,0.02667522341,-0.03666534436,0.008305477272,0.01167673454,0.008305477272,0.002637795173,0.02141732257,0.238979974,0.1135826781,0.001162730786
2.55,0.8365978142,-0.1187175918,-0.02579065887,-0.01475334671,0.002637792114,0.999996521,0.0264142499,0.9996510828,0,0,1.18950385,1.648174454,-1.007586322,1.021772553,-0.7768840277,0.7174243798,0.4522996687,-1.172435199,1.557680956,1.393627737,1.524371286,-0.714050096,-0.1305214334,-0.02078163351,-0.05000724431,0.0001016832327,0.002463588149,-0.07476998475,-0.02181364846,0.006553702363,-0.02887008849,0.03646752986,0.004195684717,0.001732073163,-0.07747603157,0.02983357256,0.02664552393,-0.03784001537,0.008304482415,0.01169326185,0.008304482415,0.002637795173,0.02141732257,0.2391324217,0.1135826781,0.001161689115
2.56,0.8363317579,-0.1188649021,-0.02741782581,-0.01470879714,0.002637792114,0.999996521,0.0264142499,0.9996510828,0,0,1.189003778,1.648175471,-1.007561687,1.021024853,-0.7771021642,0.7174899168,0.4520109678,-1.172070523,1.557722913,1.393645057,1.523596526,-0.7137517603,-0.1302549782,-0.02116003367,-0.04923317368,9.922046866e-05,0.0008318206799,-0.07376229615,-0.01925865205,0.004805860732,-0.02904844676,0.03606944425,0.004184476524,0.001639128433,-0.07758131053,0.03131297382,0.02661668156,-0.03900127009,0.008303503007,0.01170971478,0.008303503007,0.002637795173,0.02141732257,0.239274604,0.1135826781,0.001160672283
2.57,0.8360495141,-0.1190117693,-0.02902806674,-0.01466471098,0.002637792114,0.999996521,0.0264142499,0.9996510828,0,0,1.188511446,1.648176463,-1.007553368,1.02028723,-0.7772947507,0.7175379754,0.4517204833,-1.171709829,1.557764757,1.393661449,1.522820713,-0.7134386306,-0.1299888114,-0.02155004637,-0.04846577924,9.677983621e-05,-0.0007880186368,-0.07276392849,-0.01672173842,0.003075348126,-0.02922128993,0.03567605951,0.004173443711,0.001547146085,-0.07768555553,0.03277647402,0.02658870079,-0.04014864346,0.008302538914,0.01172609428,0.008302538914,0.002637795173,0.02141732257,0.2394066251,0.1135826781,0.001159680078
2.58,0.8357512553,-0.1191581979,-0.03062070186,-0.01462110684,0.002637792114,0.999996521,0.0264142499,0.9996510828,0,0,1.188026788,1.648177431,-1.007561249,1.019559591,-0.7774619681,0.7175687289,0.4514282704,-1.171353068,1.557806492,1.39367692,1.522043857,-0.7131108658,-0.1297229244,-0.0219515328,-0.0477054097,9.436243216e-05,-0.002395164397,-0.07177532687,-0.01420411441,0.001362920198,-0.02938859372,0.03528753712,0.004162590218,0.001456165725,-0.07778872091,0.03422345096,0.02656158596,-0.04128166682,0.008301589996,0.01174240135,0.008301589996,0.002637795173,0.02141732257,0.2395285933,0.1135826781,0.00115871228
2.59,0.835437161,-0.1193041931,-0.03219504556,-0.0145780035,0.002637792114,0.999996521,0.0264142499,0.9996510828,0,0,1.187549734,1.648178374,-1.0075852,1.018841837,-0.7776040093,0.7175823581,0.4511343845,-1.171000193,1.557848118,1.393691482,1.52126597,-0.7127686313,-0.1294573085,-0.02236434947,-0.04695241719,9.19693639e-05,-0.00398884325,-0.07079694055,-0.01170699953,-0.0003306606319,-0.0295503346,0.0349040398,0.004151920003,0.001366227304,-0.07789076061,0.03565327717,0.02653534131,-0.04239986792,0.008300656107,0.01175863701,0.008300656107,0.002637795173,0.02141732257,0.2396406214,0.1135826781,0.001157768655
2.6,0.8351074176,-0.1194497597,-0.03375040645,-0.01453541988,0.002637792114,0.999996521,0.0264142499,0.9996510828,0,0,1.18708021,1.648179294,-1.007625089,1.018133868,-0.7777210792,0.7175790515,0.4508388811,-1.170651152,1.557889637,1.393705144,1.520487062,-0.7124120985,-0.1291919551,-0.02278834815,-0.04620715719,8.960174931e-05,-0.005568273913,-0.06982922295,-0.009231625917,-0.002004625176,-0.02970648979,0.03452573152,0.004141437043,0.001277371118,-0.07799162814,0.03706531995,0.02650997098,-0.04350277092,0.008299737093,0.01177480231,0.008299737093,0.002637795173,0.02141732257,0.2397428262,0.1135826781,0.001156848962
2.61,0.8347622185,-0.1195949033,-0.03528608733,-0.01449337507,0.002637792114,0.999996521,0.0264142499,0.9996510828,0,0,1.186618138,1.64818019,-1.007680771,1.017435576,-0.7778133955,0.7175590052,0.4505418162,-1.170305895,1.557931051,1.393717918,1.519707146,-0.7120414453,-0.1289268554,-0.02322337586,-0.04546998858,8.726071645e-05,-0.007132667192,-0.06887263164,-0.00677923835,-0.003658197487,-0.0298570372,0.03415277753,0.004131145335,0.001189637806,-0.07809127662,0.03845894131,0.026485479,-0.04458989639,0.008298832795,0.01179089832,0.008298832795,0.002637795173,0.02141732257,0.2398353292,0.1135826781,0.001155952944
2.62,0.8344017638,-0.1197396291,-0.03680138519,-0.01445188832,0.002637792114,0.999996521,0.0264142499,0.9996510828,0,0,1.186163438,1.648181063,-1.007752098,1.01674685,-0.7778811879,0.7175224232,0.4502432459,-1.169964367,1.557972363,1.393729814,1.518926233,-0.7116568559,-0.1286620006,-0.02366927482,-0.04474127358,8.494740396e-05,-0.008681225991,-0.06792762834,-0.004351094183,-0.005290594858,-0.03000195548,0.03378534433,0.004121048895,0.001103068352,-0.07818965876,0.03983349803,0.0264618693,-0.04566076126,0.008297943045,0.01180692617,0.008297943045,0.002637795173,0.02141732257,0.239918256,0.1135826781,0.001155080337
2.63,0.8340262611,-0.119883943,-0.03829559121,-0.01441097903,0.002637792114,0.999996521,0.0264142499,0.9996510828,0,0,1.185716026,1.648181912,-1.00783891,1.016067573,-0.7779246988,0.7174695173,0.4499432263,-1.169626514,1.558013573,1.393740845,1.518144337,-0.7112585209,-0.1283973819,-0.02412588244,-0.0441708444,8.299130145e-05,-0.009847837847,-0.06727317607,-0.002403067555,-0.00671534384,-0.0302941647,0.03345826107,0.004113440767,0.001008970493,-0.07839017256,0.04117107363,0.02648922061,-0.04675891427,0.008297067671,0.01182288701,0.008297067671,0.002637795173,0.02141732257,0.2399917369,0.1135826781,0.001154230863
2.64,0.8336359247,-0.1200278507,-0.03976799078,-0.01437066678,0.002637792114,0.999996521,0.0264142499,0.9996510828,0,0,1.185274317,1.648182742,-1.007937389,1.015394841,-0.7779487295,0.7174023639,0.4496402847,-1.169291931,1.558054708,1.393750935,1.517360435,-0.7108468102,-0.1281324897,-0.02459347158,-0.04407982989,8.213832099e-05,-0.009849064787,-0.06750848421,-0.001909887479,-0.00753270323,-0.03106123443,0.03324631425,0.004113271632,0.000888603599,-0.07891553885,0.04243387861,0.02667550617,-0.0479786091,0.008296203572,0.0118387907,0.008296203572,0.002637795173,0.02147302393,0.2400559063,0.1135826781,0.00115340095
2.65,0.8332309764,-0.1201713583,-0.04121786348,-0.01433097128,0.002637792114,0.999996521,0.0264142499,0.9996510828,0,0,1.184833519,1.648183564,-1.008035879,1.014719757,-0.7779678284,0.7173270368,0.4493296723,-1.168959468,1.55809584,1.393759821,1.516571279,-0.7104224714,-0.1278657346,-0.02507325767,-0.04337482552,7.997626703e-05,-0.01135700446,-0.06659573699,0.0004533162752,-0.009100802903,-0.0311841109,0.03289596484,0.004103785822,0.0008059314472,-0.079008503,0.04374763936,0.02665415394,-0.04899704268,0.00829534138,0.01185466598,0.00829534138,0.002637795173,0.02176003925,0.240110903,0.1135826781,0.001152579567
2.66,0.8328116449,-0.1203144722,-0.04264448309,-0.01429191242,0.002637792114,0.999996521,0.0264142499,0.9996510828,0,0,1.184399771,1.648184363,-1.008149449,1.014053799,-0.7779632952,0.7172360288,0.4490178312,-1.168630509,1.558136878,1.39376788,1.515781194,-0.709984995,-0.1275991931,-0.0255632281,-0.04267971119,7.784971638e-05,-0.01284606261,-0.06569646668,0.002787434628,-0.01064454945,-0.03130118224,0.03255182281,0.004094513594,0.000724590023,-0.07910003762,0.04503970899,0.02663372404,-0.04999725333,0.008294493088,0.01187047792,0.008294493088,0.002637795173,0.02204626701,0.2401568713,0.1135826781,0.001151779804
2.67,0.8323781667,-0.1204571988,-0.04404711757,-0.01425351023,0.002637792114,0.999996521,0.0264142499,0.9996510828,0,0,1.183972974,1.648185142,-1.00827791,1.013396835,-0.7779354209,0.7171295833,0.4487048194,-1.16830499,1.558177823,1.393775126,1.514990194,-0.7095345979,-0.1273328558,-0.02606320063,-0.0419948693,7.575977383e-05,-0.01431539138,-0.06481115953,0.005091132204,-0.01216312324,-0.03141243548,0.03221406121,0.004085459035,0.0006446219225,-0.07919009394,0.04630941774,0.02661421984,-0.05097874037,0.008293658496,0.01188622778,0.008293658496,0.002637795173,0.02233172012,0.2401939593,0.1135826781,0.001151001307
2.68,0.831930785,-0.1205995447,-0.04542502911,-0.01421578493,0.002637792114,0.999996521,0.0264142499,0.9996510828,0,0,1.183553025,1.648185899,-1.008421064,1.012748723,-0.7778845096,0.7170079521,0.448390695,-1.16798285,1.558218678,1.393781572,1.514198293,-0.7090715038,-0.1270667136,-0.02657298803,-0.04132068568,7.370755288e-05,-0.0157641349,-0.063940306,0.007363060884,-0.01365569787,-0.0315178584,0.03188285435,0.00407662625,0.0005660700838,-0.07927862276,0.04755609062,0.02659564464,-0.05194099952,0.008292837397,0.0119019169,0.008292837397,0.002637795173,0.02261641192,0.24022232,0.1135826781,0.001150243709
2.69,0.831469751,-0.1207415168,-0.04677747406,-0.01417875686,0.002637792114,0.999996521,0.0264142499,0.9996510828,0,0,1.183139818,1.648186637,-1.008578705,1.01210932,-0.7778108789,0.7168713951,0.4480755164,-1.167664021,1.558259444,1.393787233,1.513405507,-0.7085959429,-0.1268007572,-0.02709239803,-0.04065754956,7.169417571e-05,-0.01719142928,-0.06308440072,0.009601859815,-0.01512144014,-0.03161743953,0.0315583778,0.004068019364,0.0004889777878,-0.07936557449,0.04877904736,0.02657800163,-0.05288352287,0.008292029576,0.01191754661,0.008292029576,0.002637795173,0.02290035615,0.2402421109,0.1135826781,0.001149506634
2.7,0.8309953229,-0.1208831222,-0.04810370298,-0.01414244656,0.002637792114,0.999996521,0.0264142499,0.9996510828,0,0,1.182733242,1.648187353,-1.00875062,1.011478476,-0.7777148603,0.7167201807,0.447759342,-1.167348437,1.558300124,1.393792122,1.512611851,-0.7081081524,-0.1265349772,-0.02762123326,-0.04000585355,6.97207732e-05,-0.01859640258,-0.06224394248,0.01180615541,-0.01655951008,-0.03171116815,0.0312408084,0.004059642522,0.0004133886576,-0.07945089914,0.04997760243,0.02656129388,-0.0538057989,0.00829123481,0.01193311829,0.00829123481,0.002637795173,0.02318356696,0.2402534942,0.1135826781,0.001148789692
2.71,0.8305077668,-0.1210243682,-0.04940296064,-0.01410687469,0.002637792114,0.999996521,0.0264142499,0.9996510828,0,0,1.182333184,1.648188051,-1.008936584,1.010856037,-0.7775967988,0.7165545856,0.4474422304,-1.167036029,1.558340721,1.393796256,1.511817342,-0.7076083764,-0.1262693642,-0.02815929125,-0.03936599369,6.7788485e-05,-0.0199781749,-0.06141943427,0.01397456137,-0.0179690609,-0.03179903428,0.03093032424,0.004051499888,0.0003393466588,-0.07953454629,0.05115106503,0.0265455244,-0.05470731249,0.008290452871,0.01194863337,0.008290452871,0.002637795173,0.02346605892,0.2402566368,0.1135826781,0.001148092484
2.72,0.8300073561,-0.1211652622,-0.05067448598,-0.01407206209,0.002637792114,0.999996521,0.0264142499,0.9996510828,0,0,1.181939524,1.648188729,-1.009136365,1.010241842,-0.7774570532,0.716374895,0.44712424,-1.166726726,1.558381236,1.39379965,1.511021997,-0.7070968657,-0.126003909,-0.02870636437,-0.03873836938,6.589845942e-05,-0.02133585828,-0.06061138326,0.01610567863,-0.01934923907,-0.0318810287,0.03062710469,0.004043595643,0.0002668960994,-0.07961646514,0.05229873912,0.02653069605,-0.05558754487,0.008289683522,0.01196409328,0.008289683522,0.002637795173,0.023747847,0.2402517104,0.1135826781,0.001147414599
2.73,0.8294943721,-0.121305812,-0.05191751216,-0.01403802976,0.002637792114,0.999996521,0.0264142499,0.9996510828,0,0,1.18155214,1.648189388,-1.009349724,1.009635728,-0.7772959964,0.7161814026,0.4468054297,-1.166420455,1.558421672,1.393802319,1.510225832,-0.7065738783,-0.125738602,-0.02926223982,-0.03812338346,6.405185369e-05,-0.02266855673,-0.05982030079,0.0181980954,-0.02069918422,-0.03195714295,0.03033133037,0.004035933991,0.0001960816299,-0.07969660446,0.05341992337,0.02651681161,-0.05644597369,0.008288926518,0.01197949952,0.008288926518,0.002637795173,0.02402894659,0.2402388915,0.1135826781,0.001146755615
2.74,0.8289691035,-0.1214460255,-0.05313126652,-0.01400479885,0.002637792114,0.999996521,0.0264142499,0.9996510828,0,0,1.181170906,1.648190028,-1.009576409,1.009037525,-0.7771140154,0.7159744107,0.4464858583,-1.166117142,1.558462031,1.39380428,1.509428866,-0.7060396791,-0.1254734339,-0.02982669956,-0.03752144214,6.224983353e-05,-0.02397536627,-0.0590467024,0.02025038715,-0.02201802923,-0.03202736932,0.03004318319,0.004028519152,0.0001269482433,-0.07977491263,0.05451391121,0.02650387376,-0.05728207295,0.008288181608,0.01199485359,0.008288181608,0.002637795173,0.02430937352,0.2402183613,0.1135826781,0.001146115096
2.75,0.8284318469,-0.1215859108,-0.0543149706,-0.01397239068,0.002637792114,0.999996521,0.0264142499,0.9996510828,0,0,1.180795692,1.648190651,-1.009816163,1.008447058,-0.7769115116,0.7157542304,0.4461655846,-1.16581671,1.558502316,1.393805549,1.508631117,-0.70549454,-0.1252083952,-0.03039952029,-0.03693295507,6.049357342e-05,-0.02525537484,-0.0582911078,0.02226111656,-0.02330490017,-0.03209170085,0.02976284629,0.004021355367,5.954127491e-05,-0.07985133762,0.05557999079,0.02649188508,-0.05809531308,0.008287448532,0.01201015706,0.008287448532,0.002637795173,0.02458914402,0.2401903062,0.1135826781,0.001145492598
2.76,0.8278829068,-0.1217254761,-0.05546784015,-0.01394082671,0.002637792114,0.999996521,0.0264142499,0.9996510828,0,0,1.180426363,1.648191255,-1.010068717,1.007864147,-0.7766889004,0.7155211814,0.4458446676,-1.165519081,1.55854253,1.393806144,1.507832603,-0.7049387401,-0.1249434763,-0.03098047342,-0.03635833527,5.878425673e-05,-0.02650766234,-0.0575540409,0.02422883352,-0.02455891633,-0.03215013137,0.02949050408,0.004014446894,-6.093597116e-06,-0.07992582697,0.05661744501,0.02648084803,-0.05888516086,0.008286727023,0.01202541149,0.008286727023,0.002637795173,0.02486827476,0.2401549172,0.1135826781,0.001144887662
2.77,0.8273225955,-0.1218647302,-0.0565890851,-0.01391012858,0.002637792114,0.999996521,0.0264142499,0.9996510828,0,0,1.180062779,1.648191843,-1.010333794,1.007288607,-0.7764466121,0.7152755923,0.4455231663,-1.165224176,1.558582674,1.393806084,1.507033345,-0.7043725656,-0.1246786679,-0.03156932503,-0.03579799921,5.712307536e-05,-0.02773130061,-0.05683602979,0.02615207512,-0.02577919016,-0.03220265549,0.02922634225,0.004007798012,-6.991035206e-05,-0.07999832783,0.05762555151,0.02647076497,-0.0596510795,0.008286016806,0.01204061851,0.008286016806,0.002637795173,0.02514678285,0.2401123902,0.1135826781,0.00114429982
2.78,0.8267512332,-0.1220036817,-0.05767790958,-0.01388031808,0.002637792114,0.999996521,0.0264142499,0.9996510828,0,0,1.179704799,1.648192415,-1.010611107,1.006720247,-0.7761850913,0.7150178004,0.4452011397,-1.164931913,1.558622752,1.393805384,1.506233362,-0.7037963101,-0.1244139602,-0.03216583582,-0.03525229648,5.55109684e-05,-0.0289255739,-0.05613752209,0.02802969804,-0.02696506248,-0.03224931504,0.02897051875,0.004001414438,-0.000131874186,-0.08006885658,0.05860380739,0.026461653,-0.06039271582,0.008285317598,0.01205577977,0.008285317598,0.002637795173,0.02542468581,0.2400629264,0.1135826781,0.001143728589
2.79,0.8261691457,-0.1221423396,-0.0587363238,-0.01385146785,0.002637792114,0.999996521,0.0264142499,0.9996510828,0,0,1.179352276,1.64819297,-1.010900362,1.006158871,-0.7759047943,0.7147481498,0.4448786466,-1.164642208,1.558662767,1.393804066,1.505432673,-0.703210272,-0.1241493437,-0.03276976298,-0.03471373985,5.391976494e-05,-0.03011429695,-0.05544951948,0.02989755226,-0.02814200509,-0.03229527938,0.02871995823,0.003995458399,-0.0001932353535,-0.08014513283,0.0595766644,0.0264551699,-0.06113049405,0.008284629111,0.01207089696,0.008284629111,0.002637795173,0.02570200171,0.2400067304,0.1135826781,0.001143173479
2.8,0.825576396,-0.1222807181,-0.05982194236,-0.01382463387,0.002637792114,0.999996521,0.0264142499,0.9996510828,0,0,1.179005139,1.648193509,-1.011201505,1.005604376,-0.7756058188,0.7144667297,0.4445556938,-1.164355008,1.558702721,1.393802133,1.504631222,-0.7026145054,-0.123884792,-0.03338106792,-0.03416757592,5.229470157e-05,-0.03134367234,-0.05475424493,0.03182531829,-0.02935919752,-0.03235017113,0.02846858442,0.003990225307,-0.000256411912,-0.08024166108,0.06059108116,0.02645441034,-0.061903503,0.008283951199,0.01208597191,0.008283951199,0.002637795173,0.0259787587,0.2399438665,0.1135826781,0.001142634282
2.81,0.8249725423,-0.1224188402,-0.06095691583,-0.01380018557,0.002637792114,0.999996521,0.0264142499,0.9996510828,0,0,1.178663463,1.648194032,-1.011514942,1.005056834,-0.7752875656,0.7141731377,0.4442321921,-1.164070322,1.558742623,1.393799569,1.503828805,-0.7020085946,-0.1236202479,-0.03400010295,-0.03392936175,5.129711911e-05,-0.03184070344,-0.05463714569,0.03285517811,-0.03022945193,-0.03273135592,0.0282898242,0.003990540647,-0.0003396922276,-0.08057609624,0.06161616901,0.02656471696,-0.0628061265,0.008283284005,0.01210100668,0.008283284005,0.002637795173,0.02625500296,0.2398741279,0.1135826781,0.001142111335
2.82,0.8243570971,-0.1225567296,-0.06214004272,-0.01377806488,0.002637792114,0.999996521,0.0264142499,0.9996510828,0,0,1.178324169,1.648194545,-1.011833349,1.004510462,-0.7749590138,0.7138708432,0.4439048785,-1.163787424,1.558782529,1.393796172,1.503023044,-0.7013924329,-0.1233546007,-0.03462816422,-0.03381561566,5.047930918e-05,-0.0320576186,-0.05476026342,0.0335490131,-0.03097780208,-0.03325375,0.02814133256,0.003993668362,-0.0004327108432,-0.08102408046,0.06267097562,0.02672604502,-0.06378512379,0.008282621523,0.01211602187,0.008282621523,0.002637795173,0.02641732246,0.2397972824,0.1135826781,0.001141598363
2.83,0.8237295849,-0.1226944091,-0.06337013026,-0.01375821413,0.002637792114,0.999996521,0.0264142499,0.9996510828,0,0,1.177986013,1.64819505,-1.012153925,1.00396286,-0.7746235237,0.7135610652,0.443572341,-1.163506011,1.558822465,1.393791845,1.502212804,-0.7007657231,-0.1230873403,-0.03526601545,-0.03323860682,4.864094618e-05,-0.03343341747,-0.05403381914,0.03569161261,-0.0323299759,-0.03333049448,0.02788561363,0.003990648761,-0.0005018578789,-0.08118287257,0.06381958464,0.02674291976,-0.06467062752,0.008281961321,0.01213102755,0.008281961321,0.002637795173,0.02641732246,0.2397131038,0.1135826781,0.00114109357
2.84,0.8230895419,-0.1228319012,-0.06464599443,-0.0137405761,0.002637792114,0.999996521,0.0264142499,0.9996510828,0,0,1.177653627,1.648195536,-1.012488259,1.003422521,-0.7742666076,0.7132377654,0.4432390361,-1.163227155,1.558862372,1.393786827,1.501400975,-0.7001275273,-0.1228199111,-0.03591272173,-0.0326528933,4.676379757e-05,-0.03485199105,-0.05329882002,0.03789766679,-0.03372384387,-0.03341552204,0.02762865968,0.003988329424,-0.0005729106996,-0.08136160762,0.06501061059,0.02676546657,-0.0655917679,0.008281312416,0.01214599918,0.008281312416,0.002637795173,0.02641732246,0.2396213709,0.1135826781,0.001140607161
2.85,0.8224365163,-0.1229692278,-0.06596645992,-0.01372509397,0.002637792114,0.999996521,0.0264142499,0.9996510828,0,0,1.177327098,1.648196004,-1.012836779,1.002889533,-0.7738876309,0.712900527,0.4429048809,-1.162950868,1.558902255,1.393781098,1.500587359,-0.6994774212,-0.1225522564,-0.03656863941,-0.03205860165,4.484864176e-05,-0.03631257898,-0.05255539961,0.04016609932,-0.03515840748,-0.03350839953,0.02737052774,0.00398669549,-0.0006458215077,-0.08155977496,0.06624294808,0.02679357085,-0.06654753893,0.008280674972,0.01216093869,0.008280674972,0.002637795173,0.02641732246,0.2395218684,0.1135826781,0.001140139523
2.86,0.821770068,-0.1231064101,-0.06733036017,-0.01371171136,0.002637792114,0.999996521,0.0264142499,0.9996510828,0,0,1.177006512,1.648196452,-1.013199905,1.002363979,-0.7734859699,0.7125489429,0.4425697969,-1.162677163,1.558942122,1.393774639,1.499771761,-0.6988149917,-0.1222843207,-0.0372341148,-0.03145585883,4.28962545e-05,-0.03781442188,-0.05180369166,0.0424958343,-0.0366326746,-0.03360869997,0.0271112741,0.003985732165,-0.0007205428407,-0.08177686766,0.0675155,0.02682711842,-0.06753694323,0.008280049148,0.012175848,0.008280049148,0.002637795173,0.02641732246,0.2394143868,0.1135826781,0.001139691036
2.87,0.8210897682,-0.1232434689,-0.06873653733,-0.01370037229,0.002637792114,0.999996521,0.0264142499,0.9996510828,0,0,1.176691954,1.648196881,-1.013578049,1.001845942,-0.7730610116,0.7121826162,0.4422337099,-1.16240605,1.55898198,1.393767434,1.498953992,-0.6981398367,-0.1220160495,-0.03790948423,-0.03084479212,4.090740866e-05,-0.03935676154,-0.05104383006,0.04488579645,-0.03814565944,-0.03371600247,0.02685095427,0.003985424722,-0.0007970275717,-0.08201238252,0.06882717761,0.02686599554,-0.06855899201,0.008279435103,0.01219072897,0.008279435103,0.002637795173,0.02641732246,0.2392987218,0.1135826781,0.001139262074
2.88,0.8203952001,-0.1233804242,-0.0701838423,-0.01369102123,0.002637792114,0.999996521,0.0264142499,0.9996510828,0,0,1.176383506,1.64819729,-1.013971617,1.001335504,-0.7726121536,0.7118011596,0.4418965498,-1.16213754,1.559021834,1.393759464,1.498133869,-0.6974515649,-0.1217473895,-0.03859507415,-0.03105816478,3.990072488e-05,-0.03945546934,-0.05021205825,0.0451852008,-0.03893426538,-0.03508564222,0.02682042515,0.004000229966,-0.001347670693,-0.08250788263,0.07040936207,0.02763536931,-0.06972309631,0.008278832992,0.01220558344,0.008278832992,0.002637795173,0.02641732246,0.239174675,0.1135826781,0.001138853
2.89,0.8196859581,-0.1235172957,-0.07167113469,-0.01368360305,0.002637792114,0.999996521,0.0264142499,0.9996510828,0,0,1.176072924,1.648197689,-1.014366172,1.000833383,-0.7721603016,0.7114118169,0.4415456934,-1.161869336,1.559061836,1.393745987,1.49730879,-0.6967474713,-0.1214710359,-0.03929230511,-0.03057472639,3.806437578e-05,-0.0408148493,-0.04942629251,0.04731102348,-0.04039024103,-0.03542576707,0.02659719028,0.004003799174,-0.001507691344,-0.08281991443,0.07183556939,0.02780740229,-0.07082604423,0.008278226711,0.01222039688,0.008278226711,0.002637795173,0.02641732246,0.2390420531,0.1135826781,0.001138453993
2.9,0.8189616479,-0.1236541025,-0.07319728287,-0.01367806306,0.002637792114,0.999996521,0.0264142499,0.9996510828,0,0,1.175767177,1.64819807,-1.01477432,1.00033912,-0.7716871914,0.7110079145,0.4411914357,-1.161603364,1.559101874,1.39373091,1.496480591,-0.6960291156,-0.1211929618,-0.04000056555,-0.02996294192,3.605143577e-05,-0.04242642954,-0.04864211944,0.04980372464,-0.04199224337,-0.03559038201,0.02633959167,0.00400589869,-0.001600866413,-0.08311380999,0.07326400356,0.0278792927,-0.07194270396,0.008277629868,0.01223518508,0.008277629868,0.002637795173,0.02641732246,0.2389006684,0.1135826781,0.001138073349
2.91,0.8182218867,-0.1237908631,-0.07476116391,-0.01367434696,0.002637792114,0.999996521,0.0264142499,0.9996510828,0,0,1.175467547,1.64819843,-1.015198584,0.9998526993,-0.7711891541,0.7105879921,0.4408355319,-1.161339968,1.559141933,1.393714901,1.495649453,-0.6952964756,-0.1209141689,-0.04071999259,-0.02934393155,3.400746897e-05,-0.04407425661,-0.04785032065,0.05235050355,-0.04362855502,-0.03576136507,0.02608127495,0.00400860986,-0.001695899892,-0.08342429936,0.07472743202,0.0279564851,-0.073088197,0.008277044961,0.01224995219,0.008277044961,0.002637795173,0.02641732246,0.2387503382,0.1135826781,0.001137712834
2.92,0.8174663026,-0.1239275954,-0.07636166363,-0.01367240091,0.002637792114,0.999996521,0.0264142499,0.9996510828,0,0,1.175174108,1.64819877,-1.015639327,0.9993741961,-0.7706656491,0.7101517065,0.4404779183,-1.161079156,1.559182019,1.393697942,1.49481521,-0.6945492012,-0.120634604,-0.04145087456,-0.02871781213,3.19332818e-05,-0.04575759345,-0.04705103258,0.05495030798,-0.04529823347,-0.03593831108,0.02582228769,0.004011918258,-0.001792737737,-0.08375089371,0.07622480347,0.02803885462,-0.07426157471,0.008276472124,0.01226469989,0.008276472124,0.002637795173,0.02641732246,0.2385908857,0.1135826781,0.00113737276
2.93,0.816694535,-0.1240643168,-0.07799767658,-0.01367217147,0.002637792114,0.999996521,0.0264142499,0.9996510828,0,0,1.17488693,1.64819909,-1.016096903,0.9989036857,-0.770116146,0.7096987242,0.4401185352,-1.160820933,1.559222138,1.393680015,1.493977701,-0.6937869532,-0.1203542155,-0.04219349031,-0.02808470067,2.982967569e-05,-0.04747570495,-0.04624439163,0.05760208773,-0.04700034269,-0.03612082043,0.02556267679,0.00401580953,-0.001891326316,-0.08409310804,0.07775507493,0.02812627698,-0.07546189691,0.008275911491,0.01227942987,0.008275911491,0.002637795173,0.02641732246,0.238422139,0.1135826781,0.001137053427
2.94,0.8159062343,-0.1242010443,-0.07966810603,-0.01367360563,0.002637792114,0.999996521,0.0264142499,0.9996510828,0,0,1.174606083,1.648199388,-1.01657166,0.9984412418,-0.7695401251,0.7092287208,0.439757327,-1.160565306,1.559262296,1.393661102,1.49313677,-0.6930094025,-0.1200729527,-0.04294810928,-0.02744471437,2.769744698e-05,-0.04922785802,-0.04543053412,0.06030479473,-0.04873395317,-0.03630849906,0.02530248849,0.004020269394,-0.001991612404,-0.08445046109,0.0793172118,0.02821862851,-0.07668823181,0.008275363191,0.01229414375,0.008275363191,0.002637795173,0.02641732246,0.2382439316,0.1135826781,0.00113675513
2.95,0.8151010618,-0.1243377943,-0.081371864,-0.0136766508,0.002637792114,0.999996521,0.0264142499,0.9996510828,0,0,1.174331636,1.648199665,-1.017063939,0.9979869365,-0.7689370772,0.7087413812,0.439394242,-1.160312281,1.559302499,1.393641186,1.492292265,-0.6922162303,-0.1197907664,-0.0437149916,-0.02679797057,2.553738705e-05,-0.05101332169,-0.04460959626,0.06305738316,-0.05049814195,-0.03650095841,0.02504176837,0.004025283639,-0.002093543187,-0.08482247538,0.0809101878,0.0283157862,-0.07793965605,0.008274827351,0.01230884314,0.008274827351,0.002637795173,0.02641732246,0.2380561021,0.1135826781,0.001136478156
2.96,0.8142786895,-0.1244745825,-0.08310787122,-0.0136812548,0.002637792114,0.999996521,0.0264142499,0.9996510828,0,0,1.174063656,1.64819992,-1.017574072,0.9975408405,-0.7683065034,0.7082363998,0.4390292324,-1.160061863,1.559342752,1.39362025,1.49144404,-0.6914071285,-0.1195076086,-0.04449438816,-0.02614458672,2.3350282e-05,-0.05283136708,-0.04378171419,0.06585880948,-0.05229199261,-0.0366978154,0.02478056137,0.004030838126,-0.002197066262,-0.08520867721,0.08253298498,0.02841762763,-0.07921525465,0.008274304098,0.01232352961,0.008274304098,0.002637795173,0.02641732246,0.2378584944,0.1135826781,0.001136222782
2.97,0.8134388004,-0.1246114244,-0.08487505716,-0.0136873659,0.002637792114,0.999996521,0.0264142499,0.9996510828,0,0,1.17380221,1.648200154,-1.018102385,0.9971030234,-0.7676479153,0.7077134799,0.4386622542,-1.159814058,1.55938306,1.393598279,1.490591953,-0.6905817986,-0.1192234323,-0.04528654071,-0.02548468042,2.113691326e-05,-0.05468126753,-0.04294702391,0.06870803253,-0.05411459528,-0.03689869237,0.02451891178,0.004036918793,-0.002302129633,-0.08560859666,0.08418459374,0.02852403103,-0.08051412103,0.008273793555,0.01233820468,0.008273793555,0.002637795173,0.02641732246,0.2376509575,0.1135826781,0.001135989279
2.98,0.812581088,-0.1247483347,-0.08667236003,-0.01369493277,0.002637792114,0.999996521,0.0264142499,0.9996510828,0,0,1.173547363,1.648200365,-1.018649198,0.9966735531,-0.7669608349,0.7071723339,0.4382932673,-1.159568869,1.55942343,1.393575258,1.489735867,-0.6897399527,-0.118938192,-0.04609168192,-0.02481836934,1.889805656e-05,-0.05656229856,-0.04210566129,0.0716040136,-0.05596504666,-0.03710321711,0.02425686323,0.004043511647,-0.002408681716,-0.08602176756,0.08586401284,0.02863487526,-0.08183535698,0.008273295843,0.01235286986,0.008273295843,0.002637795173,0.02641732246,0.2374333453,0.1135826781,0.00113577791
2.99,0.8117052564,-0.1248853277,-0.08849872675,-0.01370390451,0.002637792114,0.999996521,0.0264142499,0.9996510828,0,0,1.17329918,1.648200554,-1.019214821,0.9962524965,-0.7662447948,0.7066126835,0.4379222351,-1.1593263,1.559463865,1.393551171,1.48887565,-0.6888813125,-0.1186518432,-0.04691003549,-0.02427488928,1.695516549e-05,-0.05815814051,-0.04149721741,0.07415617456,-0.05768321872,-0.03743595792,0.02402487478,0.004052847548,-0.002523677601,-0.0865358365,0.08755635781,0.02879309117,-0.08321443842,0.00827281108,0.01236752662,0.00827281108,0.002637795173,0.02641732246,0.237205517,0.1135826781,0.001135588929
3,0.8108110201,-0.1250224173,-0.09035311298,-0.01371423063,0.002637792114,0.999996521,0.0264142499,0.9996510828,0,0,1.173056431,1.648200724,-1.019796402,0.9958375243,-0.7655032331,0.7060358513,0.4375478756,-1.159086051,1.559504393,1.393525935,1.488010291,-0.688005749,-0.1183639123,-0.04774217987,-0.0242548886,1.630961184e-05,-0.05849244995,-0.04186705551,0.07516029862,-0.058773312,-0.03828266878,0.02391793409,0.004071916896,-0.00266896757,-0.08742550489,0.08921733894,0.02913325529,-0.08476382691,0.008272336879,0.01238218501,0.008272336879,0.002637795173,0.02641732246,0.2369673365,0.1135826781,0.001135419378
3.01,0.8098981042,-0.1251596167,-0.09223448313,-0.01372586108,0.002637792114,0.999996521,0.0264142499,0.9996510828,0,0,1.172813882,1.648200887,-1.020381327,0.9954188538,-0.7647516301,0.7054481182,0.4371650489,-1.158846872,1.559545112,1.393499245,1.487136036,-0.6871135756,-0.1180725798,-0.04858981814,-0.0235666444,1.400065126e-05,-0.06047686063,-0.04100440278,0.0782098221,-0.06070448132,-0.0384901099,0.02365518048,0.004079975386,-0.002779788749,-0.08787657324,0.0909742589,0.02925758052,-0.08614684166,0.008271863078,0.01239688202,0.008271863078,0.002637795173,0.02641732246,0.2367186727,0.1135826781,0.001135256282
3.02,0.8089662439,-0.1252969387,-0.09414181032,-0.01373874621,0.002637792114,0.999996521,0.0264142499,0.9996510828,0,0,1.172578216,1.648201027,-1.020986096,0.9950088098,-0.7639695319,0.7048410733,0.4367801478,-1.15861032,1.559585912,1.393471447,1.486257271,-0.686203833,-0.117780004,-0.04945128656,-0.02287240436,1.166943204e-05,-0.06248987217,-0.0401356414,0.08130245886,-0.06265997441,-0.03869962118,0.023392215,0.004088492073,-0.002891902518,-0.08833912816,0.09275506218,0.02938591285,-0.08754872953,0.008271402641,0.0124115749,0.008271402641,0.002637795173,0.02641732246,0.2364593998,0.1135826781,0.001135116275
3.03,0.8080151848,-0.1254343957,-0.0960740764,-0.01375283683,0.002637792114,0.999996521,0.0264142499,0.9996510828,0,0,1.172349491,1.648201144,-1.021610994,0.9946074533,-0.7631565073,0.7042144736,0.4363931516,-1.158376398,1.559626797,1.393442528,1.485373879,-0.6852762824,-0.1174861448,-0.05032677385,-0.02217228067,9.316697591e-06,-0.06453079044,-0.03926089872,0.08443720766,-0.06463892691,-0.03891084968,0.02312907746,0.004097453288,-0.003005259243,-0.08881272081,0.09455878957,0.02951813389,-0.08896863316,0.00827095568,0.012426265,0.00827095568,0.002637795173,0.02641732246,0.2361893966,0.1135826781,0.001134999581
3.04,0.8070446826,-0.1255719993,-0.09803027195,-0.01376808413,0.002637792114,0.999996521,0.0264142499,0.9996510828,0,0,1.172127769,1.648201237,-1.022256302,0.9942148444,-0.7623121352,0.7035680843,0.4360040431,-1.158145107,1.559667772,1.393412475,1.484485752,-0.6843306945,-0.1171909635,-0.05121646018,-0.02146638577,6.943186359e-06,-0.06659892314,-0.03838030213,0.08761306914,-0.06664048094,-0.03912344803,0.02286580704,0.004106845436,-0.003119809704,-0.08929690608,0.09638449018,0.02965412589,-0.09040570356,0.008270522303,0.01244095363,0.008270522303,0.002637795173,0.02641732246,0.2359085468,0.1135826781,0.001134906414
3.05,0.806054503,-0.125709761,-0.1000093963,-0.01378443975,0.002637792114,0.999996521,0.0264142499,0.9996510828,0,0,1.171913105,1.648201306,-1.022922291,0.9938310413,-0.7614360045,0.7029016795,0.4356128086,-1.157916449,1.55970884,1.393381277,1.483592783,-0.6833668496,-0.1168944223,-0.05212051722,-0.02075483233,4.549631694e-06,-0.06869357974,-0.03749397899,0.09082904581,-0.06866378505,-0.03933707446,0.0226024423,0.004116654998,-0.003235505088,-0.08979124268,0.09823122148,0.02979377171,-0.09185910014,0.008270102618,0.01245564206,0.008270102618,0.002637795173,0.02641732246,0.2356167388,0.1135826781,0.001134836982
3.06,0.8050444216,-0.1258476916,-0.1020104575,-0.01380185573,0.002637792114,0.999996521,0.0264142499,0.9996510828,0,0,1.171705557,1.648201352,-1.023609227,0.9934561016,-0.760527714,0.7022150417,0.4352194378,-1.157690425,1.559750007,1.393348922,1.482694871,-0.6823845374,-0.1165964845,-0.05303910822,-0.02003773321,2.136761945e-06,-0.07081407149,-0.03660205665,0.09408414207,-0.07070799426,-0.03955139277,0.02233902113,0.004126868527,-0.003352296991,-0.09029529309,0.1000980493,0.02993695486,-0.09332799066,0.008269696731,0.01247033154,0.008269696731,0.002637795173,0.02641732246,0.2353138656,0.1135826781,0.001134791486
3.07,0.804014224,-0.1259858015,-0.1040324723,-0.01382028455,0.002637792114,0.999996521,0.0264142499,0.9996510828,0,0,1.171505179,1.648201373,-1.024317368,0.993090081,-0.7595868726,0.7015079617,0.4348239239,-1.157467035,1.559791275,1.393315399,1.481791918,-0.6813835569,-0.116297115,-0.05397238813,-0.01931520155,-2.946996425e-07,-0.07295971139,-0.03570466248,0.09737736414,-0.07277227004,-0.03976607238,0.0220755808,0.004137472654,-0.003470137422,-0.09080862358,0.1019840476,0.03008355948,-0.09481155126,0.008269304744,0.01248502327,0.008269304744,0.002637795173,0.02641732246,0.2349998253,0.1135826781,0.001134770118
3.08,0.8029637055,-0.1261241006,-0.1060744663,-0.01383967911,0.002637792114,0.999996521,0.0264142499,0.9996510828,0,0,1.171312027,1.64820137,-1.025046965,0.9927330344,-0.758613099,0.700780239,0.4344262632,-1.157246279,1.55983265,1.393280698,1.480883831,-0.6803637164,-0.1159962794,-0.05492050364,-0.01987381341,-7.787265055e-07,-0.07279502928,-0.03472713943,0.09739019913,-0.07366925049,-0.04189362469,0.02217376806,0.004178926265,-0.004312860786,-0.09170225408,0.1042243701,0.03136679531,-0.09644912421,0.008268926757,0.01249971844,0.008268926757,0.002637795173,0.02641732246,0.2346745203,0.1135826781,0.001134773065
3.09,0.8018926713,-0.1262625982,-0.1081354736,-0.01385999272,0.002637792114,0.999996521,0.0264142499,0.9996510828,0,0,1.171113289,1.648201362,-1.025774915,0.992385763,-0.757639197,0.7000435465,0.4340073269,-1.157024541,1.559874439,1.393237569,1.479966809,-0.6793214727,-0.1156826114,-0.05588499488,-0.01932258361,-2.97350371e-06,-0.07465072191,-0.03381028202,0.1002730015,-0.07560385891,-0.04238258595,0.02196023846,0.004194717929,-0.004532582547,-0.09228436978,0.1061925074,0.03167603944,-0.09797863943,0.008268537842,0.01251441992,0.008268537842,0.002637795173,0.02641732246,0.2346126284,0.1135826781,0.001134780852
3.1,0.8008009359,-0.1264013033,-0.1102145373,-0.01388117912,0.002637792114,0.999996521,0.0264142499,0.9996510828,0,0,1.170920063,1.648201333,-1.026521423,0.9920476601,-0.756636467,0.6992875079,0.4335835011,-1.156804939,1.559916386,1.393192243,1.479043965,-0.6782595476,-0.115365851,-0.05686478127,-0.01861674753,-5.413673487e-06,-0.07680014776,-0.03289717235,0.103575232,-0.07769399143,-0.04264900251,0.02170465978,0.004207331172,-0.00466887212,-0.09283123014,0.1081379453,0.03185629123,-0.09950404804,0.00826815959,0.01252912809,0.00826815959,0.002637795173,0.02641732246,0.2345772797,0.1135826781,0.001134810587
3.11,0.7996883235,-0.1265402245,-0.112310709,-0.01390319248,0.002637792114,0.999996521,0.0264142499,0.9996510828,0,0,1.170733896,1.648201278,-1.027289424,0.9917186884,-0.7556007146,0.698510568,0.4331570111,-1.156587892,1.55995846,1.393145555,1.478115653,-0.6771781682,-0.1150472881,-0.05785982176,-0.01790628975,-7.86925145e-06,-0.07897107051,-0.03197913564,0.1069102171,-0.07980058567,-0.04291518326,0.02144926206,0.004220295359,-0.004806142709,-0.0933857431,0.1100989945,0.03203968546,-0.1010409287,0.008267795005,0.0125438439,0.008267795005,0.002637795173,0.02641732246,0.2345363823,0.1135826781,0.001134864724
3.12,0.7985546678,-0.1266793698,-0.1144230492,-0.01392598739,0.002637792114,0.999996521,0.0264142499,0.9996510828,0,0,1.170554833,1.6482012,-1.028079135,0.9913988971,-0.7545316125,0.6977125622,0.4327278592,-1.156373399,1.560000663,1.393097493,1.477181795,-0.6760771782,-0.1147268913,-0.05887023104,-0.01719131426,-1.033955848e-05,-0.08116282619,-0.03105630088,0.1102769907,-0.08192284511,-0.04318081251,0.02119407574,0.00423359731,-0.004944341229,-0.09394749028,0.1120747677,0.03222609803,-0.1025884982,0.008267444174,0.01255856843,0.008267444174,0.002637795173,0.02641732246,0.2344899046,0.1135826781,0.001134943416
3.13,0.7973998117,-0.1268187467,-0.1165506271,-0.01394951883,0.002637792114,0.999996521,0.0264142499,0.9996510828,0,0,1.17038292,1.648201096,-1.028890763,0.9910883341,-0.7534288426,0.6968933337,0.4322960511,-1.156161459,1.560042999,1.39304805,1.476242321,-0.6749564305,-0.1144046303,-0.05989611602,-0.0164719253,-1.282392039e-05,-0.08337475257,-0.03012879704,0.1136745886,-0.08405997961,-0.04344558026,0.02093913061,0.004247223915,-0.005083415072,-0.09451605713,0.1140643857,0.03241540554,-0.1041459814,0.008267107179,0.01257330273,0.008267107179,0.002637795173,0.02641732246,0.2344378167,0.1135826781,0.001135046812
3.14,0.7962236075,-0.1269583625,-0.1186925205,-0.01397374225,0.002637792114,0.999996521,0.0264142499,0.9996510828,0,0,1.1702182,1.648200968,-1.029724511,0.9907870461,-0.7522920967,0.6960527339,0.4318615953,-1.155952067,1.560085471,1.392997216,1.47529716,-0.6738157867,-0.1140804762,-0.06093757584,-0.01574822746,-1.532166787e-05,-0.0856061891,-0.02919675314,0.1171020483,-0.0862112054,-0.04370918216,0.02068445586,0.004261162134,-0.005223312111,-0.0950910329,0.1160669778,0.03260748536,-0.1057126121,0.008266784103,0.0125880478,0.008266784103,0.002637795173,0.02641732246,0.2343800908,0.1135826781,0.001135175051
3.15,0.7950259166,-0.1270982237,-0.1208478161,-0.0139986135,0.002637792114,0.999996521,0.0264142499,0.9996510828,0,0,1.170060718,1.648200815,-1.030580572,0.9904950786,-0.7511210762,0.6951906219,0.4314245035,-1.155745223,1.560128082,1.392944983,1.47434625,-0.6726551169,-0.1137544014,-0.06199470196,-0.01502032565,-1.783213606e-05,-0.08785647687,-0.02826029822,0.1205584089,-0.08837574506,-0.04397131957,0.02043008005,0.004275398994,-0.005363980696,-0.09567201063,0.1180816818,0.03280221554,-0.1072876321,0.008266475025,0.01260280463,0.008266475025,0.002637795173,0.02641732246,0.2343167003,0.1135826781,0.001135328268
3.16,0.7938066095,-0.1272383367,-0.1230156092,-0.01402408884,0.002637792114,0.999996521,0.0264142499,0.9996510828,0,0,1.169910515,1.648200637,-1.031459137,0.9902124756,-0.7499154921,0.6943068644,0.4309847903,-1.155540922,1.560170836,1.392891343,1.47338953,-0.6714743001,-0.1134263792,-0.06306757828,-0.01428832516,-2.03546652e-05,-0.09012495857,-0.02731956137,0.1240427112,-0.09055282755,-0.04423169957,0.02017603111,0.004289921589,-0.005505369656,-0.09625858721,0.1201076436,0.03299947486,-0.1088702921,0.008266180025,0.01261757418,0.008266180025,0.002637795173,0.02641732246,0.2342476208,0.1135826781,0.001135506589
3.17,0.7925655658,-0.1273787074,-0.125195004,-0.01405012497,0.002637792114,0.999996521,0.0264142499,0.9996510828,0,0,1.169767632,1.648200433,-1.032360387,0.98993928,-0.748675065,0.6934013361,0.4305424733,-1.155339162,1.560213736,1.392836289,1.472426944,-0.6702732237,-0.1130963845,-0.0641562812,-0.01366518123,-2.267295205e-05,-0.09213853149,-0.02658632065,0.1272201699,-0.09260180645,-0.04459479034,0.01994969596,0.004306868083,-0.005653483942,-0.09692902838,0.1221321356,0.03323796523,-0.1104914963,0.008265899177,0.01263235737,0.008265899177,0.002637795173,0.02641732246,0.2341728294,0.1135826781,0.001135710136
3.18,0.7913026737,-0.127519341,-0.1273851131,-0.014076679,0.002637792114,0.999996521,0.0264142499,0.9996510828,0,0,1.16963098,1.648200206,-1.033281772,0.9896734168,-0.7474028633,0.6924753181,0.4300965254,-1.155139665,1.560256804,1.392779754,1.471457653,-0.6690519023,-0.1127640048,-0.06526119616,-0.01363114478,-2.391851479e-05,-0.09274223136,-0.02696475293,0.1286769094,-0.09392529573,-0.0455040687,0.0198683971,0.004335555538,-0.005834278855,-0.09802036682,0.1241034604,0.03368445346,-0.1122859181,0.008265630366,0.01264716337,0.008265630366,0.002637795173,0.02641732246,0.2341053905,0.1135826781,0.001135936865
3.19,0.7900178307,-0.1276602425,-0.1295850583,-0.01410370849,0.002637792114,0.999996521,0.0264142499,0.9996510828,0,0,1.169494668,1.648199967,-1.034209194,0.9894037692,-0.7461160942,0.6915360651,0.4296414847,-1.154940981,1.56030016,1.392721411,1.47047745,-0.6678108677,-0.1124271603,-0.06638405535,-0.01288291678,-2.657120397e-05,-0.09508114492,-0.02600972963,0.1322661335,-0.0961384687,-0.04574974286,0.01961597648,0.004351090741,-0.005977712935,-0.098623073,0.1261580892,0.03389007314,-0.1138871753,0.008265362149,0.01266203723,0.008265362149,0.002637795173,0.02641732246,0.2340908502,0.1135826781,0.001136176051
3.2,0.7887109427,-0.1278014166,-0.1317939697,-0.01413117137,0.002637792114,0.999996521,0.0264142499,0.9996510828,0,0,1.169365839,1.648199701,-1.035160006,0.9891436719,-0.7447934329,0.6905746804,0.4291839873,-1.154744821,1.560343671,1.392661634,1.469491219,-0.6665492868,-0.1120882596,-0.0675229271,-0.01213086462,-2.923617328e-05,-0.09743624882,-0.02505083943,0.1358802993,-0.09836127511,-0.04599230734,0.01936399682,0.004366866899,-0.006121671631,-0.09922983743,0.1282206441,0.03409777923,-0.1154931562,0.008265108385,0.01267692812,0.008265108385,0.002637795173,0.02641732246,0.2340283917,0.1135826781,0.001136441763
3.21,0.7873819243,-0.1279428673,-0.1340109865,-0.01415902605,0.002637792114,0.999996521,0.0264142499,0.9996510828,0,0,1.169244531,1.648199409,-1.036134368,0.9888931635,-0.7434346299,0.6895910677,0.4287240642,-1.154551181,1.560387339,1.392600418,1.468498921,-0.6652670804,-0.1117472818,-0.06867785866,-0.01137509142,-3.191281805e-05,-0.09980690528,-0.02408820592,0.1395184701,-0.1005929798,-0.04623149352,0.01911248233,0.004382871446,-0.006266106059,-0.09984027447,0.1302903131,0.03430745342,-0.1171031531,0.008264869148,0.01269183685,0.008264869148,0.002637795173,0.02641732246,0.233916803,0.1135826781,0.001136734124
3.22,0.7860306988,-0.1280845983,-0.1362352562,-0.01418723131,0.002637792114,0.999996521,0.0264142499,0.9996510828,0,0,1.16913078,1.64819909,-1.037132437,0.9886522815,-0.7420394452,0.6885851379,0.4282617492,-1.154360056,1.560431168,1.392537757,1.467500518,-0.6639641772,-0.1114042072,-0.06984889019,-0.01159954433,-3.344072959e-05,-0.1003897542,-0.02308019255,0.1406732921,-0.1019177494,-0.0479019629,0.01914419688,0.00442976559,-0.006962565771,-0.1007388502,0.1326056778,0.0354038053,-0.1187999952,0.008264644506,0.01270676421,0.008264644506,0.002637795173,0.02641732246,0.2337548621,0.1135826781,0.001137053253
3.23,0.7846571978,-0.1282266129,-0.1384659355,-0.01421574639,0.002637792114,0.999996521,0.0264142499,0.9996510828,0,0,1.169014784,1.648198755,-1.038136335,0.9884214795,-0.7406327123,0.6875659604,0.4277827296,-1.154168614,1.560475466,1.392468131,1.466493129,-0.6626381204,-0.1110501692,-0.07103689014,-0.01170964764,-3.503178123e-05,-0.1011811873,-0.02207515048,0.1421168235,-0.1033535454,-0.04941094506,0.01914316264,0.004473439045,-0.007594675185,-0.101607164,0.1348986217,0.03639773138,-0.1204893389,0.008264415379,0.01272173642,0.008264415379,0.002637795173,0.02641732246,0.2333906939,0.1135826781,0.00113738766
3.24,0.7832613615,-0.1283689141,-0.1407021894,-0.01424453094,0.002637792114,0.999996521,0.0264142499,0.9996510828,0,0,1.168897688,1.648198405,-1.039148147,0.988200728,-0.739211544,0.6865324249,0.4272886202,-1.153977183,1.5605202,1.392392184,1.465477058,-0.6612891342,-0.1106861919,-0.07224178353,-0.0109787963,-3.759426943e-05,-0.1035180191,-0.02110287068,0.1457100479,-0.1055752612,-0.04969557175,0.01890149981,0.00449120141,-0.007756685137,-0.1022351664,0.136992186,0.03663854056,-0.122109283,0.008264183999,0.01273675178,0.008264183999,0.002637795173,0.02641732246,0.2328755411,0.1135826781,0.001137737978
3.25,0.7818431382,-0.1285115043,-0.142943192,-0.01427354502,0.002637792114,0.999996521,0.0264142499,0.9996510828,0,0,1.1687879,1.648198029,-1.040183327,0.9879896993,-0.7377544435,0.6854766723,0.4267916645,-1.153788168,1.560565112,1.392314617,1.464454706,-0.6599192124,-0.1103198065,-0.07346287636,-0.01024485381,-4.016301181e-05,-0.1058671591,-0.02012739854,0.1493224339,-0.1078028168,-0.04997626039,0.01866040307,0.004509150215,-0.007919006408,-0.1028653595,0.1390897179,0.03688088211,-0.1237304907,0.008263966731,0.01275178947,0.008263966731,0.002637795173,0.02641732246,0.2323481397,0.1135826781,0.00113811392
3.26,0.7804024846,-0.1286543856,-0.145188126,-0.01430274914,0.002637792114,0.999996521,0.0264142499,0.9996510828,0,0,1.168685451,1.648197628,-1.041241999,0.9877884254,-0.7362612192,0.6843986442,0.4262919018,-1.153601564,1.560610204,1.392235427,1.463426053,-0.6585283152,-0.1099509976,-0.07470018127,-0.009507916501,-4.273740994e-05,-0.1082279888,-0.01914885996,0.1529530676,-0.1100355167,-0.05025275979,0.0184198902,0.004527272895,-0.008081586405,-0.1034973736,0.1411904448,0.03712463126,-0.1253522963,0.008263763634,0.0127668502,0.008263763634,0.002637795173,0.02641732246,0.2318084689,0.1135826781,0.00113851555
3.27,0.7789393653,-0.1287975598,-0.1474361826,-0.01433210419,0.002637792114,0.999996521,0.0264142499,0.9996510828,0,0,1.168590372,1.6481972,-1.042324278,0.9875969368,-0.7347316885,0.683298289,0.4257893743,-1.153417365,1.560655476,1.392154611,1.462391079,-0.6571164107,-0.1095797513,-0.07595370423,-0.008768081347,-4.531687001e-05,-0.1105998904,-0.01816738112,0.1566010361,-0.1122726719,-0.05052482494,0.01817997838,0.004545556937,-0.008244373081,-0.1041308427,0.1432936025,0.037369664,-0.1269740427,0.008263574764,0.0127819346,0.008263574764,0.002637795173,0.02641732246,0.2312565122,0.1135826781,0.001138942925
3.28,0.7774537532,-0.1289410281,-0.1496865621,-0.01436157153,0.002637792114,0.999996521,0.0264142499,0.9996510828,0,0,1.168502691,1.648196747,-1.043430277,0.9874152629,-0.7331656782,0.6821755623,0.425284126,-1.153235565,1.560700932,1.392072168,1.46134977,-0.6556834747,-0.1092060547,-0.07722344466,-0.008025445992,-4.790080248e-05,-0.1129822471,-0.01718308852,0.1602654267,-0.1145135992,-0.050792217,0.01794068416,0.004563989889,-0.008407314934,-0.1047654048,0.1453984353,0.03761585707,-0.1285950815,0.008263400174,0.01279704333,0.008263400174,0.002637795173,0.02641732246,0.2306922564,0.1135826781,0.001139396093
3.29,0.7759456289,-0.1290847915,-0.1519384732,-0.0143911129,0.002637792114,0.999996521,0.0264142499,0.9996510828,0,0,1.168422437,1.648196268,-1.0445601,0.9872434321,-0.7315630239,0.6810304263,0.4247762038,-1.153056158,1.560746572,1.391988095,1.460302116,-0.6542294904,-0.1088298961,-0.07850939547,-0.007280108751,-5.048862233e-05,-0.1153744425,-0.01619610899,0.1639453269,-0.1167576214,-0.0510547033,0.01770202347,0.004582559351,-0.008570361005,-0.1054007018,0.1475041957,0.037863088,-0.1302147729,0.008263239917,0.01281217696,0.008263239917,0.002637795173,0.02641732246,0.2301156925,0.1135826781,0.001139875101
3.3,0.7744149812,-0.1292288505,-0.1541911337,-0.01442069049,0.002637792114,0.999996521,0.0264142499,0.9996510828,0,0,1.168349636,1.648195763,-1.045713844,0.987081471,-0.7299235706,0.6798628501,0.4242656568,-1.152879138,1.560792398,1.391902391,1.459248109,-0.6527544484,-0.1084512652,-0.0798115432,-0.006532168623,-5.307974875e-05,-0.117775861,-0.01520656966,0.1676398247,-0.1190040677,-0.0513120574,0.01746401158,0.004601252981,-0.00873346088,-0.106036379,0.1496101448,0.03811123509,-0.131832486,0.008263094045,0.01282733607,0.008263094045,0.002637795173,0.02641732246,0.229526815,0.1135826781,0.001140379988
3.31,0.7728618063,-0.1293732053,-0.1564437697,-0.01445026691,0.002637792114,0.999996521,0.0264142499,0.9996510828,0,0,1.168284314,1.648195232,-1.046891603,0.9869294053,-0.7282471724,0.6786728094,0.4237525362,-1.152704498,1.56083841,1.391815056,1.458187745,-0.651258347,-0.1080701529,-0.08112986806,-0.005781725304,-5.567360546e-05,-0.1201858875,-0.01421459802,0.1713480083,-0.1212522729,-0.05156405912,0.01722666315,0.004620058491,-0.008896564691,-0.1066720861,0.151715552,0.03836017736,-0.1334475983,0.008262962606,0.01284252119,0.008262962606,0.002637795173,0.02641732246,0.2289256221,0.1135826781,0.001140910785
3.32,0.7712861084,-0.1295178557,-0.1586956165,-0.01447980517,0.002637792114,0.999996521,0.0264142499,0.9996510828,0,0,1.168226497,1.648194676,-1.048093462,0.9867872593,-0.7265336923,0.6774602867,0.4232368956,-1.152532231,1.560884611,1.391726091,1.457121025,-0.6497411914,-0.1076865511,-0.08246434405,-0.005028879193,-5.826962053e-05,-0.1226039076,-0.01322032191,0.175068966,-0.1235015781,-0.05181049452,0.01698999221,0.004638963647,-0.009059623112,-0.1073074762,0.1538196952,0.03860979463,-0.1350594961,0.008262845647,0.01285773283,0.008262845647,0.002637795173,0.02641732246,0.2283121158,0.1135826781,0.001141467521
3.33,0.7696878992,-0.1296628011,-0.1609459176,-0.01450926872,0.002637792114,0.999996521,0.0264142499,0.9996510828,0,0,1.168176208,1.648194093,-1.049319501,0.9866550561,-0.7247830026,0.6762252709,0.4227187907,-1.152362331,1.560931,1.391635494,1.45604795,-0.6482029945,-0.1073004532,-0.08381493901,-0.004273731407,-6.086722626e-05,-0.1250293072,-0.01222386952,0.1788017861,-0.1257513303,-0.05205115596,0.01675401211,0.004657956269,-0.00922258736,-0.1079422064,0.1559218605,0.03885996745,-0.1366675744,0.008262743214,0.01287297146,0.008262743214,0.002637795173,0.02641732246,0.2276863018,0.1135826781,0.001142050217
3.34,0.7680671977,-0.1298080407,-0.1631939258,-0.01453862143,0.002637792114,0.999996521,0.0264142499,0.9996510828,0,0,1.168133471,1.648193484,-1.050569794,0.9865328174,-0.7229949848,0.6749677576,0.4221982791,-1.152194791,1.56097758,1.391543269,1.454968528,-0.6466437759,-0.1069118535,-0.08518161475,-0.005510370423,-6.03488987e-05,-0.1237870287,-0.01117202413,0.177547969,-0.1261304101,-0.05513492094,0.01710580181,0.004752812392,-0.01050235874,-0.1091535372,0.1584727536,0.04094290308,-0.13839223,0.008262655352,0.01288823753,0.008262655352,0.002637795173,0.02641732246,0.227048189,0.1135826781,0.00114265889
3.35,0.7664240308,-0.1299535731,-0.1654389021,-0.01456782759,0.002637792114,0.999996521,0.0264142499,0.9996510828,0,0,1.168078367,1.648192881,-1.051807664,0.9864210971,-0.7212195051,0.6737064535,0.4216469299,-1.152023733,1.561025108,1.391438245,1.453876992,-0.6450590483,-0.1065024245,-0.08656553705,-0.005523610988,-6.123017646e-05,-0.1244961177,-0.01127349882,0.1791428268,-0.1274740826,-0.05615463807,0.01707382746,0.004791542383,-0.01080168064,-0.1102611701,0.1605512822,0.04157734125,-0.1401650506,0.008262543368,0.01290362746,0.008262543368,0.002637795173,0.02641732246,0.2268335714,0.1135826781,0.001143262379
3.36,0.7647584322,-0.1300993966,-0.1676801167,-0.01459685192,0.002637792114,0.999996521,0.0264142499,0.9996510828,0,0,1.168023131,1.648192268,-1.053052625,0.9863083621,-0.7194280768,0.6724317126,0.4210853835,-1.151852995,1.561073023,1.391330228,1.452774381,-0.6434535355,-0.1060866511,-0.08796718756,-0.005062745499,-6.311503324e-05,-0.1262481236,-0.01078633313,0.182051032,-0.1293542589,-0.05666279243,0.01691772844,0.004818121835,-0.0109948792,-0.1110988545,0.1626217259,0.04195447749,-0.1418356042,0.008262431065,0.01291910273,0.008262431065,0.002637795173,0.02641732246,0.226648059,0.1135826781,0.00114387468
3.37,0.7630704434,-0.1302455094,-0.1699168481,-0.01462565955,0.002637792114,0.999996521,0.0264142499,0.9996510828,0,0,1.167972503,1.648191637,-1.054315107,0.9862004988,-0.7176075665,0.6711381701,0.4205187556,-1.151683817,1.561121205,1.391220279,1.451663392,-0.6418273183,-0.1056671063,-0.0893855436,-0.004328882547,-6.566352884e-05,-0.1286437386,-0.009780344296,0.1857431196,-0.1315709114,-0.0569261377,0.01669367851,0.004839180119,-0.0111733455,-0.1117385262,0.164715741,0.04223355198,-0.1434236586,0.008262327633,0.01293463211,0.008262327633,0.002637795173,0.02641732246,0.2264567106,0.1135826781,0.001144505831
3.38,0.7613601126,-0.130391909,-0.1721483839,-0.01465421603,0.002637792114,0.999996521,0.0264142499,0.9996510828,0,0,1.167929215,1.648190981,-1.055601544,0.9861026954,-0.7157501353,0.6698224609,0.4199494942,-1.151516881,1.561169596,1.391108546,1.450546007,-0.6401801609,-0.1052447708,-0.09081978018,-0.003593112305,-6.821099385e-05,-0.1310439488,-0.008772696594,0.1894427224,-0.1337849487,-0.0571827452,0.01647035126,0.004860278023,-0.01135143725,-0.1123758759,0.1668043269,0.04251253114,-0.1450049658,0.008262238358,0.01295019431,0.008262238358,0.002637795173,0.02641732246,0.2262595355,0.1135826781,0.001145162466
3.39,0.7596274954,-0.1305385927,-0.1743740201,-0.01468248735,0.002637792114,0.999996521,0.0264142499,0.9996510828,0,0,1.167893283,1.648190299,-1.056911983,0.9860149684,-0.7138557081,0.6684846115,0.4193776668,-1.151352177,1.561218199,1.390995032,1.449422248,-0.6385121176,-0.1048196454,-0.09226982984,-0.00285552926,-7.075690582e-05,-0.1334481641,-0.007763517202,0.1931489575,-0.1359957649,-0.05743243026,0.01624775298,0.004881403264,-0.01152910369,-0.1130105795,0.1688868182,0.04279129081,-0.1465789721,0.008262163275,0.01296578968,0.008262163275,0.002637795173,0.02641732246,0.2260565443,0.1135826781,0.001145844576
3.4,0.7578726542,-0.1306855577,-0.1765930618,-0.0147104399,0.002637792114,0.999996521,0.0264142499,0.9996510828,0,0,1.167864728,1.648189591,-1.058246465,0.9859373332,-0.7119242185,0.6671246538,0.4188033425,-1.1511897,1.561267013,1.39087974,1.448292142,-0.6368232494,-0.1043917325,-0.09373561956,-0.002116228829,-7.33007461e-05,-0.1358557945,-0.006752933829,0.196860941,-0.1382027598,-0.05767501474,0.01602588934,0.004902543603,-0.01170629467,-0.1136423165,0.1709625583,0.04306970769,-0.1481451325,0.00826210242,0.01298141851,0.00826210242,0.002637795173,0.02641732246,0.2258477489,0.1135826781,0.001146552145
3.41,0.7560956584,-0.1308328004,-0.1788048225,-0.01473804051,0.002637792114,0.999996521,0.0264142499,0.9996510828,0,0,1.167843566,1.648188858,-1.059605023,0.9858698039,-0.7099556091,0.6657426262,0.4182265923,-1.151029441,1.561316039,1.390762678,1.447155719,-0.6351136238,-0.1039610355,-0.09521707089,-0.001375307363,-7.584200026e-05,-0.13826625,-0.005741074718,0.200577789,-0.1404053393,-0.05791032697,0.01580476541,0.004923686848,-0.01188296066,-0.1142707707,0.1730308986,0.04334765933,-0.1497029111,0.008262055825,0.01299708109,0.008262055825,0.002637795173,0.02641732246,0.2256331625,0.1135826781,0.001147285152
3.42,0.7542965842,-0.1309803172,-0.1810086246,-0.01476525643,0.002637792114,0.999996521,0.0264142499,0.9996510828,0,0,1.167829813,1.6481881,-1.060987686,0.9858123931,-0.7079498312,0.6643385728,0.4176474891,-1.150871393,1.561365276,1.390643848,1.446013011,-0.6333833148,-0.1035275589,-0.0967141,-0.0006328621475,-7.838015796e-05,-0.1406789405,-0.004728068651,0.2042986166,-0.1426029147,-0.0581382018,0.01558438565,0.004944820849,-0.01205905275,-0.1148956293,0.1750911994,0.0436250241,-0.1512517804,0.008262023521,0.01301277767,0.008262023521,0.002637795173,0.02641732246,0.2254127994,0.1135826781,0.001148043572
3.43,0.7524755147,-0.1311281041,-0.1832037991,-0.01479205531,0.002637792114,0.999996521,0.0264142499,0.9996510828,0,0,1.167823484,1.648187316,-1.062394475,0.9857651125,-0.705906845,0.6629125437,0.417066107,-1.150715549,1.561414724,1.390523257,1.444864055,-0.6316324028,-0.1030913086,-0.0982266178,0.0001110085945,-8.091471264e-05,-0.1430932759,-0.003714044943,0.2080225386,-0.1447949035,-0.05835848055,0.01536475389,0.004965933502,-0.01223452262,-0.1155165836,0.1771428289,0.04390168122,-0.152791222,0.00826200554,0.01302850846,0.00826200554,0.002637795173,0.02641732246,0.2251866755,0.1135826781,0.001148827374
3.44,0.7506325392,-0.1312761568,-0.185389686,-0.01481840526,0.002637792114,0.999996521,0.0264142499,0.9996510828,0,0,1.167824594,1.648186507,-1.063825408,0.985727972,-0.7038266197,0.6614645946,0.4164825222,-1.150561902,1.561464383,1.390400912,1.443708889,-0.6298609746,-0.1026522918,-0.09975453002,-0.00137446135,-8.058328689e-05,-0.1413883613,-0.00267276748,0.2062676519,-0.1448704192,-0.06168788948,0.01581863879,0.005087946131,-0.01365794604,-0.116780173,0.1796501545,0.04627199152,-0.1544006024,0.008262001907,0.01304427364,0.008262001907,0.002637795173,0.02641732246,0.2249548078,0.1135826781,0.001149636521
3.45,0.7487677541,-0.1314244706,-0.1875656338,-0.01484427477,0.002637792114,0.999996521,0.0264142499,0.9996510828,0,0,1.16781085,1.648185701,-1.065239291,0.9857012443,-0.7017639431,0.6600158904,0.4158656433,-1.150403715,1.561515263,1.390264333,1.442541088,-0.628064473,-0.1021895719,-0.101298536,-0.0008448201744,-8.29862147e-05,-0.1433882541,-0.001657473835,0.2094358489,-0.1468450134,-0.06220176769,0.0156634203,0.005118923551,-0.01394916025,-0.1174539012,0.1817265845,0.04674304736,-0.1559265664,0.008261969281,0.01306023344,0.008261969281,0.002637795173,0.02641732246,0.2242232835,0.1138641141,0.001150442354
3.46,0.7468812618,-0.1315730406,-0.1897309997,-0.01486963278,0.002637792114,0.999996521,0.0264142499,0.9996510828,0,0,1.167802401,1.648184871,-1.066673174,0.9856846696,-0.6996695846,0.6585474403,0.4152436257,-1.150247081,1.561566452,1.390124841,1.441366549,-0.6262472072,-0.1017221414,-0.1028578017,-0.000132357599,-8.562639109e-05,-0.145722711,-0.000643876145,0.2130493481,-0.1489842356,-0.06245410849,0.01545401121,0.005141630181,-0.0141376552,-0.1180700527,0.1837545535,0.04704199616,-0.157435042,0.008261946829,0.01307624454,0.008261946829,0.002637795173,0.02641732246,0.2234395441,0.1142335207,0.001151272216
3.47,0.7449731715,-0.1317218615,-0.1918851498,-0.01489444866,0.002637792114,0.999996521,0.0264142499,0.9996510828,0,0,1.167801078,1.648184015,-1.068130401,0.9856782308,-0.6975390912,0.657057598,0.4146190846,-1.150092541,1.561617868,1.389983465,1.440185848,-0.6244096616,-0.1012517215,-0.1044321521,0.0005811393392,-8.826417219e-05,-0.1480561545,0.0003701562502,0.2166618779,-0.1511156214,-0.0626983979,0.01524530535,0.00516426974,-0.01432524831,-0.1186810721,0.185771383,0.04733960118,-0.1589320856,0.008261938105,0.01309229406,0.008261938105,0.002637795173,0.02641732246,0.2226439314,0.1146715813,0.00115212848
3.48,0.7430435983,-0.1318709277,-0.1940274588,-0.01491869217,0.002637792114,0.999996521,0.0264142499,0.9996510828,0,0,1.167806889,1.648183132,-1.069610963,0.9856819324,-0.6953724724,0.6555464417,0.4139921006,-1.149940088,1.561669511,1.389840212,1.438999037,-0.6225519478,-0.1007783255,-0.106021473,0.001295576862,-9.089905859e-05,-0.1503880138,0.001384491721,0.2202725772,-0.1532386256,-0.062934496,0.01503730111,0.005186829908,-0.01451188991,-0.1192866675,0.1877764817,0.04763573846,-0.1604172223,0.00826194313,0.01310838208,0.00826194313,0.002637795173,0.02641732246,0.2218365004,0.1151795361,0.001153011122
3.49,0.7410926638,-0.1320202333,-0.1961573102,-0.01494233351,0.002637792114,0.999996521,0.0264142499,0.9996510828,0,0,1.167819845,1.648182223,-1.071114843,0.9856957773,-0.6931697466,0.6540140555,0.4133627556,-1.149789715,1.561721379,1.389695093,1.437806171,-0.620674183,-0.1003019681,-0.1076256452,0.002010860266,-9.35305523e-05,-0.1527177184,0.002398998164,0.2238805848,-0.1553527091,-0.06316226926,0.01482999636,0.005209298411,-0.01469753099,-0.1198865508,0.1897692672,0.04793028504,-0.1618899861,0.008261961922,0.01312450865,0.008261961922,0.002637795173,0.02641732246,0.221017309,0.1157586141,0.001153920112
3.5,0.7391204956,-0.1321697722,-0.1982740962,-0.01496534331,0.002637792114,0.999996521,0.0264142499,0.9996510828,0,0,1.167839954,1.648181288,-1.07264202,0.9857197673,-0.6909309408,0.6524605284,0.412731133,-1.149641415,1.561773472,1.389548118,1.436607305,-0.6187764903,-0.09982266522,-0.1092445451,0.002726893929,-9.615815668e-05,-0.155044698,0.003413543001,0.2274850393,-0.1574573386,-0.0633815905,0.01462338836,0.005231663016,-0.01488212324,-0.1204804378,0.191749165,0.04822311891,-0.1633499199,0.008261994498,0.01314067379,0.008261994498,0.002637795173,0.02641732246,0.2201864179,0.1164100327,0.001154855418
3.51,0.7371272274,-0.132319538,-0.2003772177,-0.0149876926,0.002637792114,0.999996521,0.0264142499,0.9996510828,0,0,1.167867223,1.648180326,-1.074192467,0.9857539027,-0.6886560904,0.650885955,0.412097317,-1.149495181,1.561825789,1.389399297,1.435402501,-0.6168589987,-0.09934043403,-0.1108780443,0.003443581314,-9.878137686e-05,-0.1573683828,0.004427993195,0.2310850797,-0.1595519865,-0.06359233891,0.01441747383,0.005253911533,-0.01506561903,-0.1210680482,0.1937156096,0.04851411905,-0.1647965751,0.008262040873,0.01315687747,0.008262040873,0.002637795173,0.02641732246,0.2193438909,0.1171349961,0.001155816999
3.52,0.7351129988,-0.1324695238,-0.2024660845,-0.01500935286,0.002637792114,0.999996521,0.0264142499,0.9996510828,0,0,1.167901658,1.648179338,-1.075766151,0.9857981827,-0.6863452396,0.6492904351,0.4114613937,-1.149351006,1.561878328,1.38924864,1.43419182,-0.6149218426,-0.09885529284,-0.11252601,0.003476834986,-9.91174786e-05,-0.1581425346,0.004099146505,0.2328229619,-0.160768614,-0.06435610719,0.01439835386,0.005293726584,-0.01528507874,-0.1221748789,0.1955961104,0.04907207369,-0.1664257942,0.008262101062,0.01317311966,0.008262101062,0.002637795173,0.02641732246,0.2184897943,0.1179346948,0.001156804813
3.53,0.7330779552,-0.1326197226,-0.2045401148,-0.01503029597,0.002637792114,0.999996521,0.0264142499,0.9996510828,0,0,1.167936427,1.648178347,-1.077347576,0.9858391741,-0.68401701,0.647682749,0.4108178326,-1.149207023,1.561931265,1.38909579,1.432970072,-0.6129658815,-0.0983645721,-0.114190268,0.001459297232,-9.563384067e-05,-0.1553473889,0.004769671179,0.2298011286,-0.1601733021,-0.0681962951,0.01503753916,0.005457334516,-0.01691340544,-0.1236330358,0.1980055231,0.05189834209,-0.1679191524,0.008262161878,0.01318946801,0.008262161878,0.002637795173,0.02641732246,0.2176241975,0.1185719389,0.001157795988
3.54,0.7310222479,-0.1327701272,-0.206598736,-0.01505049424,0.002637792114,0.999996521,0.0264142499,0.9996510828,0,0,1.16795102,1.648177391,-1.07890105,0.9858868708,-0.6817189987,0.646081016,0.4101358696,-1.149056647,1.561985838,1.388926656,1.431733741,-0.6109858262,-0.09784558868,-0.1158694595,0.00210183081,-9.807491357e-05,-0.1575201623,0.005786236784,0.2331964047,-0.1621619545,-0.06848990866,0.01485761771,0.005484100639,-0.01713590737,-0.1242247913,0.1999431438,0.05225737095,-0.1693229681,0.00826218353,0.01320612437,0.00826218353,0.002637795173,0.02641732246,0.217324816,0.1185826734,0.001158752326
3.55,0.7289460337,-0.1329207299,-0.2086413837,-0.0150699204,0.002637792114,0.999996521,0.0264142499,0.9996510828,0,0,1.167972038,1.64817641,-1.080476252,0.9859447332,-0.6793870346,0.6444593964,0.4094509705,-1.148908071,1.562040679,1.388755297,1.430491493,-0.6089863948,-0.09732301497,-0.1175626892,0.002794960583,-0.0001006164654,-0.1597803045,0.006802459232,0.2367045455,-0.1641866666,-0.06870584398,0.01466276033,0.005508039344,-0.01732894619,-0.1247945197,0.2018555475,0.05256568394,-0.1707112663,0.00826221756,0.01322282946,0.00826221756,0.002637795173,0.02641732246,0.2170312305,0.1185826734,0.001159733075
3.56,0.7268494753,-0.133071523,-0.2106675027,-0.01508854761,0.002637792114,0.999996521,0.0264142499,0.9996510828,0,0,1.167999988,1.648175404,-1.082074055,0.9860127578,-0.6770199892,0.6428175298,0.4087639121,-1.148761444,1.56209576,1.388582007,1.429243548,-0.6069678393,-0.09679735813,-0.1192698018,0.003488535786,-0.0001031517951,-0.1620348926,0.007818097339,0.240204593,-0.1661991294,-0.06891243707,0.01446849259,0.005531803068,-0.01752053549,-0.1253565551,0.2037517666,0.05287135652,-0.1720841357,0.008262264949,0.01323957823,0.008262264949,0.002637795173,0.02641732246,0.2167321973,0.1185826734,0.00116073924
3.57,0.7247327406,-0.1332224981,-0.2126765462,-0.01510634943,0.002637792114,0.999996521,0.0264142499,0.9996510828,0,0,1.168034873,1.648174372,-1.083694403,0.9860909388,-0.6746179432,0.6411555385,0.4080747877,-1.148616759,1.562151078,1.388406802,1.427989983,-0.6049303216,-0.09626864457,-0.1209906432,0.004182462573,-0.0001056804367,-0.1642833743,0.008833017069,0.2436957078,-0.1681988585,-0.0691095931,0.01427480531,0.005555379276,-0.01771062784,-0.125910637,0.2056312849,0.05317426621,-0.1734411802,0.008262325707,0.01325637049,0.008262325707,0.002637795173,0.02641732246,0.2164277484,0.1185826734,0.001161770758
3.58,0.7225960031,-0.1333736471,-0.2146679763,-0.01512329987,0.002637792114,0.999996521,0.0264142499,0.9996510828,0,0,1.168076698,1.648173316,-1.085337237,0.9861792689,-0.6721809862,0.6394735499,0.4073836918,-1.148474011,1.562206632,1.388229695,1.426730876,-0.6028740088,-0.0957369019,-0.122725055,0.004876646104,-0.000108201926,-0.1665251972,0.00984708388,0.2471770511,-0.1701853757,-0.06929722357,0.01408168881,0.005578755475,-0.01789917652,-0.1264565086,0.2074935943,0.05347429165,-0.1747820124,0.008262399842,0.01327320602,0.008262399842,0.002637795173,0.02641732246,0.2161179167,0.1185826734,0.001162827562
3.59,0.7204394415,-0.1335249612,-0.2166412638,-0.01513937335,0.002637792114,0.999996521,0.0264142499,0.9996510828,0,0,1.168125464,1.648172234,-1.087002489,0.9862777398,-0.6697092157,0.6377716961,0.4066907196,-1.148333194,1.562262419,1.388050704,1.425466311,-0.6007990729,-0.09520215899,-0.1244728751,0.005570990566,-0.0001107157999,-0.1687598094,0.01086016274,0.2506477841,-0.172158208,-0.06947524626,0.01388913288,0.005601919216,-0.0180861356,-0.1269939172,0.2093381954,0.05377131258,-0.1761062538,0.00826248736,0.01329008457,0.00826248736,0.002637795173,0.02641732246,0.2158027361,0.1185826734,0.001163909582
3.6,0.71826324,-0.1336764316,-0.2185958882,-0.01515454471,0.002637792114,0.999996521,0.0264142499,0.9996510828,0,0,1.168181174,1.648171126,-1.088690087,0.9863863414,-0.6672027378,0.6360501141,0.4059959671,-1.148194302,1.562318438,1.387869842,1.424196372,-0.5987056909,-0.09466444586,-0.1262339377,0.006265399182,-0.0001132215971,-0.1709866593,0.01187211815,0.2541070683,-0.1741168885,-0.06964358519,0.01369712686,0.005624858094,-0.01827145987,-0.1275226138,0.2111645971,0.05406520989,-0.1774135344,0.008262588265,0.01330700585,0.008262588265,0.002637795173,0.02641732246,0.2154822415,0.1185826734,0.00116501674
3.61,0.7160675877,-0.133828049,-0.2205313378,-0.0151687892,0.002637792114,0.999996521,0.0264142499,0.9996510828,0,0,1.168243828,1.648169994,-1.090399954,0.9865050626,-0.6646616671,0.6343089452,0.4052995313,-1.148057331,1.562374687,1.387687128,1.422921146,-0.5965940449,-0.09412379376,-0.128008073,0.004787193704,-0.0001138349572,-0.1691913325,0.01284561906,0.2524466716,-0.1739658413,-0.07271376132,0.01419703782,0.005777469762,-0.01967498562,-0.1286777983,0.2133506347,0.05649036668,-0.1786686378,0.008262702562,0.01332396952,0.008262702562,0.002637795173,0.02641732246,0.215156469,0.1185826734,0.001166148956
3.62,0.7138526789,-0.1339798042,-0.2224471095,-0.01518208253,0.002637792114,0.999996521,0.0264142499,0.9996510828,0,0,1.1682917,1.648168856,-1.092091867,0.9866335188,-0.6621372004,0.6325692868,0.4045723936,-1.147915361,1.562432462,1.387490378,1.421634368,-0.5944605386,-0.0935588901,-0.1297947594,0.00484587351,-0.0001156135076,-0.1702104344,0.01384070011,0.2543582466,-0.1752825156,-0.07372061239,0.01420565849,0.00583800596,-0.02020955875,-0.1293730331,0.2152489962,0.05739411232,-0.1799301366,0.008262787935,0.01334123382,0.008262787935,0.002637795173,0.02641732246,0.2148254546,0.1185826734,0.001167287305
3.63,0.7116187127,-0.1341316874,-0.224342709,-0.01519440078,0.002637792114,0.999996521,0.0264142499,0.9996510828,0,0,1.168340159,1.6481677,-1.093793972,0.9867719258,-0.6595936179,0.6308164616,0.4038351875,-1.147773304,1.562490842,1.387288282,1.420340637,-0.5923080486,-0.09298494897,-0.1315940607,0.005508383262,-0.0001178846559,-0.1723338884,0.01484413252,0.2576720487,-0.1771662743,-0.07390892178,0.01402219473,0.005862171361,-0.02040261442,-0.1298819902,0.2170224289,0.05769981612,-0.1811832274,0.00826287433,0.01335861639,0.00826287433,0.002637795173,0.02641732246,0.214489237,0.1185826734,0.00116844344
3.64,0.7093658935,-0.1342836889,-0.2262176508,-0.0152057205,0.002637792114,0.999996521,0.0264142499,0.9996510828,0,0,1.168395242,1.648166521,-1.09551731,0.9869203671,-0.6570168975,0.6290447989,0.4030960983,-1.147633082,1.562549463,1.387084256,1.419041818,-0.5901378243,-0.09240795081,-0.133405893,0.006170717145,-0.0001201436063,-0.1744474173,0.01584584676,0.2609709896,-0.1790342309,-0.0740871926,0.01383914232,0.005886054634,-0.0205937098,-0.130381215,0.218775742,0.05800165558,-0.1824179578,0.008262973509,0.01337604505,0.008262973509,0.002637795173,0.02641732246,0.214147855,0.1185826734,0.001169622287
3.65,0.7070944302,-0.1344357984,-0.2280714581,-0.01521601864,0.002637792114,0.999996521,0.0264142499,0.9996510828,0,0,1.16845695,1.648165319,-1.097261785,0.9870788256,-0.6544071876,0.6272544565,0.4023552264,-1.147494691,1.562608324,1.386878319,1.417738005,-0.5879500669,-0.09182793426,-0.1352300726,0.006832782237,-0.0001223899683,-0.1765504936,0.01684570662,0.2642542635,-0.1808859553,-0.0742553661,0.01365648646,0.005909643087,-0.02078280025,-0.1308704763,0.2205084854,0.0582995119,-0.1836340015,0.008263085472,0.01339351933,0.008263085472,0.002637795173,0.02641732246,0.2138013483,0.1185826734,0.001170823723
3.66,0.7048045364,-0.1345880058,-0.2299036628,-0.01522527256,0.002637792114,0.999996521,0.0264142499,0.9996510828,0,0,1.168525277,1.648164096,-1.09902729,0.9872472826,-0.6517646449,0.625445597,0.4016126727,-1.147358126,1.56266742,1.386670491,1.416429301,-0.5857449821,-0.09124493914,-0.1370664126,0.007494484768,-0.0001246233552,-0.1786425908,0.01784357557,0.2675210661,-0.1827210234,-0.07441338948,0.01347421193,0.005932924081,-0.02096984191,-0.1313495467,0.2222202178,0.05859326753,-0.1848310408,0.008263210214,0.01341103873,0.008263210214,0.002637795173,0.02641732246,0.2134497574,0.1185826734,0.001172047623
3.67,0.7024964305,-0.1347403003,-0.2317138055,-0.01523346007,0.002637792114,0.999996521,0.0264142499,0.9996510828,0,0,1.168600222,1.648162849,-1.100813715,0.9874257184,-0.6490894343,0.6236183868,0.4008685388,-1.147223384,1.56272675,1.386460793,1.415115805,-0.5835227799,-0.09065900646,-0.138914723,0.008155730147,-0.0001268433844,-0.1807231835,0.01883931684,0.2707705943,-0.1845390168,-0.07456121583,0.0132923031,0.005955885033,-0.02115479174,-0.1318182028,0.223910506,0.05888280625,-0.1860087665,0.00826334773,0.01342860272,0.00826334773,0.002637795173,0.02641732246,0.2130931239,0.1185826734,0.001173293856
3.68,0.7001703353,-0.1348926713,-0.2335014355,-0.01524055938,0.002637792114,0.999996521,0.0264142499,0.9996510828,0,0,1.16868178,1.648161581,-1.102620947,0.9876141116,-0.6463817283,0.6217729966,0.4001229267,-1.147090461,1.562786309,1.386249245,1.413797623,-0.5812836748,-0.0900701784,-0.1407748107,0.008187715934,-0.0001275734617,-0.1815557515,0.01931318537,0.2724956863,-0.1856484445,-0.075384894,0.01330806062,0.006011940135,-0.02156338698,-0.1325931402,0.2256106887,0.0596546543,-0.1872239178,0.008263498015,0.0134462107,0.008263498015,0.002637795173,0.02641732246,0.21273149,0.1185826734,0.00117456229
3.69,0.6978264783,-0.1350451078,-0.235266111,-0.01524654914,0.002637792114,0.999996521,0.0264142499,0.9996510828,0,0,1.168763657,1.648160305,-1.104436505,0.9878072434,-0.6436567715,0.6199165121,0.3993690777,-1.14695738,1.562846428,1.386033611,1.412471692,-0.5790275679,-0.08947363186,-0.1426470499,0.005714577149,-0.0001227491842,-0.1776566728,0.01902061705,0.2683733064,-0.18419205,-0.07929591915,0.01413388447,0.006227083705,-0.02320112945,-0.1342760567,0.227587806,0.06274131457,-0.1884251591,0.008263648879,0.01346394665,0.008263648879,0.002637795173,0.02641732246,0.2123648983,0.1185826734,0.001175838025
3.7,0.6954650911,-0.1351975985,-0.2370073988,-0.01525140839,0.002637792114,0.999996521,0.0264142499,0.9996510828,0,0,1.168820803,1.648159078,-1.106213072,0.9879974496,-0.6409730384,0.6180745916,0.3985761185,-1.146816041,1.562908699,1.3858016,1.411128931,-0.5767516899,-0.08884621871,-0.1445313015,0.006354498266,-0.0001250774933,-0.1796653898,0.02001445852,0.271516207,-0.1859367888,-0.07944504256,0.01396023625,0.006251672293,-0.02339075098,-0.1347205989,0.2292151372,0.06303965606,-0.1895404763,0.00826375176,0.01348217177,0.00826375176,0.002637795173,0.02641732246,0.211993391,0.1185826734,0.001177065516
3.71,0.6930864097,-0.1353501321,-0.2387248745,-0.01525511663,0.002637792114,0.999996521,0.0264142499,0.9996510828,0,0,1.168884348,1.648157827,-1.108009725,0.9881975942,-0.6382578763,0.6162152238,0.3977816681,-1.146676439,1.562971215,1.385567692,1.409781725,-0.5744595385,-0.08821582215,-0.1464267062,0.006993961252,-0.0001273939653,-0.1816612596,0.02100583421,0.2746394761,-0.1876632271,-0.07958344519,0.01378677324,0.006275881933,-0.02357793794,-0.1351537547,0.230819344,0.06333300985,-0.190635302,0.008263866984,0.01350044647,0.008263866984,0.002637795173,0.02641732246,0.2116170152,0.1185826734,0.001178316291
3.72,0.6906906743,-0.135502697,-0.2404181223,-0.01525765377,0.002637792114,0.999996521,0.0264142499,0.9996510828,0,0,1.168954287,1.648156553,-1.109826338,0.9884076525,-0.6355114816,0.6143385915,0.3969858337,-1.146538571,1.563033974,1.385331913,1.408430188,-0.5721513451,-0.08758249205,-0.1483330592,0.007632873202,-0.0001296981811,-0.1836437735,0.02199460656,0.2777423349,-0.189370982,-0.07971109991,0.01361347576,0.006299699535,-0.02376264874,-0.1355753176,0.2324000348,0.06362126055,-0.1917093699,0.008263994544,0.01351877001,0.008263994544,0.002637795173,0.02641732246,0.2112358165,0.1185826734,0.001179590231
3.73,0.6882781293,-0.1356552812,-0.2420867353,-0.01525900013,0.002637792114,0.999996521,0.0264142499,0.9996510828,0,0,1.169030616,1.648155256,-1.111662776,0.9886275986,-0.6327340582,0.6124448817,0.3961887227,-1.146402437,1.563096971,1.385094286,1.407074434,-0.5698273447,-0.08694627945,-0.1502501529,0.0082711404,-0.0001319897234,-0.1856124238,0.02298063779,0.2808240067,-0.1910596765,-0.07982798529,0.01344032384,0.006323112069,-0.0239448427,-0.135985085,0.2339568263,0.06390429423,-0.1927624224,0.008264134431,0.01353714165,0.008264134431,0.002637795173,0.02641732246,0.2108498413,0.1185826734,0.001180887213
3.74,0.6858490231,-0.1358078729,-0.2437303152,-0.01525913645,0.002637792114,0.999996521,0.0264142499,0.9996510828,0,0,1.169113327,1.648153936,-1.1135189,0.988857405,-0.6299258182,0.6105342849,0.3953904428,-1.146268033,1.563160202,1.384854838,1.405714584,-0.5674877765,-0.0863072365,-0.1521777772,0.008908668352,-0.0001342681766,-0.1875667047,0.02396378999,0.2838837169,-0.1927289396,-0.07993408551,0.01326729716,0.006346106572,-0.02412447999,-0.136382858,0.2354893437,0.06418199844,-0.1937942099,0.008264286635,0.01355556056,0.008264286635,0.002637795173,0.02641732246,0.2104591368,0.1185826734,0.00118220711
3.75,0.6834036078,-0.1359604599,-0.2453484725,-0.01525804392,0.002637792114,0.999996521,0.0264142499,0.9996510828,0,0,1.169202414,1.648152593,-1.115394567,0.9890970429,-0.627086981,0.6086069955,0.3945911019,-1.14613536,1.563223663,1.384613593,1.404350755,-0.565132883,-0.08566541652,-0.1541157193,0.009545361822,-0.0001365331275,-0.1895061116,0.02494392509,0.2869206933,-0.1943784062,-0.08002939035,0.01309437509,0.006368670146,-0.02430152169,-0.1367684422,0.2369972208,0.06445426222,-0.1948044914,0.008264451143,0.01357402592,0.008264451143,0.002637795173,0.02641732246,0.2100637509,0.1185826734,0.001183549792
3.76,0.6809421396,-0.1361130297,-0.2469408264,-0.01525570413,0.002637792114,0.999996521,0.0264142499,0.9996510828,0,0,1.169297868,1.648151228,-1.117289628,0.9893464821,-0.624217774,0.6066632114,0.393790808,-1.146004417,1.56328735,1.384370578,1.402983071,-0.5627629108,-0.0850208739,-0.1560637642,0.007489243442,-0.0001357411677,-0.1864749626,0.02579631498,0.2839069243,-0.1933608528,-0.0835763955,0.01382271834,0.006594211986,-0.02598498691,-0.1379340151,0.2388486931,0.06747781129,-0.1955986941,0.008264627943,0.01359253684,0.008264627943,0.002637795173,0.02641732246,0.209663732,0.1185826734,0.001184915123
3.77,0.6784648785,-0.1362655697,-0.2485070049,-0.01525209908,0.002637792114,0.999996521,0.0264142499,0.9996510828,0,0,1.16937276,1.648149871,-1.119154378,0.9896044453,-0.6213787048,0.6047296029,0.3929550441,-1.145866189,1.563353292,1.384110728,1.40160373,-0.5603744239,-0.08434609578,-0.1580197511,0.007776925165,-0.0001372022386,-0.187725365,0.02674969336,0.2860875966,-0.1946289593,-0.08410264569,0.01376311032,0.006642489464,-0.02634688416,-0.1383952862,0.2403531621,0.06808486572,-0.1965400002,0.008264764613,0.01361155184,0.008264764613,0.002637795173,0.02641732246,0.2089380737,0.1185826734,0.001186272535
3.78,0.675972088,-0.1364180674,-0.2500466446,-0.01524721123,0.002637792114,0.999996521,0.0264142499,0.9996510828,0,0,1.169450529,1.648148499,-1.121031631,0.9898719422,-0.6185178288,0.6027833133,0.3921140176,-1.145728558,1.563419717,1.383847259,1.400219778,-0.5579708923,-0.08366524713,-0.1599851511,0.008383623664,-0.0001389854854,-0.1895474702,0.02771418062,0.2889579939,-0.1961910328,-0.08420671321,0.01359617041,0.00666613038,-0.02652631795,-0.1387494741,0.2417880682,0.06835767514,-0.1974822252,0.008264906807,0.01363067185,0.008264906807,0.002637795173,0.02641732246,0.2080851768,0.1185826734,0.001187644557
3.79,0.6734640353,-0.1365705096,-0.251559391,-0.01524102343,0.002637792114,0.999996521,0.0264142499,0.9996510828,0,0,1.169534365,1.648147109,-1.122927106,0.990149084,-0.6156282489,0.600821403,0.3912719505,-1.145592597,1.563486378,1.383581996,1.398832283,-0.5555530116,-0.08298167038,-0.1619599734,0.008989360121,-0.0001407505207,-0.1913530144,0.02867507283,0.2918029023,-0.1977321693,-0.08429971822,0.01342913605,0.006689273254,-0.02670282481,-0.1390906448,0.2431969124,0.06862426613,-0.1984020798,0.00826506074,0.01364984136,0.00826506074,0.002637795173,0.02641732246,0.2071379729,0.1185826734,0.001189034412
3.8,0.670940991,-0.1367228835,-0.2530448982,-0.01523351895,0.002637792114,0.999996521,0.0264142499,0.9996510828,0,0,1.169624259,1.648145701,-1.124840636,0.9904358347,-0.6127102199,0.5988440813,0.3904289533,-1.145458305,1.563553271,1.383314968,1.397441376,-0.5531210424,-0.08229542771,-0.1639439942,0.009594043615,-0.0001424971147,-0.1931415249,0.02963223406,0.2946215948,-0.1992520409,-0.0843816651,0.01326198397,0.006711904833,-0.02687636792,-0.1394186222,0.24457937,0.06888453173,-0.1992993648,0.008265226395,0.01366905932,0.008265226395,0.002637795173,0.02641732246,0.2060958293,0.1185826734,0.001190441917
3.81,0.6684032292,-0.1368751756,-0.254502829,-0.01522468152,0.002637792114,0.999996521,0.0264142499,0.9996510828,0,0,1.1697202,1.648144276,-1.126772052,0.9907321571,-0.6097640039,0.5968515609,0.3895851367,-1.145325685,1.56362039,1.383046204,1.39604719,-0.5506752487,-0.0816065824,-0.1659369878,0.01019758266,-0.0001442250435,-0.1949125311,0.03058552856,0.2974133479,-0.2007503255,-0.08445256339,0.01309469071,0.006734011946,-0.0270469114,-0.1397332343,0.2459351245,0.06913836667,-0.2001738892,0.008265403755,0.01368832462,0.008265403755,0.002637795173,0.02641732246,0.2049581499,0.1185826734,0.001191866888
3.82,0.6658510274,-0.1370273726,-0.255932855,-0.01521449524,0.002637792114,0.999996521,0.0264142499,0.9996510828,0,0,1.169822175,1.648142834,-1.128721177,0.9910380124,-0.6067898705,0.5948440576,0.388740611,-1.145194738,1.56368773,1.382775735,1.394649858,-0.5482158975,-0.08091519873,-0.1679387267,0.01079988525,-0.0001459340891,-0.1966655652,0.03153482077,0.3001774422,-0.2022267072,-0.0845124277,0.01292723258,0.006755581509,-0.02721442032,-0.1400343131,0.2472638679,0.06938566737,-0.20102547,0.008265592801,0.01370763611,0.008265592801,0.002637795173,0.02641732246,0.203724375,0.1185826734,0.001193309139
3.83,0.6632846662,-0.1371794609,-0.2573346567,-0.01520294468,0.002637792114,0.999996521,0.0264142499,0.9996510828,0,0,1.169930174,1.648141375,-1.130687833,0.9913533606,-0.603788096,0.5928217906,0.3878954868,-1.145065466,1.563755286,1.382503591,1.393249515,-0.5457432588,-0.08022134206,-0.1699489814,0.00838660075,-0.0001439480908,-0.1928701773,0.03229719644,0.2963328775,-0.2006869322,-0.08837170628,0.01379810545,0.007029367087,-0.02906675759,-0.1412115533,0.2489239623,0.07277724158,-0.2015485351,0.00826579351,0.01372699261,0.00826579351,0.002637795173,0.02641732246,0.2023939832,0.1185826734,0.00119476848
3.84,0.6607044294,-0.1373314269,-0.258707923,-0.01519001479,0.002637792114,0.999996521,0.0264142499,0.9996510828,0,0,1.17001404,1.648139935,-1.132616534,0.9916763325,-0.6008247673,0.5908149212,0.3870117697,-1.144927485,1.56382558,1.382212923,1.391837399,-0.5432540192,-0.07949356964,-0.1719644668,0.00889140378,-0.0001459368399,-0.1943933866,0.03322855283,0.298800865,-0.2020250596,-0.08853554571,0.01365983419,0.007057764006,-0.02927602717,-0.1415114313,0.2502087953,0.07310066513,-0.2023440641,0.008265947182,0.0137469895,0.008265947182,0.002637795173,0.02641732246,0.2016399992,0.1185826734,0.001196207961
3.85,0.6581106039,-0.1374832566,-0.2600523517,-0.01517569098,0.002637792114,0.999996521,0.0264142499,0.9996510828,0,0,1.170102954,1.648138476,-1.134560468,0.9920086181,-0.5978367586,0.5887946706,0.3861264142,-1.144790887,1.563896158,1.381920163,1.390422285,-0.5407519312,-0.07876256299,-0.1739879074,0.008740491744,-0.0001464290226,-0.1945703446,0.03264959235,0.2996842005,-0.202459299,-0.08910339135,0.01372962983,0.007105572278,-0.02948437983,-0.1424245621,0.2513779616,0.07368908004,-0.2033395206,0.008266110589,0.01376704871,0.008266110589,0.002637795173,0.02641732246,0.2008969239,0.1185826734,0.001197667329
3.86,0.6555034795,-0.137634936,-0.2613676494,-0.01515995906,0.002637792114,0.999996521,0.0264142499,0.9996510828,0,0,1.170190359,1.648137012,-1.136506172,0.992335114,-0.5948399166,0.5867700777,0.3852353803,-1.14465359,1.563967213,1.381625319,1.388998039,-0.5382381516,-0.07802567219,-0.1760213026,0.009234074318,-0.0001480778308,-0.1960427838,0.0334015598,0.3020833768,-0.2037137936,-0.08920517434,0.01359521402,0.007130621653,-0.02965263792,-0.1427564445,0.2525886091,0.07396862277,-0.2041205706,0.008266271017,0.01378725379,0.008266271017,0.002637795173,0.02695706648,0.2004199106,0.1185826734,0.001199131619
3.87,0.6528833489,-0.137786451,-0.2626535313,-0.01514280525,0.002637792114,0.999996521,0.0264142499,0.9996510828,0,0,1.1702827,1.648135531,-1.138466599,0.9926691296,-0.5918190828,0.5847329397,0.3843433286,-1.144517638,1.564038519,1.381328793,1.387570475,-0.5357122655,-0.07728598596,-0.1780625083,0.009816954244,-0.0001498915449,-0.1976787256,0.03433709166,0.3046671391,-0.2050639313,-0.08923225701,0.01343149734,0.007151860304,-0.02981228227,-0.1429935102,0.2537806512,0.07419789504,-0.2048509885,0.008266440987,0.01380751864,0.008266440987,0.002637795173,0.02756312652,0.1999723292,0.1185826734,0.001200612398
3.88,0.6502505078,-0.1379377873,-0.2639097214,-0.01512421623,0.002637792114,0.999996521,0.0264142499,0.9996510828,0,0,1.170380869,1.648134032,-1.140443387,0.9930125005,-0.5887724114,0.5826823004,0.383451006,-1.144383323,1.564110038,1.38103067,1.38614054,-0.533174459,-0.07654400701,-0.1801110182,0.01039848481,-0.0001516868175,-0.1992947945,0.03526803519,0.3072199887,-0.2063908657,-0.08924800583,0.0132673224,0.007172458785,-0.02996849495,-0.1432159585,0.2549439816,0.07441964239,-0.205557535,0.008266622234,0.01382782966,0.008266622234,0.002637795173,0.02816847174,0.1995207492,0.1185826734,0.001202111313
3.89,0.6476052544,-0.1380889305,-0.2651359524,-0.01510417907,0.002637792114,0.999996521,0.0264142499,0.9996510828,0,0,1.170484854,1.648132515,-1.142436335,0.9933651808,-0.5857002116,0.5806183917,0.382558526,-1.14425065,1.564181763,1.380730985,1.38470838,-0.5306250192,-0.07579981059,-0.1821665935,0.01000824126,-0.0001521708746,-0.1991179512,0.03612166076,0.307681372,-0.206720637,-0.09045446395,0.01344516713,0.007282412897,-0.03066439052,-0.1437102933,0.2561751987,0.07566723079,-0.2061123808,0.008266814735,0.01384818537,0.008266814735,0.002637795173,0.02877304448,0.199065227,0.1185826734,0.001203628181
3.9,0.6449478895,-0.138239866,-0.2663319658,-0.01508268127,0.002637792114,0.999996521,0.0264142499,0.9996510828,0,0,1.170584937,1.648130993,-1.144427514,0.9937263975,-0.5826233978,0.5785511854,0.3816539813,-1.144116198,1.564254587,1.380424341,1.383271277,-0.5280632672,-0.07504313828,-0.1842277174,0.008409567401,-0.0001508913985,-0.1967023363,0.03687714309,0.3055263345,-0.205816121,-0.09314884403,0.01404639125,0.007503604616,-0.03202888306,-0.1445453058,0.257497659,0.07818596343,-0.2064843617,0.008266999579,0.01386880438,0.008266999579,0.002637795173,0.02970926716,0.1986058194,0.1185826734,0.00120514989
3.91,0.6422787166,-0.1383905792,-0.2674975117,-0.01505971076,0.002637792114,0.999996521,0.0264142499,0.9996510828,0,0,1.170669032,1.648129484,-1.146394538,0.9940951689,-0.5795681345,0.5764930242,0.3807224929,-1.143975735,1.564329623,1.380104052,1.381825824,-0.5254882906,-0.07426127865,-0.186292561,0.008965023844,-0.0001523913595,-0.1981965968,0.0377873257,0.3079029745,-0.2070511054,-0.09316377866,0.01388502376,0.00752412081,-0.03218132413,-0.1447279496,0.258575514,0.07839739755,-0.2071158759,0.008267153252,0.01388995957,0.008267153252,0.002637795173,0.03126818043,0.1981425834,0.1185826734,0.001206658804
3.92,0.6395980416,-0.1385410553,-0.2686323491,-0.01503525588,0.002637792114,0.999996521,0.0264142499,0.9996510828,0,0,1.170758683,1.64812796,-1.148376503,0.9944730421,-0.5764891047,0.5744225131,0.3797908551,-1.143836884,1.564404864,1.379782239,1.380378545,-0.5229025355,-0.07347730467,-0.1883637197,0.009519095333,-0.0001538714934,-0.1996697719,0.03869239331,0.3102466063,-0.2082621846,-0.09316718649,0.01372296354,0.007543913411,-0.03233001385,-0.1448953298,0.2596236766,0.07860054535,-0.2077231039,0.00826731769,0.01391116051,0.00826731769,0.002637795173,0.03264593475,0.1976755784,0.1185826734,0.001208182718
3.93,0.6369061728,-0.1386912794,-0.2697362456,-0.01500930541,0.002637792114,0.999996521,0.0264142499,0.9996510828,0,0,1.170853874,1.648126422,-1.150373201,0.9948599661,-0.5733866387,0.5723398913,0.3788591832,-1.143699655,1.564480303,1.379458939,1.378929591,-0.5203062987,-0.07269129922,-0.1904409508,0.01007169532,-0.0001553316536,-0.2011214551,0.03959221635,0.3125566038,-0.2094491203,-0.0931591171,0.01356018358,0.007562969128,-0.03247492532,-0.1450473201,0.2606419303,0.07879531741,-0.2083059508,0.008267492867,0.01393240546,0.008267492867,0.002637795173,0.03384165536,0.1972048628,0.1185826734,0.001209721432
3.94,0.6342034206,-0.1388412364,-0.2708089775,-0.01498184852,0.002637792114,0.999996521,0.0264142499,0.9996510828,0,0,1.170954591,1.648124868,-1.152384416,0.9952558882,-0.5702610726,0.5702454001,0.377927592,-1.143564053,1.564555933,1.379134189,1.377479118,-0.5176998794,-0.07190334604,-0.1925240103,0.01062273706,-0.000156771699,-0.202551244,0.04048666595,0.3148323474,-0.2106116807,-0.09313962439,0.01339665687,0.007581274817,-0.0326160327,-0.1451837984,0.2616300673,0.07898162642,-0.2088643294,0.008267678759,0.01395369266,0.008267678759,0.002637795173,0.03485454981,0.1967304955,0.1185826734,0.001211274749
3.95,0.6314900978,-0.1389909113,-0.27185033,-0.01495287485,0.002637792114,0.999996521,0.0264142499,0.9996510828,0,0,1.171060818,1.648123301,-1.154409928,0.9956607549,-0.5671127492,0.5681392833,0.3769961958,-1.143430086,1.564631746,1.378808029,1.37602728,-0.5150835788,-0.07111352978,-0.1946126536,0.01117213362,-0.0001581914942,-0.2039587402,0.04137561403,0.3170732241,-0.2117496403,-0.0931087665,0.01323235643,0.007598817476,-0.03275331123,-0.1453046469,0.262587888,0.07915938721,-0.2093981596,0.008267875337,0.01397502027,0.008267875337,0.002637795173,0.03568390889,0.196252536,0.1185826734,0.001212842466
3.96,0.6287665193,-0.1391402888,-0.2728600969,-0.01492237441,0.002637792114,0.999996521,0.0264142499,0.9996510828,0,0,1.171172539,1.648121719,-1.156449516,0.996074511,-0.5639420169,0.5660217869,0.3760651081,-1.143297763,1.564707734,1.378480496,1.374574234,-0.5124576999,-0.07032193591,-0.1967066352,0.009070289502,-0.0001571420735,-0.2005198632,0.04201967865,0.3137939404,-0.2101743551,-0.09629579319,0.01402630218,0.007879893986,-0.03437236665,-0.1461959603,0.263733504,0.08219761822,-0.2094804435,0.008268082573,0.01399638643,0.008268082573,0.002637795173,0.03632910757,0.195771044,0.1185826734,0.001214424381
3.97,0.6260330018,-0.1392893536,-0.2738380808,-0.01489033767,0.002637792114,0.999996521,0.0264142499,0.9996510828,0,0,1.171263242,1.648120147,-1.158454714,0.9964947078,-0.5608040775,0.5639200433,0.3751021502,-1.1431575,1.564786533,1.378136772,1.373112274,-0.5098203648,-0.06949995972,-0.1988014396,0.009078871995,-0.0001584397363,-0.2008860308,0.04284487724,0.3148220683,-0.2107177192,-0.09690171948,0.01405205403,0.007949981066,-0.03479875149,-0.1464435376,0.2646744692,0.08293058731,-0.2098787057,0.00826824877,0.01401845128,0.00826824877,0.002637795173,0.03641732223,0.1954722204,0.1185826734,0.001215995802
3.98,0.6232898642,-0.1394380904,-0.2747840929,-0.0148567555,0.002637792114,0.999996521,0.0264142499,0.9996510828,0,0,1.171354031,1.648118563,-1.160463575,0.9969231566,-0.5576558568,0.5618128661,0.374133133,-1.143016979,1.564866033,1.377788785,1.371647839,-0.5071736201,-0.06867065385,-0.2009002267,0.009604227515,-0.0001602339929,-0.2021714564,0.04371068225,0.3168845948,-0.2117621794,-0.09686473085,0.01388894996,0.007967571288,-0.03493000378,-0.1465211448,0.2655418411,0.0830922563,-0.2103358296,0.00826841505,0.01404068772,0.00826841505,0.002637795173,0.03641732223,0.1951215142,0.1185826734,0.001217580199
3.99,0.6205374271,-0.1395864836,-0.2756979533,-0.01482161921,0.002637792114,0.999996521,0.0264142499,0.9996510828,0,0,1.171450073,1.648116961,-1.162485289,0.9973602634,-0.5544870109,0.5596952443,0.3731644857,-1.14287809,1.564945708,1.377439485,1.370182627,-0.5045182017,-0.06783973129,-0.203003585,0.01012795361,-0.0001620084029,-0.2034336802,0.04457051006,0.3189105874,-0.2127815704,-0.09681621267,0.01372482937,0.007984312401,-0.03505712878,-0.1465825834,0.2663781531,0.08324465152,-0.2107682189,0.008268591489,0.01406296438,0.008268591489,0.002637795173,0.03641732223,0.1946746954,0.1185826734,0.001219182539
4,0.6177760129,-0.1397345176,-0.2765794907,-0.01478492051,0.002637792114,0.999996521,0.0264142499,0.9996510828,0,0,1.171551353,1.648115341,-1.164519626,0.9978059685,-0.551297905,0.5575674286,0.3721963236,-1.142740841,1.565025551,1.377088913,1.368716801,-0.5018544202,-0.06700728477,-0.2051112671,0.01064996883,-0.0001637626507,-0.2046723463,0.04542423982,0.320899496,-0.2137757043,-0.09675623397,0.01355966509,0.008000191389,-0.03518010619,-0.1466277558,0.2671832472,0.08338769745,-0.2111758311,0.008268778057,0.01408527916,0.008268778057,0.002637795173,0.03641732223,0.1941316847,0.1185826734,0.001220802623
4.01,0.6150059456,-0.1398821768,-0.2774285427,-0.01474665156,0.002637792114,0.999996521,0.0264142499,0.9996510828,0,0,1.171657852,1.648113703,-1.166566349,0.9982602109,-0.5480889101,0.5554296716,0.3712287612,-1.142605245,1.565105553,1.376737112,1.367250524,-0.4991825877,-0.0661734078,-0.2072230255,0.011017779,-0.0001650971203,-0.2056034451,0.04594456933,0.3225222265,-0.2145403665,-0.09678107053,0.01344719478,0.00802192397,-0.0353079138,-0.1468051711,0.267939828,0.08360239176,-0.2116047042,0.008268974725,0.01410762985,0.008268974725,0.002637795173,0.03641732223,0.1934924473,0.1185826734,0.00122244025
4.02,0.6122275509,-0.1400294454,-0.2782449554,-0.01470680492,0.002637792114,0.999996521,0.0264142499,0.9996510828,0,0,1.17176803,1.648112052,-1.168622384,0.9987196566,-0.5448636878,0.5532842679,0.3702609505,-1.142470773,1.565185773,1.376384033,1.365782472,-0.4965031895,-0.06533738388,-0.2093390725,0.00930942001,-0.0001611952087,-0.2027441433,0.04531933471,0.3198861432,-0.2130090163,-0.09902251644,0.0140965173,0.008238462206,-0.0363657485,-0.147894058,0.2687176908,0.08584099046,-0.2118323201,0.008269178505,0.0141300397,0.008269178505,0.002637795173,0.03641732223,0.1928112879,0.1185826734,0.001224091221
4.03,0.6094411558,-0.1401763076,-0.2790285838,-0.01466537357,0.002637792114,0.999996521,0.0264142499,0.9996510828,0,0,1.171861124,1.64811044,-1.170649825,0.99917285,-0.5416648264,0.5511541777,0.3692707254,-1.142329808,1.565268157,1.376020376,1.364303532,-0.4938160125,-0.06447897398,-0.2114573957,0.008269826329,-0.00015917289,-0.2010981228,0.04600415409,0.3186342368,-0.2123305357,-0.1007990999,0.01450638133,0.00842137777,-0.03734798016,-0.1483547506,0.2695291897,0.08767668473,-0.2118614125,0.008269349141,0.01415303326,0.008269349141,0.002637795173,0.03641732223,0.1926860369,0.1185826734,0.001225703173
4.04,0.6066470889,-0.1403227475,-0.2797792915,-0.01462235093,0.002637792114,0.999996521,0.0264142499,0.9996510828,0,0,1.171943823,1.648108848,-1.172660806,0.9996328915,-0.538478484,0.5490308724,0.3682627344,-1.142184744,1.565352371,1.375646896,1.362819984,-0.4911207206,-0.06360220713,-0.2135760098,0.008780765691,-0.0001608296294,-0.2022326563,0.04684290244,0.3204568858,-0.2132182452,-0.1007050428,0.01433907753,0.008435826229,-0.03745783695,-0.1483371486,0.2702097978,0.08779043522,-0.2121649332,0.008269499583,0.0141764927,0.008269499583,0.002637795173,0.03641732223,0.1928516795,0.1185826734,0.001227294902
4.05,0.6038456801,-0.1404687493,-0.2804969511,-0.01457773084,0.002637792114,0.999996521,0.0264142499,0.9996510828,0,0,1.17203163,1.64810724,-1.174683133,1.000101321,-0.5352739151,0.5468986899,0.3672556839,-1.142041353,1.565436729,1.375272318,1.361336613,-0.4884186227,-0.06272430278,-0.2156976592,0.009290045589,-0.000162465828,-0.2033427591,0.04767517615,0.3222407569,-0.2140803512,-0.1005994199,0.0141704275,0.008449304613,-0.03756324652,-0.1483026604,0.2708585093,0.08789403348,-0.2124436215,0.008269659913,0.01419998601,0.008269659913,0.002637795173,0.03641732223,0.1929226299,0.1185826734,0.001228903198
4.06,0.6010372605,-0.1406142968,-0.2811814435,-0.01453150753,0.002637792114,0.999996521,0.0264142499,0.9996510828,0,0,1.172124531,1.648105615,-1.176716561,1.000578072,-0.5320515076,0.5447578864,0.3662496897,-1.141899649,1.565521222,1.374896685,1.359853586,-0.4857100376,-0.06184536244,-0.2178220954,0.009797585834,-0.0001640812016,-0.204428108,0.04850085957,0.3239853543,-0.214916706,-0.100482319,0.01400040462,0.008461800287,-0.037664195,-0.1482512121,0.2714752162,0.08798741645,-0.2126974785,0.008269830101,0.01422351067,0.008269830101,0.002637795173,0.03641732223,0.1928989511,0.1185826734,0.001230527856
4.07,0.5982221622,-0.1407593741,-0.2818326588,-0.01448367571,0.002637792114,0.999996521,0.0264142499,0.9996510828,0,0,1.172222507,1.648103974,-1.178760842,1.001063081,-0.528811654,0.5426087194,0.3652448666,-1.141759645,1.56560584,1.374520043,1.358371074,-0.4829952854,-0.06096548828,-0.2199490702,0.01030330644,-0.0001656754703,-0.2054883856,0.04931983843,0.3256901914,-0.2157271685,-0.1003538314,0.01382898256,0.008473300844,-0.03776066967,-0.1481827343,0.2720598191,0.08807052364,-0.2129265121,0.008270010116,0.01424706412,0.008270010116,0.002637795173,0.03641732223,0.1927807509,0.1185826734,0.001232168668
4.08,0.5954007185,-0.1409039649,-0.2824504955,-0.01443423045,0.002637792114,0.999996521,0.0264142499,0.9996510828,0,0,1.17232554,1.648102318,-1.180815726,1.001556279,-0.5255547521,0.5404514477,0.3642413282,-1.141621355,1.565690573,1.374142437,1.356889246,-0.4802746872,-0.06008478304,-0.2220783353,0.009864862959,-0.0001661949154,-0.2048241526,0.05001932226,0.325511667,-0.2155342195,-0.1013250102,0.01401402568,0.008593293902,-0.03837877386,-0.1483771781,0.2726556507,0.08919713816,-0.2129193502,0.008270199925,0.01427064373,0.008270199925,0.002637795173,0.03641732223,0.1925681822,0.1185826734,0.001233825423
4.09,0.5925732638,-0.1410480533,-0.2830348609,-0.01438316728,0.002637792114,0.999996521,0.0264142499,0.9996510828,0,0,1.172424188,1.648100656,-1.182863967,1.002056472,-0.5222996354,0.5382961055,0.3632280781,-1.141481215,1.565776506,1.373758649,1.355405475,-0.4775481307,-0.05919281166,-0.2242075288,0.008122284557,-0.000164953996,-0.201774424,0.05055340172,0.3227257339,-0.2139646695,-0.1038231958,0.01469030736,0.008863774757,-0.03971658155,-0.1489406397,0.2732796133,0.09176350833,-0.2125956983,0.008270381123,0.01429453338,0.008270381123,0.002637795173,0.03641732223,0.1921218605,0.1185826734,0.001235487372
4.1,0.5897401332,-0.1411916229,-0.2835856712,-0.01433048215,0.002637792114,0.999996521,0.0264142499,0.9996510828,0,0,1.172505411,1.648099006,-1.184881711,1.002562007,-0.5190723781,0.5361564588,0.3621898462,-1.141334312,1.565865144,1.373361483,1.353916068,-0.4748153346,-0.05827517658,-0.2263334858,0.008608976184,-0.0001660331721,-0.2027160067,0.05134577955,0.3242526651,-0.2146834686,-0.1036810607,0.01451658905,0.008874023466,-0.0398024757,-0.1488233698,0.2737686105,0.09182054495,-0.212748089,0.008270528304,0.01431912767,0.008270528304,0.002637795173,0.03641732223,0.1913102295,0.1185826734,0.001237136912
4.11,0.5869016625,-0.1413346575,-0.284102851,-0.01427617142,0.002637792114,0.999996521,0.0264142499,0.9996510828,0,0,1.172591501,1.648097346,-1.186908871,1.003075464,-0.5158298515,0.5340096241,0.3611530356,-1.141189146,1.565953884,1.372963458,1.352427835,-0.4720776485,-0.05735697113,-0.2284609666,0.009093931678,-0.0001670919972,-0.203632087,0.05213107242,0.3257388633,-0.2153762913,-0.1035274505,0.01434122641,0.008883182372,-0.03988364725,-0.1486887217,0.2742251697,0.09186667232,-0.2128758429,0.008270684942,0.01434374607,0.008270684942,0.002637795173,0.03641732223,0.1904970686,0.1185826734,0.001238797244
4.12,0.5840581885,-0.1414771409,-0.284586334,-0.01422023187,0.002637792114,0.999996521,0.0264142499,0.9996510828,0,0,1.17268244,1.648095675,-1.188945192,1.003596775,-0.5125724628,0.5318558612,0.3601177611,-1.141045733,1.566042716,1.372564622,1.350940947,-0.4693353968,-0.0564383044,-0.2305897251,0.009577076932,-0.0001681304336,-0.2045223943,0.05290917661,0.3271839137,-0.2160430339,-0.1033624657,0.01416419457,0.008891239669,-0.03996008918,-0.1485366474,0.274649233,0.09190184319,-0.212979002,0.008270851006,0.01436838567,0.008270851006,0.002637795173,0.03641732223,0.1896824745,0.1185826734,0.001240468164
4.13,0.5812100483,-0.1416190567,-0.2850360623,-0.01416266073,0.002637792114,0.999996521,0.0264142499,0.9996510828,0,0,1.172778211,1.648093994,-1.190990416,1.004125867,-0.5093006237,0.5296954308,0.3590841364,-1.140904091,1.566131628,1.372165021,1.349455581,-0.4665889044,-0.05551928597,-0.2327195151,0.01005833823,-0.000169148449,-0.2053866646,0.05367999015,0.3285874115,-0.2166835995,-0.1031862095,0.01398546908,0.008898183825,-0.04003179572,-0.1483671034,0.2750407509,0.09192601309,-0.2130576145,0.008271026463,0.01439304351,0.008271026463,0.002637795173,0.03641732223,0.1888665436,0.1185826734,0.001242149468
4.14,0.5783575799,-0.1417603886,-0.285451987,-0.0141034556,0.002637792114,0.999996521,0.0264142499,0.9996510828,0,0,1.172878794,1.648092302,-1.193044283,1.004662667,-0.5060147496,0.5275285949,0.3580522743,-1.140764237,1.56622061,1.371764703,1.34797191,-0.4638384969,-0.05460002584,-0.2348500912,0.01003078555,-0.0001694457731,-0.2053172376,0.05437591639,0.3289873884,-0.2167668904,-0.1035869397,0.01400184597,0.00896686359,-0.04038085366,-0.1483306965,0.2754140596,0.09251344972,-0.2129819431,0.008271211278,0.01441771657,0.008271211278,0.002637795173,0.03641732223,0.1880493727,0.1185826734,0.001243840953
4.15,0.5755011214,-0.1419011204,-0.2858340679,-0.01404261456,0.002637792114,0.999996521,0.0264142499,0.9996510828,0,0,1.172979102,1.648090608,-1.195097455,1.005206426,-0.5027248757,0.525360926,0.3570164049,-1.140624218,1.566310279,1.371360894,1.346488603,-0.4610843563,-0.05367489134,-0.2369799107,0.007844492467,-0.0001668751418,-0.201350414,0.05477465701,0.3252371831,-0.2145646604,-0.1064816968,0.01485228016,0.009301932873,-0.04192280143,-0.1489172949,0.2758163606,0.09552842848,-0.2123299702,0.008271395541,0.01444256906,0.008271395541,0.002637795173,0.03641732223,0.1873307867,0.1185826734,0.00124553541
4.16,0.5726410115,-0.1420412355,-0.2861822732,-0.01398013607,0.002637792114,0.999996521,0.0264142499,0.9996510828,0,0,1.173057547,1.648088939,-1.197110959,1.005754172,-0.4994725039,0.5232152793,0.355951588,-1.140475695,1.566403298,1.370941666,1.34499943,-0.4583261927,-0.05271960706,-0.2391032104,0.00830966997,-0.0001680448441,-0.2021003468,0.05551739028,0.3264667662,-0.2151162297,-0.1062880942,0.01466931926,0.00930679877,-0.04198122982,-0.1486973074,0.276111061,0.09552191766,-0.2123334299,0.008271537185,0.01446831046,0.008271537185,0.002637795173,0.03641732223,0.1871877795,0.1185826734,0.001247204162
4.17,0.5697775889,-0.1421807176,-0.2864965803,-0.01391601904,0.002637792114,0.999996521,0.0264142499,0.9996510828,0,0,1.173140644,1.648087259,-1.199131963,1.006309346,-0.4962078362,0.521064117,0.354888707,-1.140329002,1.566496366,1.370521854,1.343512457,-0.4555650821,-0.05176438788,-0.2412265447,0.008773083349,-0.0001691933818,-0.2028240785,0.0562525218,0.3276542152,-0.2156417283,-0.1060831642,0.01448442788,0.009310456982,-0.04203470892,-0.1484596041,0.2763730866,0.09550383981,-0.2123127007,0.008271687861,0.01449406263,0.008271687861,0.002637795173,0.03641732223,0.1871360467,0.1185826734,0.00124888461
4.18,0.5669111929,-0.1423195504,-0.2867769751,-0.01385026277,0.002637792114,0.999996521,0.0264142499,0.9996510828,0,0,1.173228375,1.648085567,-1.201160204,1.006871872,-0.492931294,0.5189076998,0.3538278754,-1.140184158,1.566589471,1.370101507,1.342027861,-0.4528013513,-0.05080934948,-0.2433496717,0.00923466475,-0.0001703206431,-0.2035213936,0.05697996184,0.3287991998,-0.2161410963,-0.1058670184,0.01429758401,0.009312897011,-0.04208323953,-0.1482041637,0.2766024296,0.09547416544,-0.2122678629,0.008271847536,0.01451982226,0.008271847536,0.002637795173,0.03641732223,0.1871751142,0.1185826734,0.001250576544
4.19,0.5640421625,-0.1424577174,-0.2870234522,-0.01378286702,0.002637792114,0.999996521,0.0264142499,0.9996510828,0,0,1.173320721,1.648083863,-1.203195418,1.007441671,-0.489643302,0.5167462888,0.3527692052,-1.140041182,1.5666826,1.369680675,1.340545819,-0.450035327,-0.04985460783,-0.2454723503,0.009225741939,-0.000170518602,-0.2034060755,0.05666069343,0.3290039114,-0.2159728021,-0.1059022327,0.01429429707,0.009339776429,-0.04215580782,-0.1484387111,0.2767446421,0.09571602248,-0.2123421794,0.008272016176,0.01454558597,0.008272016176,0.002637795173,0.03641732223,0.1873044632,0.1185826734,0.00125227975
4.2,0.5611708369,-0.1425952023,-0.2872360149,-0.01371383194,0.002637792114,0.999996521,0.0264142499,0.9996510828,0,0,1.173412979,1.648082158,-1.205229478,1.008008278,-0.4863532629,0.5145865608,0.3517101829,-1.139898239,1.566775997,1.369259116,1.339061432,-0.4472678805,-0.0488974476,-0.2475957721,0.009259609989,-0.0001709222242,-0.2033293484,0.0568947665,0.3292859822,-0.2159056335,-0.1060298371,0.01427496511,0.009381427642,-0.04233340871,-0.1484387594,0.2768876562,0.09604919442,-0.2122451571,0.008272184636,0.01457144686,0.008272184636,0.002637795173,0.03660772675,0.1873912785,0.1185826734,0.001253984936
4.21,0.5582975552,-0.1427319886,-0.2874146754,-0.01364315812,0.002637792114,0.999996521,0.0264142499,0.9996510828,0,0,1.173505575,1.648080449,-1.207262772,1.008577226,-0.4830604031,0.5124275044,0.3506498845,-1.13975549,1.566869812,1.368835782,1.337577045,-0.444499004,-0.04793695566,-0.2497182237,0.006818940513,-0.0001683488379,-0.1987890989,0.05718456541,0.3249694244,-0.2132516924,-0.1091005333,0.01523572576,0.009764821237,-0.04398319108,-0.1489928813,0.2770532726,0.09932215405,-0.2112869479,0.008272353737,0.01459742971,0.008272353737,0.002637795173,0.03693536915,0.1873081327,0.1185826734,0.001255694159
4.22,0.5554226563,-0.14286806,-0.2875594545,-0.01357084657,0.002637792114,0.999996521,0.0264142499,0.9996510828,0,0,1.173573764,1.648078765,-1.209250663,1.009149071,-0.4798107089,0.5102949875,0.3495588792,-1.139603132,1.56696746,1.36839595,1.336087116,-0.4417284713,-0.04694373412,-0.2518310932,0.007276842395,-0.0001693952166,-0.1993851986,0.05789419626,0.3259444498,-0.2136509441,-0.1088415167,0.0150402028,0.009764189496,-0.04401166245,-0.1486658576,0.2771536309,0.09924608374,-0.2111425743,0.008272475226,0.01462444539,0.008272475226,0.002637795173,0.03790661213,0.1866090332,0.1185826734,0.001257377647
4.23,0.552546479,-0.1430034001,-0.2876703817,-0.01349689872,0.002637792114,0.999996521,0.0264142499,0.9996510828,0,0,1.173646533,1.648077072,-1.211244515,1.009728013,-0.4765512644,0.5081584781,0.348470464,-1.13945273,1.567065102,1.367955834,1.334600457,-0.4389569349,-0.04595127328,-0.2539425189,0.007733013501,-0.0001704204637,-0.1999546756,0.05859590372,0.3268763726,-0.2140243576,-0.1085714074,0.01484244546,0.009762224045,-0.04403500489,-0.1483208386,0.277221389,0.09915783635,-0.2109746848,0.008272605613,0.0146514581,0.008272605613,0.002637795173,0.03878752987,0.1859987962,0.1185826734,0.001259071599
4.24,0.5496693614,-0.1431379925,-0.2877474955,-0.01342131641,0.002637792114,0.999996521,0.0264142499,0.9996510828,0,0,1.173723863,1.648075367,-1.213244062,1.010313972,-0.4732825006,0.5060182345,0.3473847499,-1.139304306,1.567162724,1.367515484,1.333117249,-0.4361847211,-0.04495969492,-0.2560522657,0.008187388451,-0.0001714245016,-0.2004973564,0.05928960836,0.3277649336,-0.2143719131,-0.1082903323,0.01464243526,0.009758915602,-0.04405322748,-0.1479578295,0.2772565889,0.09905740097,-0.2107833963,0.008272744866,0.01467846409,0.008272744866,0.002637795173,0.0395786976,0.1854768138,0.1185826734,0.001260775804
4.25,0.5467916416,-0.1432718209,-0.2877908428,-0.01334410193,0.002637792114,0.999996521,0.0264142499,0.9996510828,0,0,1.173805737,1.648073653,-1.215249035,1.010906868,-0.4700048513,0.5038745154,0.3463018466,-1.139157881,1.567260313,1.367074952,1.33163767,-0.4334121552,-0.04396912091,-0.2581600997,0.008639902585,-0.0001724072582,-0.201013075,0.05997523313,0.328609886,-0.2146935975,-0.1079984209,0.01444015436,0.009754255271,-0.04406634061,-0.1475768402,0.277259281,0.09894476998,-0.2105688314,0.008272892954,0.01470545953,0.008272892954,0.002637795173,0.04028073365,0.185042435,0.1185826734,0.001262490049
4.26,0.5439136569,-0.1434048691,-0.2878004793,-0.01326525796,0.002637792114,0.999996521,0.0264142499,0.9996510828,0,0,1.173892136,1.648071929,-1.217259166,1.011506621,-0.4667187524,0.5017275794,0.3452218624,-1.13901348,1.567357856,1.366634288,1.330161902,-0.4306395624,-0.04297967321,-0.260265788,0.009072718361,-0.0001733460518,-0.2014701853,0.06064980015,0.3293791961,-0.214970329,-0.107715871,0.01424280203,0.009750718449,-0.04408423167,-0.1471831715,0.2772294384,0.09884059493,-0.2103254076,0.008273049842,0.01473244057,0.008273049842,0.002637795173,0.04089429911,0.1846949662,0.1185826734,0.001264214122
4.27,0.5410357442,-0.1435371207,-0.2877764696,-0.01318478763,0.002637792114,0.999996521,0.0264142499,0.9996510828,0,0,1.173982863,1.648070196,-1.219273868,1.012113119,-0.4634249605,0.4995778761,0.3441447037,-1.138871052,1.567455363,1.366193446,1.32869007,-0.427867268,-0.04199126726,-0.2623690421,0.00644722005,-0.0001703778914,-0.196477477,0.06081489342,0.3246232552,-0.2119410148,-0.110875113,0.01528275788,0.01017297729,-0.04579332523,-0.1476804055,0.2771530489,0.1022722697,-0.2090773035,0.008273215148,0.01475941012,0.008273215148,0.002637795173,0.04141732212,0.1844317037,0.1185826734,0.001265947582
4.28,0.5381582395,-0.1436685594,-0.2877188869,-0.01310269447,0.002637792114,0.999996521,0.0264142499,0.9996510828,0,0,1.174047335,1.648068492,-1.221238642,1.012721268,-0.4601787279,0.497458466,0.3430359525,-1.138718224,1.567557093,1.365735513,1.327213266,-0.4250957375,-0.04096854456,-0.2644598151,0.006889231849,-0.0001712974483,-0.19688776,0.06147114706,0.3253022466,-0.2121803909,-0.1105601369,0.01507283022,0.01016492161,-0.04578992082,-0.1472465764,0.2770596857,0.1021205908,-0.2087930087,0.008273329238,0.01478753196,0.008273329238,0.002637795173,0.04141732212,0.1838702377,0.1185826734,0.001267651361
4.29,0.5352814781,-0.1437991692,-0.2876278131,-0.01301898244,0.002637792114,0.999996521,0.0264142499,0.9996510828,0,0,1.174116227,1.648066779,-1.22320752,1.013335979,-0.4569257055,0.4953366621,0.3419303512,-1.138567496,1.567658742,1.365277613,1.325740801,-0.4223251406,-0.03994733865,-0.2665477452,0.007329546184,-0.0001721959535,-0.1972713905,0.06211914614,0.3259377744,-0.2123943559,-0.1102343609,0.01486042592,0.01015542389,-0.04578127054,-0.1467947345,0.2769340911,0.1019563168,-0.2084861093,0.008273451925,0.01481563082,0.008273451925,0.002637795173,0.04141732212,0.1833073267,0.1185826734,0.001269364335
4.3,0.5324057945,-0.1439289337,-0.2875033389,-0.01293365594,0.002637792114,0.999996521,0.0264142499,0.9996510828,0,0,1.174189523,1.648065057,-1.225180234,1.013957171,-0.4536663277,0.4932127185,0.3408280076,-1.138418892,1.567760296,1.364819801,1.324272853,-0.4195557997,-0.03892777549,-0.2686326063,0.007768104153,-0.000173073364,-0.1976282531,0.06275882862,0.3265296716,-0.2125829332,-0.1098979219,0.01464553131,0.01014447704,-0.04576739226,-0.1463249131,0.2767763569,0.1017794586,-0.2081567559,0.00827358318,0.01484370254,0.00827358318,0.002637795173,0.04141732212,0.182743034,0.1185826734,0.001271086295
4.31,0.5295315223,-0.1440578369,-0.2873455638,-0.01284671975,0.002637792114,0.999996521,0.0264142499,0.9996510828,0,0,1.174267204,1.648063326,-1.227156517,1.014584759,-0.450401031,0.4910868892,0.3397290283,-1.138272436,1.567861741,1.364362127,1.322809604,-0.4167880361,-0.0379099809,-0.2707141739,0.008204847709,-0.0001739296434,-0.1979582407,0.0633901352,0.3270777844,-0.2127461531,-0.109550959,0.01442813346,0.01013207442,-0.04574830523,-0.1458371503,0.2765865836,0.1015900303,-0.2078051041,0.008273722968,0.0148717429,0.008273722968,0.002637795173,0.04141732212,0.182177423,0.1185826734,0.001272817029
4.32,0.5266589939,-0.1441858628,-0.2871545959,-0.01275817912,0.002637792114,0.999996521,0.0264142499,0.9996510828,0,0,1.174349252,1.648061587,-1.229136099,1.01521866,-0.4471302532,0.4889594276,0.3386335188,-1.138128155,1.567963062,1.363904644,1.321351233,-0.4140221703,-0.0368940806,-0.2727922249,0.008639719701,-0.0001747647612,-0.1982612545,0.06401300932,0.3275819725,-0.2128840531,-0.1091936134,0.01420822026,0.01011820984,-0.04572403003,-0.1453314891,0.2763648798,0.1013880496,-0.2074313152,0.008273871258,0.01489974768,0.008273871258,0.002637795173,0.04141732212,0.1816105567,0.1185826734,0.001274556325
4.33,0.5237885406,-0.1443129952,-0.286930552,-0.01266803969,0.002637792114,0.999996521,0.0264142499,0.9996510828,0,0,1.17443565,1.648059839,-1.231118711,1.01585879,-0.4438544334,0.4868305871,0.3375415826,-1.137986073,1.568064244,1.363447403,1.319897918,-0.4112585215,-0.0358802001,-0.2748665381,0.006235258617,-0.0001705006556,-0.1935368883,0.06412275464,0.3231125494,-0.2099155423,-0.1119868346,0.0151629506,0.01052160391,-0.04726408619,-0.1456511408,0.2760520373,0.1045013535,-0.2060314456,0.008274028016,0.0149277126,0.008274028016,0.002637795173,0.04141732212,0.1810424982,0.1185826734,0.001276303973
4.34,0.5209204927,-0.1444392182,-0.2866735578,-0.01257630753,0.002637792114,0.999996521,0.0264142499,0.9996510828,0,0,1.174498002,1.648058134,-1.23305408,1.016500018,-0.4406233079,0.4847314317,0.3364217143,-1.137834443,1.56816946,1.362974762,1.318441406,-0.4084980011,-0.03483518657,-0.2769268525,0.006463207305,-0.00017074945,-0.1934151315,0.06468904541,0.3231544981,-0.2097831215,-0.1118376637,0.01501969314,0.01053495076,-0.04733820376,-0.1451695846,0.2757636914,0.1045050206,-0.2055430981,0.00827413797,0.01495679125,0.00827413797,0.002637795173,0.04141732212,0.1812406448,0.1185826734,0.001278008979
4.35,0.5180551789,-0.144564516,-0.2863837476,-0.01248298914,0.002637792114,0.999996521,0.0264142499,0.9996510828,0,0,1.174562634,1.648056427,-1.234988232,1.017146908,-0.437391763,0.4826336005,0.3353033376,-1.137684246,1.568274809,1.36250138,1.31698971,-0.4057403642,-0.03379013636,-0.2789822835,0.006890141787,-0.0001713329664,-0.193620144,0.06528243058,0.323500978,-0.209843839,-0.1114546599,0.01479043618,0.01051715828,-0.04729593181,-0.1446105398,0.2754480183,0.1042602846,-0.205104289,0.008274252376,0.01498590604,0.008274252376,0.002637795173,0.04141732212,0.1814912401,0.1185826734,0.001279716474
4.36,0.5151929267,-0.1446888728,-0.2860612644,-0.01238809143,0.002637792114,0.999996521,0.0264142499,0.9996510828,0,0,1.174631536,1.648054713,-1.236924433,1.017799733,-0.4341567532,0.4805351621,0.334188791,-1.137536342,1.568379981,1.362028421,1.315543605,-0.402985884,-0.03274753352,-0.2810333264,0.00731540137,-0.0001718984826,-0.1937987805,0.06586730695,0.3238041235,-0.2098798991,-0.111061362,0.01455848553,0.01049781984,-0.04724838686,-0.1440337015,0.2751009274,0.1040027161,-0.2046441717,0.008274375111,0.01501497062,0.008274375111,0.002637795173,0.04141732212,0.1817399533,0.1185826734,0.001281429803
4.37,0.512334062,-0.1448122726,-0.2857062602,-0.01229162173,0.002637792114,0.999996521,0.0264142499,0.9996510828,0,0,1.17470469,1.648052994,-1.238862421,1.018458406,-0.4309187119,0.4784363631,0.3330781774,-1.137390757,1.568484959,1.361555937,1.314103268,-0.4002348748,-0.03170750635,-0.2830797681,0.007738934658,-0.0001724460847,-0.1939509927,0.06644363427,0.3240638749,-0.209891375,-0.1106579186,0.01432383409,0.01047693145,-0.04719559747,-0.143439137,0.2747225691,0.103732353,-0.2041629328,0.008274506143,0.0150439804,0.008274506143,0.002637795173,0.04141732212,0.1819867528,0.1185826734,0.001283148788
4.38,0.5094789093,-0.1449347,-0.2853188954,-0.01219358782,0.002637792114,0.999996521,0.0264142499,0.9996510828,0,0,1.174782079,1.64805127,-1.240801931,1.019122842,-0.4276780732,0.4763374493,0.3319715982,-1.137247519,1.568589728,1.361083981,1.312668877,-0.3974876491,-0.03067018283,-0.2851213974,0.007898346633,-0.0001724256905,-0.1936876548,0.06641216991,0.3238432535,-0.2095111595,-0.1103717887,0.01420396311,0.01047293083,-0.04715445823,-0.1431448633,0.2742817728,0.103629966,-0.2037404688,0.008274645441,0.0150729308,0.008274645441,0.002637795173,0.04141732212,0.1822316073,0.1185826734,0.001284873249
4.39,0.5066277914,-0.1450561392,-0.2848993392,-0.01209399787,0.002637792114,0.999996521,0.0264142499,0.9996510828,0,0,1.174861062,1.648049546,-1.242738807,1.019786964,-0.4244396407,0.4742423377,0.3308678803,-1.137105479,1.568694458,1.360612437,1.311237428,-0.3947448314,-0.02963388317,-0.2871588021,0.005556879367,-0.0001692379882,-0.1890363471,0.06581444147,0.3193824098,-0.2063446184,-0.1128042293,0.01514536625,0.01085061083,-0.04847790353,-0.1436113004,0.2737211416,0.106464599,-0.2023549933,0.00827478787,0.01510188578,0.00827478787,0.002637795173,0.04152649919,0.1823653085,0.118694952,0.001286597506
4.4,0.5037810292,-0.1451765748,-0.2844477697,-0.01199286048,0.002637792114,0.999996521,0.0264142499,0.9996510828,0,0,1.174916631,1.648047853,-1.244629171,1.020445108,-0.4212458166,0.4721788916,0.329739838,-1.136954026,1.568802964,1.360127658,1.309801315,-0.3920076199,-0.02856923718,-0.2891823521,0.005484262507,-0.00016926808,-0.188247326,0.06628474321,0.3186819797,-0.2057434931,-0.1129169271,0.01511210451,0.01090286195,-0.04868429586,-0.1431086402,0.273234724,0.1067436016,-0.201615348,0.008274884643,0.01513191204,0.008274884643,0.002637795173,0.04177047167,0.1817326265,0.1189358236,0.001288289886
4.41,0.5009389421,-0.1452959913,-0.2839643736,-0.01189018468,0.002637792114,0.999996521,0.0264142499,0.9996510828,0,0,1.174971474,1.648046161,-1.246511644,1.021107956,-0.4180589968,0.4701214566,0.3286106688,-1.136802905,1.568911993,1.359640815,1.308370229,-0.3892752727,-0.02750180116,-0.2911985055,0.005912434421,-0.0001699442784,-0.1883117892,0.06684349942,0.3187831416,-0.2056713111,-0.1124667721,0.01486258739,0.01087606342,-0.04860654745,-0.1424394636,0.2727350483,0.106413731,-0.2010496637,0.008274979993,0.01516208317,0.008274979993,0.002637795173,0.04200930467,0.1810471861,0.1191746571,0.001289982567
4.42,0.4981018472,-0.1454143734,-0.2834493464,-0.01178597992,0.002637792114,0.999996521,0.0264142499,0.9996510828,0,0,1.175030598,1.648044461,-1.248394762,1.021776391,-0.4148711653,0.4680647435,0.3274860011,-1.136654279,1.569020753,1.359154749,1.306945834,-0.3865479222,-0.02643766385,-0.2932090022,0.006339005279,-0.0001706006617,-0.1883503647,0.06739369672,0.3188415181,-0.2055754557,-0.112006839,0.01461017031,0.01084762336,-0.04852354902,-0.1417527401,0.2722049813,0.1060708593,-0.2004640093,0.008275083689,0.01519217851,0.008275083689,0.002637795173,0.04224606885,0.1804397676,0.1194114218,0.001291682009
4.43,0.4952700599,-0.1455317058,-0.2829028922,-0.01168025607,0.002637792114,0.999996521,0.0264142499,0.9996510828,0,0,1.175093988,1.648042755,-1.250278266,1.022450328,-0.4116827502,0.466008989,0.3263659327,-1.136508177,1.569129229,1.358669514,1.305528307,-0.3838258724,-0.02537695526,-0.2952136423,0.006763926591,-0.0001712372629,-0.1883630521,0.06793531,0.3188571319,-0.2054560391,-0.1115372891,0.01435485272,0.0108175407,-0.0484353391,-0.1410485668,0.2716447231,0.1057150489,-0.1998586007,0.008275195703,0.01522219311,0.008275195703,0.002637795173,0.04248073373,0.1799092111,0.1196460872,0.001293388016
4.44,0.4924438934,-0.1456479735,-0.282325224,-0.01157302342,0.002637792114,0.999996521,0.0264142499,0.9996510828,0,0,1.175161628,1.648041043,-1.252161896,1.023129681,-0.4084941788,0.4639544286,0.3252505598,-1.136364628,1.569237405,1.35818516,1.304117821,-0.3811094252,-0.02431980477,-0.2972122283,0.007187150955,-0.0001718541223,-0.1883498601,0.06846831739,0.3188300207,-0.2053131802,-0.1110582855,0.01409663511,0.010785815,-0.04834195764,-0.1403270458,0.2710544821,0.1053463664,-0.1992336585,0.008275316003,0.01525212199,0.008275316003,0.002637795173,0.04271326903,0.1794543233,0.1198786229,0.001295100389
4.45,0.4896236587,-0.1457631613,-0.2817165633,-0.01146429268,0.002637792114,0.999996521,0.0264142499,0.9996510828,0,0,1.175233499,1.648039324,-1.254045395,1.023814364,-0.4053058786,0.4619012968,0.3241399769,-1.136223662,1.569345263,1.357701741,1.30271455,-0.3783988803,-0.0232663411,-0.2992045649,0.005671910537,-0.0001707141033,-0.1849413157,0.06859177853,0.3156040366,-0.2029912051,-0.1126746431,0.0146722168,0.01106551736,-0.04931328303,-0.1401614994,0.2703398855,0.1072777768,-0.1977777629,0.00827544456,0.01528196014,0.00827544456,0.002637795173,0.04294364467,0.1790738785,0.120108999,0.00129681893
4.46,0.4868096647,-0.1458772544,-0.2810771407,-0.01135407499,0.002637792114,0.999996521,0.0264142499,0.9996510828,0,0,1.175290218,1.648037617,-1.255894808,1.024500282,-0.4021498383,0.4598713847,0.3230132305,-1.13607694,1.569455918,1.357208608,1.301312935,-0.3756954815,-0.02219356334,-0.3011823425,0.005137046231,-0.0001702936257,-0.18320571,0.06890698835,0.3139197528,-0.2017394355,-0.1132163627,0.01481900681,0.01118528579,-0.04973470365,-0.1396878699,0.2696447852,0.108018469,-0.1967151033,0.0082755435,0.01531091657,0.0082755435,0.002637795173,0.04317183081,0.1789274556,0.1203371857,0.001298526071
4.47,0.4840022177,-0.1459902379,-0.2804071951,-0.01124238191,0.002637792114,0.999996521,0.0264142499,0.9996510828,0,0,1.175341589,1.648035914,-1.257726865,1.025189352,-0.3990106407,0.4578539904,0.3218810669,-1.13592875,1.569567771,1.356711261,1.299916057,-0.3729990336,-0.02111337865,-0.3031494935,0.005558030452,-0.0001706872904,-0.1831086891,0.06941127416,0.3137507363,-0.2015306573,-0.1127087307,0.01454888704,0.01114868897,-0.04962165654,-0.1389137363,0.2689673422,0.1076019162,-0.1960350716,0.008275631989,0.01533962918,0.008275631989,0.002637795173,0.04339779782,0.178810478,0.1205631531,0.001300229007
4.48,0.4812016217,-0.1461020971,-0.2797069745,-0.01112922541,0.002637792114,0.999996521,0.0264142499,0.9996510828,0,0,1.175397169,1.648034207,-1.259557952,1.025883464,-0.3958731334,0.4558386838,0.3207539796,-1.135783261,1.569679258,1.356215044,1.298526919,-0.3703093602,-0.02003735948,-0.3051098442,0.0059775251,-0.0001710649951,-0.1829868121,0.06990704623,0.3135402916,-0.2012994103,-0.1121918529,0.01427574882,0.0111103801,-0.04950345029,-0.1381226061,0.2682608295,0.1071724496,-0.1953365789,0.008275728704,0.01536823628,0.008275728704,0.002637795173,0.04362151632,0.1786203873,0.1207868721,0.00130193588
4.49,0.4784081782,-0.1462128175,-0.2789767354,-0.01101461791,0.002637792114,0.999996521,0.0264142499,0.9996510828,0,0,1.175456944,1.648032497,-1.26138782,1.026582535,-0.3927377305,0.4538256897,0.319632061,-1.135640503,1.569790362,1.35572001,1.297145693,-0.3676267519,-0.01896563499,-0.30706321,0.006395487512,-0.0001714268779,-0.1828401367,0.07039430073,0.3132885372,-0.2010458477,-0.1116659001,0.01399959909,0.01107036169,-0.04938013355,-0.1373146072,0.2675254974,0.1067301586,-0.1946198676,0.008275833619,0.01539673307,0.008275833619,0.002637795173,0.04384295716,0.1783585594,0.1210083134,0.00130364653
4.5,0.4756221862,-0.1463223847,-0.2782167431,-0.01089857222,0.002637792114,0.999996521,0.0264142499,0.9996510828,0,0,1.175520899,1.648030782,-1.263216221,1.027286478,-0.3896048451,0.4518152312,0.318515402,-1.135500507,1.569901065,1.355226209,1.295772547,-0.364951497,-0.0178983334,-0.3090094087,0.006811876149,-0.0001717730816,-0.1826687298,0.07087303728,0.3129956068,-0.2007701297,-0.111131045,0.0137204459,0.01102863689,-0.04925175643,-0.1364898728,0.2667616045,0.1062751368,-0.1938851839,0.008275946705,0.01542511478,0.008275946705,0.002637795173,0.04406209144,0.1780263982,0.1212274481,0.001305360799
4.51,0.4728439416,-0.1464307842,-0.2774272717,-0.01078110158,0.002637792114,0.999996521,0.0264142499,0.9996510828,0,0,1.175589018,1.648029065,-1.265042909,1.027995208,-0.386474889,0.4498075299,0.3174040916,-1.135363303,1.570011352,1.354733691,1.294407648,-0.3622838809,-0.01683558203,-0.3109482605,0.006045014795,-0.0001705118257,-0.1804293205,0.07108096144,0.3107984863,-0.1991403356,-0.1118562843,0.01396008396,0.0111837713,-0.04977069411,-0.1359969278,0.2658967084,0.1072293367,-0.1925987488,0.008276067933,0.01545337662,0.008276067933,0.002637795173,0.04427889054,0.1776253347,0.1214442476,0.00130707853
4.52,0.4700737381,-0.146538002,-0.2766086038,-0.01066221968,0.002637792114,0.999996521,0.0264142499,0.9996510828,0,0,1.175649468,1.648027359,-1.266847202,1.028706018,-0.3833669042,0.4478161265,0.3162855287,-1.135223702,1.570123189,1.354235984,1.293047679,-0.3596249138,-0.01576328867,-0.312874248,0.0048368283,-0.0001686462256,-0.1773978759,0.07118083257,0.3078553769,-0.1969932512,-0.1130462925,0.01438932769,0.01141112441,-0.05052556072,-0.1356171039,0.2649776615,0.1086961901,-0.1910967322,0.008276174221,0.01548211336,0.008276174221,0.002637795173,0.04462179186,0.1772337459,0.1216586836,0.001308783648
4.53,0.4673118659,-0.146644024,-0.2757610311,-0.01054194059,0.002637792114,0.999996521,0.0264142499,0.9996510828,0,0,1.175697836,1.648025673,-1.268621181,1.029417826,-0.3802883504,0.445846194,0.3151550658,-1.135079809,1.570237301,1.353730728,1.291691508,-0.3569751372,-0.01467632677,-0.3147852154,0.005253536822,-0.0001689580686,-0.1771519943,0.07163252715,0.3074317875,-0.1966582944,-0.1124817836,0.01409673538,0.01136346654,-0.05037686378,-0.1347413811,0.2641313211,0.1081918758,-0.1903128558,0.008276256958,0.01551154361,0.008276256958,0.002637795173,0.0450905829,0.1769769983,0.121870728,0.00131047011
4.54,0.4645586128,-0.1467488362,-0.2748848537,-0.01042027883,0.002637792114,0.999996521,0.0264142499,0.9996510828,0,0,1.175750372,1.648023983,-1.270392701,1.030134151,-0.3772140325,0.4438796111,0.314030248,-1.134938842,1.570350935,1.35322696,1.290344094,-0.354333824,-0.01359440801,-0.3166883439,0.005668883214,-0.0001692552385,-0.1768825969,0.07207587881,0.3069686537,-0.1963023013,-0.1119086466,0.01380106983,0.01131405888,-0.05022317618,-0.133849401,0.2632575324,0.1076749247,-0.1895121826,0.008276347845,0.01554083739,0.008276347845,0.002637795173,0.04549003071,0.1767871746,0.1220803529,0.001312159691
4.55,0.4618142632,-0.146852425,-0.2739803806,-0.01029724934,0.002637792114,0.999996521,0.0264142499,0.9996510828,0,0,1.17580706,1.648022291,-1.272161527,1.03085491,-0.374144346,0.4419165881,0.3129111615,-1.134800831,1.570464076,1.352724728,1.2890056,-0.3517012487,-0.01251765876,-0.3185834657,0.006082829911,-0.0001695378968,-0.1765897975,0.07251090528,0.3064661882,-0.1959254651,-0.1113270627,0.01350234639,0.01126290822,-0.05006455719,-0.1329413235,0.2623565956,0.1071454549,-0.1886949791,0.008276446857,0.01556998975,0.008276446857,0.002637795173,0.04582155709,0.1766628255,0.1222875309,0.001313852243
4.56,0.4590790984,-0.1469547767,-0.2730479295,-0.01017286747,0.002637792114,0.999996521,0.0264142499,0.9996510828,0,0,1.175867889,1.648020596,-1.273927425,1.031580019,-0.3710796841,0.4399573334,0.3117978909,-1.134665807,1.570576705,1.352224082,1.287676187,-0.3490776827,-0.01144620421,-0.3204704155,0.00649534046,-0.0001698062096,-0.1762737188,0.07293762782,0.3059246185,-0.1955279861,-0.1107372148,0.0132005816,0.01121002205,-0.04990106756,-0.1320173133,0.2614288193,0.1066035885,-0.1878615158,0.008276553968,0.01559899574,0.008276553968,0.002637795173,0.04608660752,0.1766024783,0.1224922347,0.001315547622
4.57,0.4563533968,-0.1470558779,-0.2720878268,-0.01004714899,0.002637792114,0.999996521,0.0264142499,0.9996510828,0,0,1.175932842,1.648018897,-1.275690162,1.032309396,-0.3680204379,0.4380020536,0.3106905187,-1.134533802,1.570688805,1.351725072,1.286356014,-0.3464633945,-0.01038016833,-0.3223490307,0.006758213234,-0.0001699310989,-0.1756802176,0.07332093808,0.3051185098,-0.1949407835,-0.1102968648,0.01296257458,0.01118135459,-0.04981463257,-0.1311212209,0.2604636811,0.1062290889,-0.1869402128,0.008276669152,0.01562785041,0.008276669152,0.002637795173,0.04628665028,0.176604638,0.1226944375,0.001317245684
4.58,0.453637433,-0.1471557153,-0.2711004077,-0.009920110117,0.002637792114,0.999996521,0.0264142499,0.9996510828,0,0,1.176000424,1.648017198,-1.277446964,1.033042605,-0.3649692528,0.4360526457,0.3095875501,-1.134404176,1.570800619,1.351226925,1.285044802,-0.3438587577,-0.00931787744,-0.3242184328,0.004612005618,-0.000168096937,-0.1709275797,0.07312365194,0.3005991355,-0.1915827641,-0.1124097903,0.01380597531,0.01157282483,-0.0510523041,-0.1309193675,0.2592968704,0.1087588614,-0.1848360281,0.008276789485,0.01565662756,0.008276789485,0.002637795173,0.04641732201,0.1766369904,0.122857462,0.001318944995
4.59,0.4509314785,-0.1472542757,-0.270086016,-0.009791767462,0.002637792114,0.999996521,0.0264142499,0.9996510828,0,0,1.176046544,1.648015517,-1.27915624,1.033773841,-0.3619632615,0.4341368181,0.3084634522,-1.134266116,1.570916347,1.350716402,1.283735608,-0.341265789,-0.008230288826,-0.3260667931,0.005027256182,-0.0001686186472,-0.1705467861,0.07352462242,0.2999386781,-0.1911332756,-0.1117897859,0.01349057178,0.01151398939,-0.05086805187,-0.1299465787,0.2582922654,0.1081670579,-0.1839597098,0.008276867868,0.01568660217,0.008276867868,0.002637795173,0.04641732201,0.1761334302,0.1223539017,0.001320625965
4.6,0.4482358014,-0.1473515463,-0.2690450043,-0.009662138073,0.002637792114,0.999996521,0.0264142499,0.9996510828,0,0,1.176096817,1.648013831,-1.280861708,1.034509088,-0.3589638747,0.4322254853,0.3073455543,-1.13413121,1.571031487,1.350207722,1.282436142,-0.3386828664,-0.007148618247,-0.3279063902,0.005441278392,-0.0001691195133,-0.1701440959,0.07391756177,0.2992410679,-0.1906643971,-0.1111618668,0.01317208604,0.01145338322,-0.05067906316,-0.1289584657,0.2572621333,0.107563096,-0.1830684007,0.008276954359,0.01571640879,0.008276954359,0.002637795173,0.04641732201,0.1755697582,0.1217902297,0.001322312151
4.61,0.445550666,-0.1474475143,-0.267977734,-0.009531239415,0.002637792114,0.999996521,0.0264142499,0.9996510828,0,0,1.17615123,1.64801214,-1.282563149,1.035248263,-0.355971464,0.4303188414,0.3062339357,-1.13399949,1.571146021,1.349700931,1.281146558,-0.336110245,-0.006072987287,-0.3297370742,0.005669132362,-0.0001691472079,-0.1694873433,0.07386752526,0.2982509971,-0.189910876,-0.1106004507,0.01294594899,0.01140795769,-0.05049734673,-0.1282108282,0.2561842232,0.1070951124,-0.1822168787,0.008277048935,0.01574604234,0.008277048935,0.002637795173,0.04641732201,0.1749475741,0.1211680456,0.001324003346
4.62,0.442876333,-0.147542167,-0.2668845752,-0.009399089377,0.002637792114,0.999996521,0.0264142499,0.9996510828,0,0,1.176207921,1.648010448,-1.284258022,1.035986939,-0.352988954,0.4284197326,0.3051279311,-1.13387003,1.5712601,1.349195958,1.279864449,-0.3335484028,-0.005002036163,-0.331559243,0.005859321566,-0.0001688606258,-0.168769356,0.07372162096,0.2971817979,-0.1890846866,-0.110044203,0.01273751695,0.01136459421,-0.05031348305,-0.1275037439,0.2550768485,0.1066479775,-0.1813615802,0.00827714798,0.01577555352,0.00827714798,0.002637795173,0.04647003629,0.1742895893,0.1204573464,0.001325694818
4.63,0.4402130595,-0.147635492,-0.2657659067,-0.00926570627,0.002637792114,0.999996521,0.0264142499,0.9996510828,0,0,1.176266514,1.64800876,-1.285945716,1.036724155,-0.3500171361,0.4265288857,0.3040274891,-1.133742655,1.571373746,1.348692823,1.278589412,-0.3309976343,-0.003935556389,-0.3333728588,0.006279466117,-0.000169047665,-0.168322711,0.07411106507,0.2963988152,-0.188571355,-0.1093871148,0.01240743586,0.01129847529,-0.05011020065,-0.1264640415,0.2539732223,0.1060052978,-0.1804239842,0.008277250779,0.01580494986,0.008277250779,0.002637795173,0.0466280555,0.1736846359,0.1196943735,0.001327383425
4.64,0.4375610986,-0.147727477,-0.264622116,-0.009131108825,0.002637792114,0.999996521,0.0264142499,0.9996510828,0,0,1.176329309,1.648007069,-1.287628943,1.037465265,-0.3470531479,0.4246431722,0.302933618,-1.13361858,1.571486731,1.348191721,1.277324772,-0.3284579021,-0.002875503411,-0.3351770986,0.005307041233,-0.000166451919,-0.1654822245,0.07414443575,0.2935317132,-0.1864296142,-0.1101854569,0.01271353337,0.01148219657,-0.05067051779,-0.1258166499,0.2527295215,0.1070456485,-0.1787533205,0.008277361806,0.0158341571,0.008277361806,0.002637795173,0.04684025034,0.1731370991,0.1189346415,0.001329073901
4.65,0.4349206996,-0.1478181101,-0.2634535993,-0.008995316199,0.002637792114,0.999996521,0.0264142499,0.9996510828,0,0,1.176382379,1.648005405,-1.289283765,1.03820671,-0.3441178308,0.422778876,0.3018317634,-1.133491445,1.571601553,1.347685016,1.276066605,-0.3259306069,-0.001805046926,-0.3369646318,0.004523251429,-0.0001643249261,-0.1629386742,0.07421566796,0.2908986487,-0.1844898622,-0.1107779613,0.01292825046,0.01163013979,-0.05111998324,-0.1250994151,0.2514788915,0.1078397044,-0.1771680072,0.008277453952,0.01586393643,0.008277453952,0.002637795173,0.0470535424,0.1729469594,0.1185826734,0.00133073842
4.66,0.4322921077,-0.1479073794,-0.2622607617,-0.008858347966,0.002637792114,0.999996521,0.0264142499,0.9996510828,0,0,1.176427612,1.648003761,-1.290913152,1.038948866,-0.3412088443,0.4209339774,0.3007239838,-1.133362163,1.571717854,1.347173816,1.274815611,-0.323415818,-0.0007266498812,-0.3387363119,0.004948285815,-0.0001646234666,-0.1624363972,0.07458149201,0.2900090804,-0.1839328984,-0.1100917028,0.01258361847,0.01155759485,-0.05089654,-0.1240139833,0.2503061289,0.1071472226,-0.1761954429,0.008277530881,0.01589417943,0.008277530881,0.002637795173,0.04723208102,0.1729883475,0.1185826734,0.00133238167
4.67,0.429675564,-0.1479952733,-0.261044017,-0.008720224125,0.002637792114,0.999996521,0.0264142499,0.9996510828,0,0,1.176477095,1.648002115,-1.292537516,1.039694681,-0.3383087535,0.4190946484,0.2996230668,-1.133236326,1.57183343,1.346664851,1.273575471,-0.3209127567,0.0003448223452,-0.3404982663,0.005372124561,-0.0001649066034,-0.1619140231,0.07493971507,0.2890852545,-0.1833586283,-0.109398649,0.01223595537,0.01148329327,-0.05066877158,-0.1229144759,0.2491104592,0.1064433663,-0.1752101563,0.008277616127,0.01592421487,0.008277616127,0.002637795173,0.04740786867,0.1729749411,0.1185826734,0.001334027904
4.68,0.4270713056,-0.1480817801,-0.2598037875,-0.008580965098,0.002637792114,0.999996521,0.0264142499,0.9996510828,0,0,1.176530816,1.648000466,-1.294156656,1.040444078,-0.3354179009,0.4172610622,0.2985290803,-1.133113967,1.571948263,1.346158163,1.272346326,-0.3184216521,0.001409256008,-0.3422503679,0.005794736583,-0.0001651745182,-0.1613717742,0.07529039822,0.2881275738,-0.182767326,-0.1086990074,0.0118852966,0.01140725243,-0.05043676135,-0.1218011242,0.2478922914,0.105728319,-0.1742124617,0.008277709667,0.01595403761,0.008277709667,0.002637795173,0.04758088247,0.1729083466,0.1185826734,0.00133567697
4.69,0.4244795651,-0.1481668888,-0.2585405044,-0.008440591726,0.002637792114,0.999996521,0.0264142499,0.9996510828,0,0,1.176588763,1.647998814,-1.295770374,1.041196982,-0.3325366252,0.4154333889,0.2974420902,-1.132995114,1.572062336,1.345653795,1.271128315,-0.3159427292,0.002466539199,-0.3439924925,0.006216091845,-0.0001654273992,-0.1608098817,0.07563360625,0.2871364566,-0.1821592721,-0.1079929874,0.01153167892,0.01132949049,-0.05020059422,-0.1206741652,0.2466520427,0.1050022689,-0.173202677,0.00827781148,0.01598364255,0.00827781148,0.002637795173,0.04775109991,0.1727901815,0.1185826734,0.001337328716
4.7,0.4219005709,-0.1482505883,-0.2572546078,-0.008299125275,0.002637792114,0.999996521,0.0264142499,0.9996510828,0,0,1.176650924,1.64799716,-1.297378472,1.041953319,-0.3296652606,0.4136117962,0.2963621603,-1.132879797,1.572175631,1.345151789,1.269921573,-0.3134762087,0.003516561888,-0.3457245193,0.006636161367,-0.0001656654419,-0.1602285856,0.07596940759,0.286112336,-0.1815347544,-0.1072807994,0.01117514044,0.01125002643,-0.04996035661,-0.1195338411,0.2453901392,0.1042654083,-0.1721811239,0.008277921543,0.01601302462,0.008277921543,0.002637795173,0.04791849891,0.1726220737,0.1185826734,0.00133898299
4.71,0.4193345469,-0.1483328678,-0.2559465462,-0.00815658743,0.002637792114,0.999996521,0.0264142499,0.9996510828,0,0,1.176717286,1.647995503,-1.298980758,1.042713013,-0.3268041373,0.4117964486,0.2952893523,-1.132768046,1.572288131,1.344652186,1.268726235,-0.3110223073,0.004559215971,-0.3474463305,0.005016374388,-0.0001630236017,-0.1561718915,0.07575666996,0.2821568121,-0.1785036153,-0.1086828798,0.01176970941,0.0115502342,-0.0508433345,-0.1189737819,0.2439186471,0.1060122013,-0.1700289726,0.008278039831,0.01604217883,0.008278039831,0.002637795173,0.04808305783,0.17240566,0.1185826734,0.001340639644
4.72,0.4167817124,-0.1484137166,-0.2546167769,-0.008013000301,0.002637792114,0.999996521,0.0264142499,0.9996510828,0,0,1.17676745,1.647993873,-1.300542477,1.043470579,-0.3239825691,0.4100114125,0.2942025235,-1.132650349,1.572403633,1.344143752,1.267536497,-0.3085831209,0.005619337983,-0.3491466202,0.005002355527,-0.0001626288701,-0.1548153584,0.07596143149,0.2804448816,-0.1773413021,-0.1084084683,0.01160815353,0.01154838138,-0.05083211941,-0.1179331059,0.242575886,0.1057790859,-0.1687484517,0.00827812654,0.016072266,0.00827812654,0.002637795173,0.04862602553,0.1719809322,0.1185826734,0.00134226988
4.73,0.4142422821,-0.1484931244,-0.2532657663,-0.007868386418,0.002637792114,0.999996521,0.0264142499,0.9996510828,0,0,1.176817473,1.647992247,-1.302090631,1.044230194,-0.3211781203,0.4082379995,0.2931184388,-1.132534267,1.572519117,1.343635431,1.266357166,-0.306157362,0.006677128842,-0.3508341048,0.005429607932,-0.0001628422341,-0.1541903162,0.07627641119,0.2793301865,-0.1766824873,-0.1076682025,0.01123658228,0.01146209828,-0.05057224731,-0.1167509835,0.2412537613,0.1049939827,-0.1677001836,0.008278213004,0.01610236324,0.008278213004,0.002637795173,0.04920425169,0.1715615221,0.1185826734,0.001343896169
4.74,0.4117164662,-0.148571081,-0.251893989,-0.007722768734,0.002637792114,0.999996521,0.0264142499,0.9996510828,0,0,1.176871769,1.647990619,-1.303632534,1.044992958,-0.3183848185,0.4064711746,0.2920417568,-1.132421901,1.572633738,1.343129709,1.265189656,-0.3037448244,0.007727068669,-0.3525111066,0.005855743107,-0.0001630418888,-0.1535476084,0.07658444184,0.2781851374,-0.1760087424,-0.1069223122,0.01086217447,0.01137413637,-0.05030857891,-0.115556438,0.2399117562,0.1041986694,-0.1666416036,0.008278307837,0.01613221266,0.008278307837,0.002637795173,0.04973232475,0.1711893627,0.1185826734,0.001345524591
4.75,0.40920447,-0.1486475765,-0.2505019286,-0.007576170624,0.002637792114,0.999996521,0.0264142499,0.9996510828,0,0,1.176930327,1.647988988,-1.30516801,1.045758802,-0.3156029671,0.4047110872,0.2909725337,-1.13231328,1.572747479,1.342626623,1.264034092,-0.3013457068,0.008769055364,-0.3541775226,0.006280732823,-0.0001632280566,-0.1528875133,0.07688560935,0.2770102376,-0.1753203837,-0.1061710202,0.01048497714,0.01128451951,-0.05004121098,-0.1143497403,0.2385503385,0.1033933666,-0.1655730491,0.008278411017,0.01616180924,0.008278411017,0.002637795173,0.05021182899,0.1708628498,0.1185826734,0.00134715501
4.76,0.4067064936,-0.1487226012,-0.2490900775,-0.007428615885,0.002637792114,0.999996521,0.0264142499,0.9996510828,0,0,1.176993134,1.647987356,-1.306696885,1.046527658,-0.3128328647,0.4029578833,0.2899108235,-1.13220843,1.572860325,1.342126211,1.262890594,-0.2989602034,0.00980298903,-0.3558332531,0.006704549782,-0.0001634009668,-0.1522103178,0.07718000325,0.2758060054,-0.1746177343,-0.1054145509,0.01010503875,0.01119327246,-0.04977024184,-0.1131311665,0.2371699845,0.1025782994,-0.1644948613,0.008278522524,0.01619114807,0.008278522524,0.002637795173,0.05064435437,0.1705803742,0.1185826734,0.00134878729
4.77,0.4042227327,-0.1487961457,-0.2476589367,-0.007280128735,0.002637792114,0.999996521,0.0264142499,0.9996510828,0,0,1.177060179,1.647985722,-1.308218988,1.047299458,-0.3100748047,0.401211706,0.288856678,-1.132107379,1.572972257,1.341628508,1.261759283,-0.2965885036,0.01082877202,-0.3574782017,0.007127167606,-0.0001635608553,-0.1515163178,0.07746771665,0.2745729735,-0.1739011239,-0.1046531305,0.009722409112,0.01110042079,-0.04949577137,-0.1119009987,0.2357711788,0.1017536973,-0.1634073849,0.008278642337,0.01622022426,0.008278642337,0.002637795173,0.05103149554,0.1703403223,0.1185826734,0.0013504213
4.78,0.4017533775,-0.1488682007,-0.246209016,-0.007130733815,0.002637792114,0.999996521,0.0264142499,0.9996510828,0,0,1.177131451,1.647984086,-1.309734151,1.048074135,-0.3073290749,0.3994726947,0.2878101467,-1.132010155,1.573083262,1.341133551,1.260640273,-0.2942307918,0.011846309,-0.3591122756,0.00551158293,-0.000161418796,-0.1473785849,0.077178319,0.270520311,-0.1707483993,-0.1059879815,0.01030896126,0.01139604684,-0.05034704169,-0.1112509268,0.2341504776,0.1034241816,-0.1611267616,0.008278770433,0.01624903303,0.008278770433,0.002637795173,0.05137485076,0.1701410775,0.1185826734,0.001352056909
4.79,0.3992986133,-0.1489387574,-0.2447408339,-0.006980456189,0.002637792114,0.999996521,0.0264142499,0.9996510828,0,0,1.177186567,1.647982472,-1.311207937,1.048845919,-0.3046238718,0.3977652108,0.2867502669,-1.131907066,1.573197222,1.34063008,1.259527764,-0.291889287,0.01288055081,-0.3607235432,0.005630658593,-0.0001611307116,-0.1461409502,0.07736720335,0.2688111451,-0.1696470586,-0.105528318,0.01006378746,0.01135792038,-0.0502314249,-0.110085976,0.2326870111,0.1029486903,-0.1598472288,0.008278866991,0.01627876551,0.008278866991,0.002637795173,0.05141732283,0.1698889946,0.1185826734,0.001353671097
4.8,0.39685862,-0.149007807,-0.2432549175,-0.00682932134,0.002637792114,0.999996521,0.0264142499,0.9996510828,0,0,1.177242874,1.647980861,-1.312669347,1.049619591,-0.3019357604,0.3960687402,0.2856949837,-1.131806428,1.573310801,1.340127766,1.258426904,-0.2895624169,0.01391003772,-0.3623220155,0.006062157628,-0.0001611804987,-0.1454151218,0.07763752908,0.2675045247,-0.1689058576,-0.1047408495,0.009666391781,0.01125820795,-0.04993868938,-0.1088192365,0.2312380302,0.1020786268,-0.1587418467,0.008278965909,0.01630839889,0.008278965909,0.002637795173,0.05141732283,0.1695886753,0.1185826734,0.001355282404
4.81,0.3944335722,-0.1490753411,-0.241751803,-0.006677355177,0.002637792114,0.999996521,0.0264142499,0.9996510828,0,0,1.177303495,1.647979249,-1.314123498,1.050395966,-0.2992607151,0.3943796816,0.2846475752,-1.131709764,1.573423383,1.339628379,1.257338711,-0.2872500366,0.01493082398,-0.363909434,0.006492596776,-0.0001612223266,-0.1446743519,0.07790171327,0.2661720479,-0.1681523511,-0.1039490881,0.009266448233,0.01115694739,-0.04964279718,-0.1075420107,0.2297726049,0.1011998227,-0.1576287061,0.008279073292,0.01633774444,0.008279073292,0.002637795173,0.05141732283,0.169250627,0.1185826734,0.001356894209
4.82,0.3920236394,-0.1491413514,-0.2402320348,-0.006524584027,0.002637792114,0.999996521,0.0264142499,0.9996510828,0,0,1.177368421,1.647977637,-1.315570242,1.051174983,-0.2965989946,0.3926981581,0.2836080843,-1.131617099,1.573534953,1.339131951,1.256263291,-0.2849523106,0.01594282221,-0.365485721,0.006921948845,-0.0001612564531,-0.1439189702,0.07815986536,0.2648143131,-0.1673868959,-0.1031532739,0.008864015963,0.01105416951,-0.04934385891,-0.1062546093,0.2282912623,0.1003125368,-0.1565081672,0.008279189121,0.0163667975,0.008279189121,0.002637795173,0.05141732283,0.1688764844,0.1185826734,0.001358506432
4.83,0.3896289852,-0.1492058301,-0.2386961666,-0.006371034643,0.002637792114,0.999996521,0.0264142499,0.9996510828,0,0,1.177437641,1.647976024,-1.317009431,1.051956582,-0.2939508515,0.3910242891,0.2825765516,-1.131528459,1.573645494,1.338638513,1.255200745,-0.2826693979,0.01694594758,-0.3670508027,0.007350187403,-0.0001612831408,-0.1431493145,0.07841209829,0.2634319325,-0.1666098549,-0.1023536489,0.008459155516,0.01094990599,-0.04904198674,-0.1049573487,0.2267945373,0.09941703229,-0.1553805934,0.008279313376,0.01639555344,0.008279313376,0.002637795173,0.05141732283,0.1684678798,0.1185826734,0.001360118997
4.84,0.3872497679,-0.1492687696,-0.2371447604,-0.006216734196,0.002637792114,0.999996521,0.0264142499,0.9996510828,0,0,1.177511142,1.647974411,-1.318440924,1.052740703,-0.2913165322,0.3893581906,0.2815530151,-1.131443868,1.573754994,1.338148093,1.254151172,-0.2804014526,0.0179401179,-0.3686046086,0.007777286761,-0.0001613026558,-0.1423657309,0.07865852844,0.2620255328,-0.1658215978,-0.101550457,0.00805192883,0.01084418938,-0.04873729447,-0.1036505505,0.2252829739,0.0985135769,-0.1542463522,0.008279446036,0.01642400777,0.008279446036,0.002637795173,0.05141732283,0.168026442,0.1185826734,0.001361731828
4.85,0.3848861399,-0.1493301624,-0.2355783872,-0.006061710283,0.002637792114,0.999996521,0.0264142499,0.9996510828,0,0,1.177588915,1.647972798,-1.319864582,1.053527288,-0.2886962769,0.3876999746,0.2805375105,-1.131363348,1.573863435,1.33766072,1.253114666,-0.2781486228,0.01892525367,-0.3701470722,0.006848958561,-0.0001593558908,-0.1393043043,0.07850164333,0.2588091523,-0.1633894981,-0.1021266055,0.008301969014,0.01100479428,-0.04918251422,-0.1027244819,0.2236130434,0.09927308082,-0.1522756777,0.00827958708,0.01645215605,0.00827958708,0.002637795173,0.05141732283,0.167553795,0.1185826734,0.001363344855
4.86,0.3825382481,-0.1493900015,-0.2339976264,-0.00590599092,0.002637792114,0.999996521,0.0264142499,0.9996510828,0,0,1.177657405,1.647971205,-1.321257625,1.054312304,-0.2861081853,0.3860660796,0.2795162445,-1.131280329,1.573973483,1.337168895,1.252087421,-0.2759124924,0.01991798448,-0.3716698289,0.00642526498,-0.0001581356356,-0.1370722666,0.07848672061,0.2562321212,-0.1615568794,-0.1021837266,0.008302920862,0.01106425324,-0.04934324104,-0.1016438725,0.2219838677,0.09939961496,-0.1506093473,0.008279710052,0.01648081771,0.008279710052,0.002637795173,0.05141732283,0.1673622066,0.1185826734,0.001364938413
4.87,0.3802062334,-0.14944828,-0.2324030666,-0.005749604546,0.002637792114,0.999996521,0.0264142499,0.9996510828,0,0,1.177721658,1.647969623,-1.322628347,1.055097172,-0.2835458641,0.3844505108,0.2784944072,-1.1311973,1.574084126,1.336675462,1.251070983,-0.2736926537,0.02091198063,-0.3731759224,0.006862850746,-0.0001581571456,-0.1362688553,0.07871941983,0.2547698951,-0.1607542055,-0.1013575352,0.007881546779,0.01095189035,-0.04902202981,-0.1003063788,0.2204334208,0.09845475407,-0.1494662019,0.008279824801,0.01650968187,0.008279824801,0.002637795173,0.05141732283,0.1673622066,0.1185826734,0.00136651977
4.88,0.3778902308,-0.1495049915,-0.2307953047,-0.005592580022,0.002637792114,0.999996521,0.0264142499,0.9996510828,0,0,1.177790286,1.647968042,-1.323991036,1.055884366,-0.2809981652,0.3828429688,0.2774808318,-1.131118484,1.574193645,1.336185242,1.250067919,-0.2714883195,0.02189652817,-0.3746705844,0.007299379672,-0.000158172766,-0.1354534733,0.07894693035,0.253286857,-0.1599420727,-0.1005285603,0.007458012434,0.01083816283,-0.04869842069,-0.09896063966,0.218870373,0.09750293836,-0.1483179911,0.00827994814,0.01653821996,0.00827994814,0.002637795173,0.05141732283,0.1673622066,0.1185826734,0.001368101341
4.89,0.3755903693,-0.1495601296,-0.2291749466,-0.005434946632,0.002637792114,0.999996521,0.0264142499,0.9996510828,0,0,1.17786328,1.64796646,-1.325345571,1.056673835,-0.2784652966,0.381243548,0.2764755462,-1.131043904,1.574302026,1.335698258,1.249078313,-0.2692996158,0.02287155755,-0.3761537643,0.007734823568,-0.0001581827752,-0.1346264959,0.07916938345,0.2517836936,-0.1591208757,-0.09969706176,0.00703238943,0.01072310875,-0.04837253862,-0.09760700585,0.21729531,0.09654446545,-0.1471650971,0.008280080049,0.01656642779,0.008280080049,0.002637795173,0.05141732283,0.1673622066,0.1185826734,0.001369683069
4.9,0.3733067718,-0.1496136885,-0.2275426069,-0.005276734081,0.002637792114,0.999996521,0.0264142499,0.9996510828,0,0,1.177940628,1.647964878,-1.326691836,1.057465529,-0.2759474597,0.3796523393,0.2754785756,-1.13097358,1.574409257,1.335214532,1.248102242,-0.2671266627,0.02383700221,-0.3776254153,0.008169154795,-0.000158187456,-0.1337883066,0.07938691374,0.250261105,-0.1582910154,-0.09886330171,0.00660475077,0.01060676706,-0.04804451016,-0.09624583384,0.2157088263,0.09557963764,-0.1460079059,0.008280220508,0.01659430124,0.008280220508,0.002637795173,0.05141732283,0.1673622066,0.1185826734,0.001371264897
4.91,0.371039555,-0.1496656624,-0.2258989087,-0.005117972496,0.002637792114,0.999996521,0.0264142499,0.9996510828,0,0,1.17802232,1.647963296,-1.328029719,1.058259398,-0.2734448486,0.3780694291,0.2744899426,-1.130907533,1.574515325,1.334734087,1.247139784,-0.2649695744,0.02479279858,-0.3790854944,0.00860234625,-0.0001581870947,-0.1329392961,0.07959965905,0.2487198048,-0.1574528989,-0.09802754438,0.006175170849,0.01048917754,-0.04771446355,-0.09487748556,0.2141115246,0.09460876184,-0.1448468071,0.008280369497,0.01662183631,0.008280369497,0.002637795173,0.05141732283,0.1673622066,0.1185826734,0.001372846771
4.92,0.3687888293,-0.1497160462,-0.2242444841,-0.004958692427,0.002637792114,0.999996521,0.0264142499,0.9996510828,0,0,1.178108343,1.647961714,-1.329359112,1.059055395,-0.2709576506,0.3764949001,0.2735096672,-1.130845781,1.574620217,1.334256943,1.246191009,-0.2628284592,0.0257388862,-0.3805339624,0.009034371347,-0.0001581819821,-0.1320798629,0.07980776044,0.2471605199,-0.1566069397,-0.09719005624,0.005743725443,0.01037038085,-0.04738252866,-0.09350232841,0.2125040162,0.0936321496,-0.1436821943,0.008280526994,0.01664902914,0.008280526994,0.002637795173,0.05141732283,0.1673622066,0.1185826734,0.001374428642
4.93,0.3665546989,-0.1497648347,-0.2225799739,-0.004798924843,0.002637792114,0.999996521,0.0264142499,0.9996510828,0,0,1.178198687,1.647960133,-1.33067991,1.059853472,-0.2684860454,0.3749288307,0.2725377666,-1.130788344,1.574723921,1.333783117,1.245255986,-0.260703419,0.0266752077,-0.3819707844,0.00743274984,-0.0001565699772,-0.1278387638,0.07938500217,0.2430067831,-0.1532696325,-0.09840457386,0.00631682971,0.01065959872,-0.0481836833,-0.09270257463,0.2106604937,0.09516283181,-0.1412058443,0.008280692977,0.01667587593,0.008280692977,0.002637795173,0.05141732283,0.1673622066,0.1185826734,0.001376010462
4.94,0.3643372613,-0.1498120232,-0.2209060274,-0.00463870114,0.002637792114,0.999996521,0.0264142499,0.9996510828,0,0,1.178273014,1.647958567,-1.331958298,1.060647322,-0.2660559775,0.3733961344,0.2715537209,-1.130725175,1.574830517,1.33330128,1.24432896,-0.2585968141,0.02762683602,-0.3833828428,0.007844097649,-0.0001565971606,-0.1269267991,0.07957765278,0.2413861409,-0.1523870804,-0.09758298773,0.005890307522,0.01054233128,-0.04785772201,-0.09132032417,0.2090329998,0.09419670854,-0.1400239077,0.008280827646,0.0167036349,0.008280827646,0.002637795173,0.05199542816,0.1673152043,0.1185826734,0.001377576162
4.95,0.3621366076,-0.1498576073,-0.2192233029,-0.004478053132,0.002637792114,0.999996521,0.0264142499,0.9996510828,0,0,1.178351455,1.647957001,-1.333227566,1.061443099,-0.2636421161,0.3718722636,0.270577891,-1.130666272,1.57493594,1.332822703,1.243415757,-0.2565064841,0.0285688031,-0.3847830819,0.008287305418,-0.0001566434723,-0.1260607145,0.07977635803,0.239792001,-0.1515384114,-0.09672703274,0.00544580001,0.01041731136,-0.04751183607,-0.08992291364,0.2074008387,0.09318497453,-0.1388609592,0.008280970392,0.01673105277,0.008280970392,0.002637795173,0.05260135854,0.1672906943,0.1185826734,0.001379142133
4.96,0.3599528223,-0.1499015829,-0.2175324674,-0.004317013057,0.002637792114,0.999996521,0.0264142499,0.9996510828,0,0,1.178434328,1.647955435,-1.334488173,1.062240862,-0.2612441961,0.3703568795,0.2696106207,-1.130611814,1.575040113,1.332347585,1.242516528,-0.2544324757,0.02950065285,-0.3861716915,0.008729377181,-0.0001566827931,-0.1251862626,0.07997111806,0.2381833691,-0.1506837674,-0.09587029586,0.004999718475,0.01029121976,-0.0471645785,-0.08852016978,0.205760978,0.09216873426,-0.1376961768,0.00828112184,0.01675810554,0.00828112184,0.002637795173,0.05322442376,0.1672881515,0.1185826734,0.001380708568
4.97,0.3577859831,-0.1499439463,-0.2158341964,-0.004155613574,0.002637792114,0.999996521,0.0264142499,0.9996510828,0,0,1.178521622,1.647953868,-1.335740036,1.063040574,-0.2588623624,0.3688500418,0.2686519177,-1.130561817,1.575143025,1.331875939,1.241631326,-0.2523748659,0.03042234019,-0.3875486533,0.00917028175,-0.0001567154617,-0.124303866,0.08016208693,0.2365610263,-0.1498235846,-0.09501306213,0.004552148545,0.01016410281,-0.04681609081,-0.08711248933,0.204114071,0.09114832986,-0.136529969,0.00828128197,0.0167847898,0.00828128197,0.002637795173,0.05386313576,0.1673061102,0.1185826734,0.001382275396
4.98,0.3556361609,-0.1499846941,-0.2141291744,-0.003993887765,0.002637792114,0.999996521,0.0264142499,0.9996510828,0,0,1.178613325,1.647952301,-1.336983074,1.063842194,-0.2564967522,0.367351806,0.2677017871,-1.130516296,1.575244666,1.331407778,1.240760201,-0.2503337252,0.03133382349,-0.3889139529,0.009515548284,-0.0001565435098,-0.123323949,0.08011899591,0.2348305853,-0.1488177237,-0.09418280884,0.004162756188,0.01004804706,-0.04647267937,-0.08585819614,0.2024490744,0.09021710676,-0.1353878382,0.008281450761,0.01681110229,0.008281450761,0.002637795173,0.05451602232,0.1673431184,0.1185826734,0.001383842551
4.99,0.3535034198,-0.1500238231,-0.2124180945,-0.003831869132,0.002637792114,0.999996521,0.0264142499,0.9996510828,0,0,1.17870848,1.647950735,-1.338216314,1.064643384,-0.2541484463,0.3658636287,0.266759959,-1.130474668,1.575345147,1.330943051,1.239901619,-0.2483092345,0.03223599456,-0.3902678313,0.009900664367,-0.0001564145509,-0.1223779534,0.08017209125,0.2331316953,-0.1478679214,-0.09334021403,0.003746907673,0.009926079137,-0.04612566757,-0.08453309916,0.2007834385,0.0892432623,-0.1342339992,0.008281626349,0.01683707958,0.008281626349,0.002637795173,0.0551582093,0.1673743204,0.1185826734,0.001385407986
5,0.3513878168,-0.1500613306,-0.2107016585,-0.003669591602,0.002637792114,0.999996521,0.0264142499,0.9996510828,0,0,1.178807487,1.647949171,-1.339440093,1.065445105,-0.2518171294,0.3643849495,0.2658265568,-1.130437199,1.575444408,1.330481795,1.239056288,-0.2463014001,0.03312842718,-0.3916101713,0.01034534617,-0.0001564018483,-0.1214835837,0.08037019377,0.2314831703,-0.1470043986,-0.09248038722,0.003291584879,0.00979551583,-0.04577389454,-0.08310289451,0.1991203038,0.08820661537,-0.1330637943,0.008281809517,0.01686270223,0.008281809517,0.002637795173,0.05576848833,0.1673785243,0.1185826734,0.001386972131
5.01,0.3492894021,-0.1500972142,-0.208980577,-0.003507089522,0.002637792114,0.999996521,0.0264142499,0.9996510828,0,0,1.178910941,1.647947607,-1.340654929,1.066248807,-0.2495022977,0.3629149055,0.264901753,-1.130404283,1.575542363,1.330024056,1.238225259,-0.244310197,0.03401049333,-0.3929408093,0.009084800278,-0.0001538494288,-0.1177773218,0.08001906273,0.2277513144,-0.1440228705,-0.09333086324,0.00369662081,0.01001599205,-0.04637662491,-0.08215324926,0.1972558584,0.0892813028,-0.1307415997,0.008282001425,0.01688794192,0.008282001425,0.002637795173,0.05635581052,0.1673646953,0.1185826734,0.00138853615
5.02,0.3472082184,-0.1501314718,-0.2072555693,-0.003344397661,0.002637792114,0.999996521,0.0264142499,0.9996510828,0,0,1.179001789,1.647946068,-1.341832702,1.067048998,-0.2472247845,0.3614746768,0.2639684443,-1.130367317,1.575642523,1.329560289,1.237403727,-0.2423376385,0.03490330636,-0.3942482253,0.009337142829,-0.0001535516254,-0.1165566481,0.08014936638,0.2258485995,-0.1429170082,-0.09266319583,0.00333463399,0.00992304175,-0.04612951988,-0.08077069388,0.1955632092,0.08847373191,-0.1294443172,0.008282168774,0.01691388438,0.008282168774,0.002637795173,0.05644531029,0.1673622066,0.1185826734,0.001390074644
5.03,0.3451443014,-0.1501641016,-0.2055273635,-0.003181551212,0.002637792114,0.999996521,0.0264142499,0.9996510828,0,0,1.17909516,1.647944533,-1.342998269,1.067850492,-0.2449662985,0.3600455068,0.2630418124,-1.13033397,1.575741753,1.329098994,1.23659602,-0.2403820064,0.03578804368,-0.3955426684,0.00979299717,-0.0001535577698,-0.1156679637,0.08034242087,0.2241862187,-0.1420625689,-0.09179124591,0.002868067196,0.009787020753,-0.0457672052,-0.07932743189,0.1938912807,0.0874098517,-0.1282867723,0.008282341107,0.01693956022,0.008282341107,0.002637795173,0.05649106798,0.1673622066,0.1185826734,0.00139161016
5.04,0.3430976793,-0.1501951024,-0.2037966963,-0.003018585787,0.002637792114,0.999996521,0.0264142499,0.9996510828,0,0,1.17919309,1.647942997,-1.344154949,1.068653916,-0.2427244363,0.3586248811,0.2621238999,-1.13030529,1.575839623,1.328641322,1.235802746,-0.2384430936,0.0366621422,-0.3968255362,0.01024746401,-0.0001535630079,-0.114774521,0.08053279309,0.2225160101,-0.1412058199,-0.09092086104,0.002400621192,0.009650285533,-0.04540470699,-0.07788208075,0.1922170797,0.08634429201,-0.1271308472,0.008282522399,0.01696483605,0.008282522399,0.002637795173,0.05655075602,0.1673622066,0.1185826734,0.001393145738
5.05,0.3410683732,-0.1502244731,-0.2020643133,-0.002855537423,0.002637792114,0.999996521,0.0264142499,0.9996510828,0,0,1.179295565,1.647941462,-1.345302694,1.069459244,-0.2404992762,0.3572128229,0.2612146913,-1.130281284,1.575936126,1.328187275,1.235023925,-0.2365209228,0.03752558512,-0.3980968446,0.01070050592,-0.000153567665,-0.1138767851,0.08072065518,0.2208388427,-0.1403472353,-0.09005235462,0.001932396925,0.009512890963,-0.04504218419,-0.07643508587,0.1905413272,0.08527744217,-0.1259769782,0.008282712624,0.01698970946,0.008282712624,0.002637795173,0.05662304244,0.1673622066,0.1185826734,0.001394681368
5.06,0.3390563963,-0.150252213,-0.2003309687,-0.002692442577,0.002637792114,0.999996521,0.0264142499,0.9996510828,0,0,1.17940257,1.647939926,-1.346441462,1.07026645,-0.2382908878,0.3558093505,0.2603141678,-1.13026196,1.576031255,1.327736853,1.234259574,-0.2346155095,0.03837835954,-0.3993566144,0.01115208546,-0.00015357207,-0.1129752273,0.08090618195,0.2191555967,-0.1394872946,-0.089186043,0.001463496694,0.009374892719,-0.0446797975,-0.07498689811,0.1888647524,0.08420969622,-0.124825606,0.008282911756,0.01701417823,0.008282911756,0.002637795173,0.05670661408,0.1673622066,0.1185826734,0.001396217045
5.07,0.3370617545,-0.1502783219,-0.1985974254,-0.002529338129,0.002637792114,0.999996521,0.0264142499,0.9996510828,0,0,1.17951409,1.64793839,-1.347571214,1.071075512,-0.2360993318,0.3544144776,0.2594223073,-1.130247325,1.576125004,1.327290055,1.233509705,-0.232726862,0.0392204565,-0.4006048705,0.01160216517,-0.0001535765561,-0.1120703256,0.08108955079,0.2174671645,-0.1386264834,-0.08832224552,0.0009940241387,0.009236347269,-0.04431770943,-0.07353797373,0.1871880933,0.0831414529,-0.1236771755,0.008283119766,0.01703824025,0.008283119766,0.002637795173,0.05680017716,0.1673622066,0.1185826734,0.001397752765
5.08,0.3350844459,-0.1503027999,-0.1968644552,-0.002366261381,0.002637792114,0.999996521,0.0264142499,0.9996510828,0,0,1.179630112,1.647936855,-1.348691917,1.071886408,-0.2339246602,0.3530282127,0.2585390849,-1.130237384,1.576217368,1.326846878,1.232774325,-0.230854981,0.04005187103,-0.4018416422,0.01205070753,-0.0001535814596,-0.111162564,0.08127094168,0.2157744495,-0.1377652929,-0.08746128453,0.0005240842236,0.009097311864,-0.04395608424,-0.07208877443,0.185512096,0.08207311562,-0.1225321361,0.008283336628,0.01706189362,0.008283336628,0.002637795173,0.05690245792,0.1673622066,0.1185826734,0.001399288531
5.09,0.3331244608,-0.1503256473,-0.1951328385,-0.002203250055,0.002637792114,0.999996521,0.0264142499,0.9996510828,0,0,1.179750619,1.647935319,-1.349803543,1.072699117,-0.2317669157,0.3516505598,0.257664472,-1.130232144,1.576308341,1.326407317,1.232053437,-0.2289998601,0.04087260219,-0.4030669636,0.01210767033,-0.0001530393074,-0.1096150505,0.08131988219,0.2136242128,-0.1364137794,-0.086990375,0.0002543904114,0.009039364095,-0.04381584028,-0.07074950119,0.1837922236,0.08148932218,-0.1211161974,0.008283562311,0.01708513659,0.008283562311,0.002637795173,0.05701220306,0.1673622066,0.1185826734,0.001400824346
5.1,0.3311817819,-0.1503468652,-0.1934033644,-0.002040342299,0.002637792114,0.999996521,0.0264142499,0.9996510828,0,0,1.179871696,1.647933788,-1.350899693,1.073512316,-0.2296306736,0.350286422,0.2567945683,-1.1302296,1.576398734,1.325969159,1.231345942,-0.2271619378,0.04168749541,-0.4042781256,0.01120024897,-0.0001511587926,-0.1064916505,0.08104447397,0.2103494162,-0.133852203,-0.08747807689,0.000479530007,0.009182332403,-0.0442211503,-0.06968180587,0.1819628805,0.08210129574,-0.1190263694,0.008283789165,0.01710822016,0.008283789165,0.002637795173,0.05711105229,0.1672558859,0.1185826734,0.001402354739
5.11,0.3292563838,-0.1503664547,-0.1916768308,-0.00187757668,0.002637792114,0.999996521,0.0264142499,0.9996510828,0,0,1.179983698,1.647932277,-1.35196461,1.074322761,-0.2275271794,0.3489479,0.2559197875,-1.130224804,1.576490558,1.325526947,1.230649124,-0.225342309,0.04250850837,-0.4054683893,0.01165928494,-0.0001512074618,-0.1056025087,0.08122587608,0.2086657908,-0.1330121992,-0.08661243903,7.461113949e-07,0.009039045206,-0.04385295218,-0.0682303247,0.1802954429,0.08101561276,-0.1179051102,0.008283998342,0.0171317668,0.008283998342,0.002637795173,0.05715023122,0.1667861204,0.1185826734,0.001403866327
5.12,0.3273482328,-0.1503844173,-0.1899540443,-0.001714992188,0.002637792114,0.999996521,0.0264142499,0.9996510828,0,0,1.180100291,1.647930765,-1.353020635,1.075135019,-0.2254405215,0.347617778,0.2550536631,-1.130224797,1.576580948,1.325088418,1.229966821,-0.2235393546,0.04331866449,-0.4066474404,0.01211663663,-0.000151255086,-0.1047126365,0.08140609094,0.2069818336,-0.1321738382,-0.08575094539,-0.0004780445289,0.008895492943,-0.04348593285,-0.06678046278,0.1786317024,0.0799315654,-0.116789077,0.008284216544,0.01715488939,0.008284216544,0.002637795173,0.05718615658,0.1663283822,0.1185826734,0.001405378401
5.13,0.3254572877,-0.1504007552,-0.1882358204,-0.001552628234,0.002637792114,0.999996521,0.0264142499,0.9996510828,0,0,1.180221458,1.647929252,-1.354067761,1.07594908,-0.2233707032,0.3462960396,0.2541961537,-1.130229577,1.576669903,1.324653559,1.229299017,-0.2217530376,0.04411798015,-0.4078153311,0.01257225757,-0.0001513020621,-0.1038225328,0.0815853071,0.2052984903,-0.1313376294,-0.0848939425,-0.0009567268346,0.008751738512,-0.04312026943,-0.06533271094,0.1769724471,0.07884958912,-0.1156787363,0.00828444374,0.01717758684,0.00828444374,0.002637795173,0.05721883239,0.165881489,0.1185826734,0.001406890952
5.14,0.3235834985,-0.1504154708,-0.186522983,-0.001390524653,0.002637792114,0.999996521,0.0264142499,0.9996510828,0,0,1.18034718,1.647927739,-1.355105987,1.076764933,-0.2213177183,0.3449826633,0.2533472143,-1.130239145,1.57675742,1.324222356,1.228645689,-0.2199833131,0.04490647604,-0.4089721185,0.01302610098,-0.0001513487916,-0.1029327022,0.08176371534,0.2036167172,-0.1305040882,-0.08404178035,-0.001435184436,0.008607845546,-0.0427561409,-0.06388756531,0.1753184736,0.07777012405,-0.1145745591,0.008284679897,0.01719985823,0.008284679897,0.002637795173,0.05724826346,0.1654442783,0.1185826734,0.001408403973
5.15,0.3217268073,-0.1504285667,-0.1848163651,-0.0012287217,0.002637792114,0.999996521,0.0264142499,0.9996510828,0,0,1.180477441,1.647926226,-1.356135314,1.07758257,-0.2192815511,0.3436776224,0.2525067964,-1.130253496,1.576843499,1.323794795,1.228006814,-0.2182301284,0.04568417728,-0.4101178641,0.0134781197,-0.0001513956805,-0.1020436547,0.08194150865,0.2019374814,-0.1296737351,-0.0831948124,-0.001913299687,0.0084638784,-0.04239372809,-0.06244552734,0.173670587,0.07669361504,-0.1134770211,0.008284924983,0.01722170282,0.008284924983,0.002637795173,0.05727445539,0.1650156077,0.1185826734,0.001409917461
5.16,0.3198871476,-0.1504400463,-0.1831168081,-0.001067260054,0.002637792114,0.999996521,0.0264142499,0.9996510828,0,0,1.180612222,1.647924712,-1.35715575,1.078401986,-0.2172621763,0.3423808851,0.2516748483,-1.130272629,1.576928138,1.323370857,1.227382359,-0.2164934225,0.04645111343,-0.4112526343,0.01392826616,-0.0001514431393,-0.101155906,0.08211888214,0.2002617602,-0.1288470963,-0.08235339564,-0.002390953675,0.008319902133,-0.04203321371,-0.06100710376,0.1720296007,0.0756205116,-0.112386603,0.008285178963,0.01724312006,0.008285178963,0.002637795173,0.05729741461,0.1645943551,0.1185826734,0.001411431417
5.17,0.3180644447,-0.1504499132,-0.1814251623,-0.0009061808141,0.002637792114,0.999996521,0.0264142499,0.9996510828,0,0,1.180751505,1.647923197,-1.358167309,1.079223174,-0.2152595587,0.3410924141,0.2508513144,-1.130296539,1.577011337,1.322950525,1.226772287,-0.2147731265,0.04720731854,-0.4123765003,0.01437649237,-0.0001514915828,-0.1002699772,0.08229603304,0.1985905412,-0.1280247034,-0.08151789065,-0.002868026238,0.008175982505,-0.04167478232,-0.05957280658,0.1703963365,0.07455126792,-0.11130379,0.008285441802,0.01726410961,0.008285441802,0.002637795173,0.05731714835,0.1641794191,0.1185826734,0.001412945849
5.18,0.3162586152,-0.1504581714,-0.1797422867,-0.0007455255029,0.002637792114,0.999996521,0.0264142499,0.9996510828,0,0,1.18089527,1.647921682,-1.359170009,1.080046135,-0.2132736533,0.3398121671,0.2500361355,-1.130325219,1.577093096,1.322533777,1.226176559,-0.2130691631,0.04795283122,-0.4134895382,0.01482274988,-0.0001515414299,-0.09938639481,0.08247316064,0.1969248223,-0.1272070935,-0.08068866166,-0.003344395978,0.008032185952,-0.0413186204,-0.05814315303,0.1687716248,0.07348634281,-0.1102290726,0.008285713463,0.0172846713,0.008285713463,0.002637795173,0.05733366467,0.1637697192,0.1185826734,0.001414460765
5.19,0.3144695669,-0.1504648253,-0.1780690491,-0.0005853360643,0.002637792114,0.999996521,0.0264142499,0.9996510828,0,0,1.181043497,1.647920167,-1.360163873,1.080870866,-0.211304405,0.3385400961,0.2492292488,-1.130358663,1.577173418,1.322120591,1.225595128,-0.2113814469,0.04868769465,-0.4145918289,0.0139640408,-0.0001504066842,-0.09639276582,0.08219810332,0.193816208,-0.1247305917,-0.08114946613,-0.003284443771,0.008739293157,-0.04076685636,-0.05708070172,0.1661604545,0.0741803773,-0.1075344396,0.00828599391,0.01730480517,0.00828599391,0.002637795173,0.05734697248,0.1633641961,0.1185826734,0.001415976179
5.2,0.3126971991,-0.1504698798,-0.176406326,-0.0004256548643,0.002637792114,0.999996521,0.0264142499,0.9996510828,0,0,1.181183138,1.647918663,-1.361127801,1.081692847,-0.209366243,0.3372927902,0.2484177542,-1.130391508,1.577260811,1.321712923,1.225024321,-0.2097198423,0.04942949842,-0.4156671733,0.01414455125,-0.0001502193489,-0.09509103312,0.08228489608,0.191873225,-0.1235899753,-0.0805916403,-0.003651513181,0.008766756809,-0.04037601047,-0.05573462576,0.1643554491,0.07347767508,-0.1061504179,0.00828625758,0.01732731702,0.00828625758,0.002637795173,0.05769723999,0.163223239,0.1185826734,0.001417480246
5.21,0.3109414024,-0.1504733402,-0.1747550025,-0.0002665246911,0.002637792114,0.999996521,0.0264142499,0.9996510828,0,0,1.181324583,1.647917161,-1.362078711,1.082515696,-0.2074475107,0.3360568905,0.2476118378,-1.130428023,1.577348479,1.321309162,1.224466975,-0.2080762878,0.05016427518,-0.4167286775,0.01459925141,-0.0001502881755,-0.09424140524,0.08246823524,0.1902463,-0.1228086992,-0.07976904057,-0.004131058084,0.008614161463,-0.04003001517,-0.05431799422,0.1627726781,0.07240875546,-0.1051213034,0.008286524829,0.01734996464,0.008286524829,0.002637795173,0.05811134383,0.1631343444,0.1185826734,0.001418982439
5.22,0.3092020581,-0.1504752123,-0.1731159725,-0.0001079887548,0.002637792114,0.999996521,0.0264142499,0.9996510828,0,0,1.181470576,1.647915658,-1.363021125,1.083340379,-0.2055450477,0.3348288035,0.2468141474,-1.130469333,1.57743462,1.320908862,1.223923795,-0.2064485611,0.05088836273,-0.4177798906,0.01505170203,-0.0001503622985,-0.09339623904,0.08265237615,0.1886290428,-0.122034298,-0.07895428468,-0.004609358066,0.008462037919,-0.0396870528,-0.05290814067,0.1612017519,0.07134621225,-0.1041021523,0.00828680103,0.01737215374,0.00828680103,0.002637795173,0.05851796639,0.1630426818,0.1185826734,0.001420485321
5.23,0.3074790389,-0.1504755021,-0.1714901388,4.990931235e-05,0.002637792114,0.999996521,0.0264142499,0.9996510828,0,0,1.181621093,1.647914154,-1.363955087,1.084166902,-0.2036587573,0.3336084605,0.2460246045,-1.130515427,1.577519241,1.320511992,1.223394713,-0.2048365435,0.05160182485,-0.4188209121,0.01550184298,-0.0001504420948,-0.09255607024,0.08283752364,0.1870224864,-0.1212673246,-0.0781477648,-0.005086282364,0.008310461044,-0.03934731769,-0.05150561096,0.1596435373,0.07029053766,-0.1030934704,0.008287086139,0.01739388543,0.008287086139,0.002637795173,0.05891810518,0.1629492122,0.1185826734,0.001421988944
5.24,0.3057722083,-0.1504742163,-0.1698784127,0.0002071254562,0.002637792114,0.999996521,0.0264142499,0.9996510828,0,0,1.181776111,1.64791265,-1.364880648,1.084995278,-0.2017885324,0.3323957873,0.2452431269,-1.13056629,1.577602345,1.320118519,1.222879657,-0.2032401082,0.05230473023,-0.4198518468,0.01594961335,-0.000150527945,-0.09172143935,0.08302388426,0.185427673,-0.1205083371,-0.07734987714,-0.005561699031,0.008159506358,-0.03901100609,-0.05011095609,0.158098909,0.06924222855,-0.1020957688,0.008287380112,0.01741516105,0.008287380112,0.002637795173,0.05931273757,0.1628548738,0.1185826734,0.001423493365
5.25,0.3040814206,-0.150471362,-0.1682817143,0.0003636152006,0.002637792114,0.999996521,0.0264142499,0.9996510828,0,0,1.181935608,1.647911144,-1.365797862,1.085825517,-0.1999342557,0.3311907039,0.2444696281,-1.130621907,1.57768394,1.319728409,1.222378548,-0.2016591191,0.05299715252,-0.4208728045,0.01639495147,-0.0001506202332,-0.09089289159,0.08321166623,0.1838456544,-0.1197578986,-0.07656102202,-0.006035474944,0.008009250016,-0.03867831618,-0.04872473219,0.1565687504,0.06820178644,-0.1011095636,0.008287682905,0.01743598213,0.008287682905,0.002637795173,0.05970282072,0.1627605822,0.1185826734,0.001424998644
5.26,0.3024065208,-0.1504669466,-0.1667009726,0.0005193336472,0.002637792114,0.999996521,0.0264142499,0.9996510828,0,0,1.182099557,1.647909638,-1.366706791,1.086657633,-0.1980957991,0.3299931249,0.2437040179,-1.130682262,1.577764033,1.319341625,1.2218913,-0.2000934316,0.05367917038,-0.4218839001,0.01683779487,-0.0001507193473,-0.09007097685,0.08340107942,0.1822774914,-0.1190165776,-0.07578160393,-0.006507475821,0.007859768798,-0.03834944804,-0.04734750049,0.1550539528,0.06716971751,-0.1001353765,0.008287994471,0.01745635047,0.008287994471,0.002637795173,0.0600892916,0.1626672299,0.1185826734,0.001426504847
5.27,0.3007473448,-0.1504609781,-0.165137125,0.0006742354757,0.002637792114,0.999996521,0.0264142499,0.9996510828,0,0,1.182267935,1.647908131,-1.367607501,1.087491644,-0.1962730242,0.3288029591,0.2429462018,-1.130747336,1.577842631,1.318958131,1.221417825,-0.198542892,0.05435086755,-0.4228852539,0.01727808021,-0.0001508256789,-0.08925624956,0.08359233524,0.1807242536,-0.1182849475,-0.07501203157,-0.006977566232,0.007711140094,-0.03802460369,-0.04597982733,0.1535554161,0.06614653256,-0.09917373442,0.008288314762,0.01747626806,0.008288314762,0.002637795173,0.060473067,0.1625756866,0.1185826734,0.00142801204
5.28,0.2991037189,-0.1504534648,-0.1635911179,0.0008282749438,0.002637792114,0.999996521,0.0264142499,0.9996510828,0,0,1.182440716,1.647906623,-1.368500064,1.088327567,-0.1944657817,0.3276201097,0.2421960815,-1.130817112,1.577919742,1.318577885,1.220958027,-0.1970073379,0.05501233288,-0.4238769912,0.01771574328,-0.0001509396228,-0.08844926869,0.08378564667,0.1791870198,-0.1175635872,-0.07425271792,-0.007445609618,0.007563441892,-0.03770398707,-0.04462228408,0.1520740482,0.06513274702,-0.09822516996,0.00828864373,0.01749573716,0.00828864373,0.002637795173,0.06085504358,0.1624867992,0.1185826734,0.001429520297
5.29,0.2974754598,-0.1504444156,-0.1620639064,0.0009814058871,0.002637792114,0.999996521,0.0264142499,0.9996510828,0,0,1.182617873,1.647905113,-1.369384556,1.089165424,-0.1926739115,0.3264444738,0.2414535544,-1.130891568,1.577995376,1.318200845,1.220511804,-0.1954865974,0.05566366035,-0.4248592429,0.01741005169,-0.000149909018,-0.0864604182,0.08371471551,0.176883093,-0.1158930575,-0.07422755323,-0.007343956276,0.006913555339,-0.0389009153,-0.04347852148,0.1514962422,0.06490057866,-0.09749619621,0.008288981324,0.01751476022,0.008288981324,0.002637795173,0.06123609794,0.162401392,0.1185826734,0.001431029693
5.3,0.2958623749,-0.1504338398,-0.1605564542,0.001133581719,0.002637792114,0.999996521,0.0264142499,0.9996510828,0,0,1.182791974,1.647903614,-1.370249161,1.090002571,-0.1909050806,0.3252855432,0.2407112788,-1.130965008,1.578064512,1.317811836,1.220077019,-0.193971635,0.05631266614,-0.4258342049,0.01718013636,-0.0001490088644,-0.08460699061,0.08367465105,0.174681045,-0.1143357443,-0.07413678117,-0.007300013425,0.006317860085,-0.03994228684,-0.04232447981,0.1508435934,0.06459717696,-0.09675976184,0.008289313007,0.01753159294,0.008289313007,0.002637795173,0.06141732261,0.1623622114,0.1185826734,0.001432528783
5.31,0.2942642616,-0.1504217473,-0.1590697338,0.001284755432,0.002637792114,0.999996521,0.0264142499,0.9996510828,0,0,1.182963775,1.647902124,-1.37109523,1.090839317,-0.1891582701,0.3241421858,0.239969911,-1.131038008,1.578127691,1.317412413,1.219653774,-0.192463199,0.05695863791,-0.4268018025,0.01762265233,-0.0001491682146,-0.08384825446,0.08388032615,0.1732131466,-0.1136656947,-0.07339795768,-0.007770928019,0.006181963008,-0.03960915167,-0.04099715557,0.1494036307,0.06360127843,-0.09585036247,0.00828964026,0.01754642376,0.00828964026,0.002637795173,0.06141732261,0.1623622114,0.1185826734,0.001434018872
5.32,0.2926809078,-0.1504081482,-0.1576047265,0.001434879595,0.002637792114,0.999996521,0.0264142499,0.9996510828,0,0,1.183140002,1.647900633,-1.371933713,1.091678121,-0.1874261386,0.3230055288,0.2392359314,-1.131115717,1.57818951,1.317016321,1.219243803,-0.1909691627,0.05759465069,-0.4277603061,0.01806210792,-0.0001493364906,-0.08309934638,0.0840888884,0.1717656019,-0.1130080548,-0.07267125681,-0.008239076481,0.006047142557,-0.03928148134,-0.03968233626,0.1479847639,0.06261709741,-0.09495632272,0.008289976233,0.01756084847,0.008289976233,0.002637795173,0.06141732261,0.1623622114,0.1185826734,0.001435510554
5.33,0.2911120914,-0.1503930534,-0.1561624223,0.001583906355,0.002637792114,0.999996521,0.0264142499,0.9996510828,0,0,1.183320623,1.647899139,-1.372764706,1.09251901,-0.1857084826,0.3218754483,0.2385092189,-1.131198108,1.578249982,1.316623507,1.218846979,-0.1894893151,0.05822082166,-0.4287098693,0.01849842466,-0.0001495140919,-0.08236082943,0.08430055355,0.1703395189,-0.1123634166,-0.07195712287,-0.008704310462,0.005913474706,-0.03895950732,-0.03838062107,0.1465879531,0.06164518114,-0.09407820467,0.008290320868,0.01757486985,0.008290320868,0.002637795173,0.06141732261,0.1623622114,0.1185826734,0.001437003919
5.34,0.2895575804,-0.1503764739,-0.1547438198,0.001731787438,0.002637792114,0.999996521,0.0264142499,0.9996510828,0,0,1.183505607,1.647897644,-1.373588315,1.093362015,-0.1840050874,0.3207518141,0.2377896476,-1.131285151,1.578309116,1.316233912,1.218463173,-0.1880234356,0.05883727348,-0.4296506514,0.01893152293,-0.0001497014219,-0.08163327065,0.08451553854,0.1689360136,-0.1117323768,-0.07125600482,-0.009166480499,0.005781035884,-0.0386434632,-0.03709261418,0.145214167,0.06068608149,-0.09321657628,0.008290674104,0.01758849093,0.008290674104,0.002637795173,0.06141732261,0.1623622114,0.1185826734,0.00143849906
5.35,0.2880171326,-0.1503584216,-0.1533499265,0.001878474148,0.002637792114,0.999996521,0.0264142499,0.9996510828,0,0,1.183694922,1.647896147,-1.374404647,1.094207171,-0.1823157273,0.3196344903,0.2370770876,-1.131376816,1.578366927,1.315847477,1.218092247,-0.1865712939,0.05944413429,-0.4305828172,0.01936132196,-0.0001498988871,-0.08091724104,0.08473406151,0.1675562103,-0.1111155372,-0.07056835633,-0.009625436026,0.005649902962,-0.0383335847,-0.03581892468,0.1438643826,0.05974035496,-0.0923720115,0.00829103588,0.01760171494,0.00829103588,0.002637795173,0.06141732261,0.1623622114,0.1185826734,0.001439996074
5.36,0.2864904961,-0.1503389086,-0.1519817585,0.002023917366,0.002637792114,0.999996521,0.0264142499,0.9996510828,0,0,1.183888535,1.647894648,-1.37521382,1.095054511,-0.1806401652,0.318523335,0.236371404,-1.13147307,1.578423426,1.315464141,1.217734058,-0.1851326501,0.06004153784,-0.4315065373,0.01978773975,-0.0001501068977,-0.08021331545,0.08495634176,0.1662012412,-0.1105135045,-0.06989463582,-0.01008102539,0.005520153236,-0.03803010972,-0.03456016662,0.1425395851,0.05880856267,-0.0915450903,0.008291406132,0.01761454535,0.008291406132,0.002637795173,0.06141732261,0.1623622114,0.1185826734,0.001441495063
5.37,0.2849774083,-0.1503179476,-0.1506403408,0.002168067551,0.002637792114,0.999996521,0.0264142499,0.9996510828,0,0,1.184086413,1.647893147,-1.376015953,1.095904075,-0.1789781528,0.3174181999,0.2356724577,-1.13157388,1.578478627,1.31508384,1.217388456,-0.1837072542,0.06062962347,-0.4324219882,0.02021069311,-0.0001503258674,-0.07952207259,0.08518259967,0.1648722464,-0.1099268902,-0.06923530652,-0.01053309585,0.005391864413,-0.03773327829,-0.03331695892,0.1412407679,0.0578912703,-0.09073639873,0.008291784795,0.01762698586,0.008291784795,0.002637795173,0.06141732261,0.1623622114,0.1185826734,0.001442996132
5.38,0.2834775967,-0.1502955517,-0.149326707,0.002310874741,0.002637792114,0.999996521,0.0264142499,0.9996510828,0,0,1.18428852,1.647891644,-1.376811174,1.096755901,-0.1773294303,0.316318931,0.2349801046,-1.131679211,1.578532546,1.314706507,1.217055286,-0.1822948465,0.06120853617,-0.4333293522,0.02063009758,-0.0001505562135,-0.07884409488,0.0854130567,0.1635703741,-0.1093563106,-0.06859083652,-0.01098149361,0.005265114603,-0.0374433326,-0.03208992538,0.1399689329,0.05698904816,-0.08994652898,0.008292171802,0.01763904041,0.008292171802,0.002637795173,0.06141732261,0.1623622114,0.1185826734,0.001444499391
5.39,0.2819907781,-0.1502717347,-0.1480418994,0.002452288551,0.002637792114,0.999996521,0.0264142499,0.9996510828,0,0,1.184494821,1.647890138,-1.377599615,1.097610031,-0.1756937266,0.3152253679,0.2342941962,-1.131789026,1.578585197,1.314332074,1.216734387,-0.1808951572,0.06177842665,-0.4342288175,0.02104586742,-0.0001507983566,-0.07817996849,0.08564793532,0.16229678,-0.1088023868,-0.06796169877,-0.01142606381,0.005139982301,-0.03716051701,-0.03087969469,0.1387250902,0.05610247112,-0.08917607947,0.008292567085,0.01765071314,0.008292567085,0.002637795173,0.06141732261,0.1623622114,0.1185826734,0.001446004953
5.4,0.2805166591,-0.1502465108,-0.1467869691,0.002592258175,0.002637792114,0.999996521,0.0264142499,0.9996510828,0,0,1.184705279,1.64788863,-1.378381414,1.09846651,-0.1740707588,0.314137344,0.2336145792,-1.131903287,1.578636597,1.313960469,1.21642559,-0.1795079063,0.06233945136,-0.4351205782,0.02128694955,-0.0001507943178,-0.07725770561,0.08582409661,0.160880945,-0.1080406325,-0.06751383695,-0.01179339003,0.005131407811,-0.03685756039,-0.02973333834,0.1373763934,0.05546379021,-0.08819899166,0.008292970575,0.01766200845,0.008292970575,0.002637795173,0.06141732261,0.1623622114,0.1185826734,0.001447512936
5.41,0.2790549356,-0.1502198945,-0.1455629759,0.002730732383,0.002637792114,0.999996521,0.0264142499,0.9996510828,0,0,1.184918149,1.647887122,-1.379153991,1.099324751,-0.1724619493,0.3130569377,0.2329394409,-1.132021221,1.578687911,1.313591893,1.216128257,-0.1781341424,0.06289408927,-0.4360025682,0.02061373175,-0.0001494139581,-0.07489931344,0.08566789573,0.1585822656,-0.1060979151,-0.06796343593,-0.01176637035,0.005736424591,-0.03641574601,-0.0288523178,0.1353445537,0.05607603452,-0.08603522142,0.00829337885,0.01767330955,0.00829337885,0.002637795173,0.0614223084,0.1623622114,0.1185826734,0.00144902088
5.42,0.2776052929,-0.1501919013,-0.1443709884,0.002867659525,0.002637792114,0.999996521,0.0264142499,0.9996510828,0,0,1.185124286,1.647885628,-1.379902985,1.10018143,-0.1708761267,0.3119959586,0.2322598065,-1.132138884,1.578745275,1.313227736,1.215839734,-0.1767806968,0.06345484961,-0.4368629204,0.02102850507,-0.0001496862623,-0.07429778413,0.08592163401,0.1574125534,-0.1056114265,-0.06737302791,-0.01220289399,0.005609818555,-0.03615760548,-0.02769339517,0.1341984946,0.05522636379,-0.08534013483,0.00829377401,0.01768663761,0.00829377401,0.002637795173,0.0614535517,0.1623622114,0.1185826734,0.001450515019
5.43,0.2761674055,-0.1501625467,-0.1432120839,0.003002987529,0.002637792114,0.999996521,0.0264142499,0.9996510828,0,0,1.185334571,1.647884131,-1.380645962,1.101040647,-0.1693020011,0.3109398443,0.2315860762,-1.132260913,1.578801373,1.31286616,1.2155628,-0.1754387119,0.06400711325,-0.4377163217,0.02143901267,-0.0001499703327,-0.07371209679,0.08618061306,0.1562756304,-0.105143762,-0.06680015672,-0.01263483712,0.00548534414,-0.03590755667,-0.02655390814,0.1330843067,0.0543950905,-0.08466653904,0.008294177355,0.01769958017,0.008294177355,0.002637795173,0.0614747926,0.1623622114,0.1185826734,0.001452011882
5.44,0.2747409373,-0.150131847,-0.1420873483,0.003136663899,0.002637792114,0.999996521,0.0264142499,0.9996510828,0,0,1.185548961,1.647882632,-1.381383083,1.101902453,-0.1677392448,0.3098884067,0.2309180747,-1.132387262,1.578856227,1.312507084,1.215297261,-0.1741078688,0.06455106415,-0.4385629871,0.02184515213,-0.0001502666334,-0.07314283801,0.08644505558,0.155172677,-0.1046955536,-0.06624533011,-0.01306203568,0.005363087885,-0.03566585306,-0.0254345123,0.1320030346,0.05358282461,-0.0840150518,0.008294588804,0.01771214321,0.008294588804,0.002637795173,0.06148549029,0.1623622114,0.1185826734,0.001453511585
5.45,0.273325541,-0.1500998191,-0.1409978765,0.003268635719,0.002637792114,0.999996521,0.0264142499,0.9996510828,0,0,1.185767413,1.647881129,-1.382114512,1.102766903,-0.1661875181,0.3088414511,0.2302556214,-1.132517882,1.578909858,1.312150425,1.215042915,-0.1727878385,0.0650868924,-0.4394031376,0.02224681955,-0.0001505756308,-0.07259059773,0.08671518505,0.1541048812,-0.1042674382,-0.06570906106,-0.0134843246,0.005243136702,-0.03543275031,-0.02433586802,0.1309557308,0.0527901807,-0.0833862973,0.008295008273,0.01772433298,0.008295008273,0.002637795173,0.06148512106,0.1623622114,0.1185826734,0.001455014251
5.46,0.2719208585,-0.1500664802,-0.1399447719,0.003398849649,0.002637792114,0.999996521,0.0264142499,0.9996510828,0,0,1.185989881,1.647879623,-1.382840418,1.103634055,-0.1646464693,0.3077987768,0.2295985308,-1.132652725,1.578962289,1.311796098,1.214799557,-0.1714782812,0.06561479421,-0.4402370006,0.02264390952,-0.0001508977932,-0.07205596923,0.08699122576,0.1530734381,-0.1038600572,-0.06519186773,-0.01390153777,0.005125577862,-0.03520850631,-0.02325864043,0.1299434561,0.05201777802,-0.08278090618,0.008295435674,0.01773615598,0.008295435674,0.002637795173,0.06147317778,0.1623622114,0.1185826734,0.001456520008
5.47,0.2705265207,-0.1500318481,-0.1389291466,0.00352725193,0.002637792114,0.999996521,0.0264142499,0.9996510828,0,0,1.18621632,1.647878114,-1.383560977,1.104503968,-0.1631157349,0.3067601762,0.2289466121,-1.132791741,1.579013545,1.311444013,1.21456697,-0.1701788466,0.06613497199,-0.4410648097,0.02302222305,-0.0001512060961,-0.07152986361,0.087237787,0.1520700125,-0.1034521623,-0.06469684704,-0.01430278538,0.005012943625,-0.03499431822,-0.02223188759,0.1289655538,0.05128319316,-0.08220254984,0.008295870919,0.01774761898,0.008295870919,0.002637795173,0.06144916937,0.1623622114,0.1185826734,0.001458028986
5.48,0.269142147,-0.1499959413,-0.1379521217,0.003653788377,0.002637792114,0.999996521,0.0264142499,0.9996510828,0,0,1.186446542,1.647876602,-1.384276276,1.105376345,-0.1615950347,0.3057256546,0.2282996436,-1.132934769,1.579063674,1.31109407,1.214344651,-0.1688891911,0.06664780392,-0.4418868352,0.02329515885,-0.0001513472246,-0.07095404319,0.08723635702,0.1510380161,-0.1029099196,-0.06424007287,-0.01462177776,0.004920434015,-0.03479620196,-0.02143131566,0.1280125289,0.05069160511,-0.08167033926,0.008296313642,0.01775873704,0.008296313642,0.002637795173,0.06141390763,0.1623540941,0.1185826734,0.001459541047
5.49,0.2677673458,-0.1499587788,-0.1370148268,0.003778404387,0.002637792114,0.999996521,0.0264142499,0.9996510828,0,0,1.186679494,1.647875089,-1.384985816,1.106248709,-0.1600846546,0.3046965554,0.2276572429,-1.133080986,1.579112879,1.310746108,1.214130338,-0.1676090658,0.06715471997,-0.4427035386,0.02367406302,-0.0001517319843,-0.07047435266,0.08752160932,0.1501216646,-0.1025625333,-0.06378350106,-0.01501929025,0.004811438563,-0.0346003603,-0.02043151087,0.1271113587,0.04998919007,-0.08113941764,0.008296761779,0.01776957513,0.008296761779,0.002637795173,0.06138913286,0.1622797687,0.1185826734,0.001461054519
5.5,0.2664017142,-0.1499203798,-0.1361184003,0.003901044932,0.002637792114,0.999996521,0.0264142499,0.9996510828,0,0,1.186916235,1.647873571,-1.38569056,1.107123925,-0.1585834379,0.30367093,0.2270194079,-1.133231179,1.579160993,1.310400104,1.213926023,-0.1663379522,0.06765461187,-0.4435149327,0.02404804071,-0.0001521330254,-0.07001478246,0.08781388991,0.1492466285,-0.1022386231,-0.06334809699,-0.01541109791,0.004705180252,-0.03441442524,-0.01945570907,0.1262495543,0.04930946847,-0.08063441737,0.008297217405,0.01778007789,0.008297217405,0.002637795173,0.06137533294,0.1622029707,0.1185826734,0.001462571839
5.51,0.2650448377,-0.1498807646,-0.1352639892,0.004021654562,0.002637792114,0.999996521,0.0264142499,0.9996510828,0,0,1.187156715,1.64787205,-1.386390708,1.108002064,-0.1570909717,0.3026485438,0.2263859269,-1.13338529,1.579208045,1.31005596,1.213731466,-0.1650754567,0.06814770655,-0.4443212769,0.02441698017,-0.0001525508002,-0.06957594168,0.08811343046,0.1484141375,-0.1019388557,-0.06293440564,-0.01579703135,0.004601747579,-0.03423866562,-0.01850459464,0.1254282173,0.0486530799,-0.08015600192,0.008297680422,0.0177902531,0.008297680422,0.002637795173,0.06137298038,0.1621237402,0.1185826734,0.001464093169
5.52,0.2636962905,-0.1498399537,-0.1344527496,0.004140177408,0.002637792114,0.999996521,0.0264142499,0.9996510828,0,0,1.187400885,1.647870524,-1.387086467,1.108883198,-0.1556068303,0.3016291552,0.2257565828,-1.133543261,1.579254062,1.309713573,1.21354642,-0.1638211745,0.06863423735,-0.4451228369,0.02478076806,-0.0001529857645,-0.06915844258,0.08842046333,0.1476254286,-0.1016639029,-0.06254297734,-0.0161769202,0.00450122936,-0.0340733525,-0.01757885666,0.1246484575,0.04802066855,-0.07970484141,0.008298150733,0.01780010881,0.008298150733,0.002637795173,0.06138253556,0.1620421181,0.1185826734,0.001465618677
5.53,0.262355635,-0.1497979682,-0.133685846,0.004256557176,0.002637792114,0.999996521,0.0264142499,0.9996510828,0,0,1.187648693,1.647868995,-1.387778052,1.109767403,-0.154130576,0.3006125162,0.2251311531,-1.13370503,1.579299075,1.30937284,1.213370632,-0.1625746899,0.06911444404,-0.4459198853,0.02447757915,-0.0001529076189,-0.06772038698,0.08848208121,0.146256916,-0.1005307146,-0.06280913307,-0.01618262109,0.004547186012,-0.03431077148,-0.01685455777,0.123836151,0.04824155006,-0.07873756408,0.008298628237,0.01780965334,0.008298628237,0.002637795173,0.06140444745,0.161958147,0.1185826734,0.001467148535
5.54,0.2610224219,-0.1497548299,-0.1329644516,0.004370737151,0.002637792114,0.999996521,0.0264142499,0.9996510828,0,0,1.187893468,1.647867466,-1.388455256,1.110652224,-0.1526680068,0.2996072091,0.2245030617,-1.133866856,1.579344547,1.309029732,1.213202086,-0.1613363284,0.06959685954,-0.446707261,0.02436342417,-0.0001530032615,-0.06661193314,0.08862644109,0.1451197676,-0.09968322143,-0.06291221546,-0.01628978721,0.004553976081,-0.03444435731,-0.0161054375,0.1230894071,0.04824486708,-0.07795866109,0.008299099824,0.01781934362,0.008299099824,0.002637795173,0.0616181074,0.1616710849,0.1185826734,0.001468677611
5.55,0.2596961903,-0.149710561,-0.1322897486,0.004482660196,0.002637792114,0.999996521,0.0264142499,0.9996510828,0,0,1.188137103,1.647865935,-1.389121375,1.111538488,-0.1512168092,0.2986103769,0.2238739396,-1.134029754,1.579390086,1.308685288,1.213041032,-0.1601054343,0.07007930821,-0.4474868476,0.02471703254,-0.0001534970094,-0.06627251138,0.08896016471,0.1444774856,-0.09949460195,-0.06258526523,-0.0166534935,0.004461304848,-0.03430894661,-0.01525834361,0.1224413244,0.04768163273,-0.07759814844,0.008299569207,0.0178290566,0.008299569207,0.002637795173,0.06195011508,0.1612505386,0.1185826734,0.001470207643
5.56,0.2583764673,-0.1496651844,-0.1316629277,0.004592268752,0.002637792114,0.999996521,0.0264142499,0.9996510828,0,0,1.188384273,1.647864401,-1.3897841,1.11242809,-0.1497720343,0.2976154308,0.2232480869,-1.134196289,1.579434699,1.308342199,1.212888448,-0.1588810211,0.07055612454,-0.4482628291,0.02506461975,-0.0001540094733,-0.06595630797,0.08930217912,0.1438836804,-0.09933299014,-0.06228321918,-0.0170102316,0.004371989345,-0.03418533911,-0.01443953308,0.1218392799,0.04714552312,-0.0772673053,0.00830004558,0.01783848064,0.00830004558,0.002637795173,0.06226661706,0.1608432825,0.1185826734,0.001471742614
5.57,0.2570627681,-0.1496187235,-0.1310851884,0.004699504837,0.002637792114,0.999996521,0.0264142499,0.9996510828,0,0,1.188634919,1.64786286,-1.390443663,1.113321112,-0.1483331975,0.2966221009,0.2226252547,-1.134366391,1.579478419,1.308000346,1.212744053,-0.1576626283,0.07102757977,-0.4490355021,0.02540629119,-0.0001545404398,-0.06566300466,0.08965240275,0.1433376884,-0.09919802252,-0.06200572354,-0.01736011437,0.004285981747,-0.03407337053,-0.01364858415,0.1212826308,0.04663614838,-0.076965711,0.008300528825,0.01784762538,0.008300528825,0.002637795173,0.06256734274,0.1604496342,0.1185826734,0.001473282708
5.58,0.2557546147,-0.1495712015,-0.1305467928,0.004804868716,0.002637792114,0.999996521,0.0264142499,0.9996510828,0,0,1.188888982,1.647861315,-1.391100293,1.114217636,-0.1468998206,0.2956301207,0.2220051975,-1.134539992,1.579521279,1.307659612,1.212607567,-0.156449802,0.07149394125,-0.4498051592,0.02574699478,-0.0001550758229,-0.06537328413,0.09000434574,0.142799508,-0.0990679836,-0.06173318706,-0.01770925637,0.004200360461,-0.03396362732,-0.01286183267,0.1207340902,0.0461312522,-0.07667014072,0.008301018828,0.01785650032,0.008301018828,0.002637795173,0.06285202809,0.1600699039,0.1185826734,0.001474828113
5.59,0.2544519202,-0.1495226212,-0.1299870005,0.004911461191,0.002637792114,0.999996521,0.0264142499,0.9996510828,0,0,1.189146452,1.647859764,-1.391754026,1.115117679,-0.1454718255,0.2946394409,0.2213878656,-1.134717085,1.579563283,1.307319976,1.212478949,-0.1552424611,0.07195525378,-0.4505718606,0.02609149411,-0.0001556019733,-0.06506846965,0.09035170743,0.1422304651,-0.09892187589,-0.06144668466,-0.01806355581,0.004112301743,-0.03384701233,-0.01205642846,0.120157623,0.04560933368,-0.07635815927,0.008301515571,0.01786510648,0.008301515571,0.002637795173,0.06312030918,0.1597044615,0.1185826734,0.001476378871
5.6,0.2531549757,-0.1494729666,-0.1293969037,0.005019733854,0.002637792114,0.999996521,0.0264142499,0.9996510828,0,0,1.189407367,1.647858208,-1.392404711,1.116021196,-0.1440495209,0.2936502221,0.2207733988,-1.13489772,1.579604406,1.306981505,1.212358384,-0.1540408848,0.07241134711,-0.4513354422,0.02643988125,-0.0001561185661,-0.06474815983,0.09069433426,0.1416297256,-0.09875923935,-0.06114580707,-0.01842312894,0.004021746736,-0.03372332822,-0.01123189747,0.119552453,0.04506993694,-0.07602928021,0.008302019131,0.01787343672,0.008302019131,0.002637795173,0.06337172142,0.1593537393,0.1185826734,0.001477934891
5.61,0.2518640806,-0.1494222211,-0.1287772436,0.005129645623,0.002637792114,0.999996521,0.0264142499,0.9996510828,0,0,1.189671766,1.647856647,-1.393052192,1.116928139,-0.1426332236,0.2926626297,0.2201619407,-1.135081952,1.579644623,1.306644272,1.212246065,-0.1528453603,0.07286204648,-0.452095735,0.02679205278,-0.0001566258371,-0.06441272232,0.09103233216,0.1409980472,-0.09858047737,-0.06083092202,-0.01878784899,0.003928753034,-0.03359275145,-0.01038870596,0.1189192855,0.04451349044,-0.07568393802,0.008302529589,0.0178814837,0.008302529589,0.002637795173,0.06360579912,0.1590181698,0.1185826734,0.001479496076
5.62,0.2505795269,-0.1493703684,-0.1281287556,0.005241155711,0.002637792114,0.999996521,0.0264142499,0.9996510828,0,0,1.189939686,1.647855081,-1.393696319,1.117838463,-0.1412232432,0.2916768249,0.2195536315,-1.13526983,1.579683911,1.306308345,1.212142178,-0.1516561675,0.07330718139,-0.4528525744,0.0271479066,-0.0001571240204,-0.06406252316,0.0913658071,0.1403361842,-0.09838599071,-0.06050239355,-0.01915758986,0.003833378107,-0.03345545702,-0.009527317197,0.1182588207,0.04394041973,-0.07532256267,0.008303047021,0.01788924025,0.008303047021,0.002637795173,0.06382208028,0.1586981826,0.1185826734,0.001481062335
5.63,0.2493015992,-0.1493173928,-0.12745217,0.005354223632,0.002637792114,0.999996521,0.0264142499,0.9996510828,0,0,1.190211165,1.64785351,-1.394336945,1.118752121,-0.1398198813,0.290692965,0.2189486076,-1.135461406,1.579722244,1.30597379,1.212046905,-0.1504735793,0.07374658558,-0.4536058,0.02750734191,-0.0001576133483,-0.06369792678,0.09169486508,0.1396448866,-0.09817617752,-0.06016058206,-0.01953222615,0.003735679298,-0.03331161851,-0.008648191456,0.1175717541,0.04335114738,-0.07494557966,0.008303571505,0.01789669937,0.008303571505,0.002637795173,0.06402010716,0.1583942038,0.1185826734,0.001482633575
5.64,0.2480305748,-0.1492632789,-0.1267482117,0.0054688092,0.002637792114,0.999996521,0.0264142499,0.9996510828,0,0,1.190486239,1.647851933,-1.394973924,1.11966907,-0.1384234324,0.2897112033,0.2183470017,-1.135656728,1.579759601,1.305640674,1.211960423,-0.1492978617,0.07418009706,-0.4543552558,0.02787025923,-0.0001580940511,-0.06331929598,0.09201961211,0.1389249012,-0.09795143328,-0.05980584432,-0.01991163315,0.003635713817,-0.03316140806,-0.007751785987,0.1168587762,0.04274609307,-0.07455341004,0.008304103114,0.01790385423,0.008304103114,0.002637795173,0.06419942681,0.1581066557,0.1185826734,0.001484209708
5.65,0.2467667238,-0.1492080117,-0.1260176001,0.005584872527,0.002637792114,0.999996521,0.0264142499,0.9996510828,0,0,1.190764941,1.647850352,-1.395607117,1.120589266,-0.1370341834,0.2887316889,0.2177489433,-1.135855845,1.579795958,1.30530906,1.211882905,-0.1481292739,0.07460755799,-0.4551007899,0.02823656036,-0.0001585663581,-0.06292699189,0.09234015418,0.1381769705,-0.09771215085,-0.05943853345,-0.02029568681,0.003533538735,-0.03300499634,-0.006838555032,0.1161205724,0.04212567349,-0.07414647042,0.00830464192,0.01791069816,0.00830464192,0.002637795173,0.0643595916,0.1578359559,0.1185826734,0.001485790649
5.66,0.2455103092,-0.1491515766,-0.1252610492,0.005702374023,0.002637792114,0.999996521,0.0264142499,0.9996510828,0,0,1.191047307,1.647848767,-1.396236387,1.121512667,-0.1356524137,0.2877545674,0.217154558,-1.136058802,1.579831294,1.30497901,1.21181452,-0.1469680682,0.07502881472,-0.4558422547,0.02853528917,-0.0001589517588,-0.06241080335,0.09262882439,0.1373390959,-0.09736254008,-0.05912648131,-0.02064394069,0.003444610498,-0.03288525027,-0.005927391373,0.1153499434,0.04157934465,-0.0736649187,0.008305187993,0.01791722466,0.008305187993,0.002637795173,0.06450015976,0.1575825171,0.1185826734,0.001487376312
5.67,0.2442615869,-0.1490939595,-0.1244792677,0.0058212744,0.002637792114,0.999996521,0.0264142499,0.9996510828,0,0,1.19133266,1.647847177,-1.396860495,1.122438955,-0.1342790228,0.286780942,0.2165632932,-1.136265241,1.57986574,1.304650157,1.211755246,-0.1458145688,0.07544460817,-0.4565789038,0.0279400062,-0.0001583107778,-0.06048241588,0.09256210022,0.1356816936,-0.09578137382,-0.05965697857,-0.02048589339,0.003548459518,-0.03330047722,-0.005233678518,0.1144553681,0.04214630428,-0.07240651618,0.008305740007,0.01792347562,0.008305740007,0.002637795173,0.06460524098,0.1573622013,0.1185584335,0.00148896583
5.68,0.2430208056,-0.1490351466,-0.1236729588,0.005941534666,0.002637792114,0.999996521,0.0264142499,0.9996510828,0,0,1.19161206,1.647845594,-1.397465319,1.123364576,-0.1329222058,0.2858231283,0.2159667234,-1.1364701,1.579901224,1.304317153,1.211702909,-0.1446700151,0.07586607121,-0.457302969,0.02832305862,-0.0001587264107,-0.06006391748,0.09287395592,0.1348631878,-0.09551058428,-0.0592471612,-0.02088696857,0.003438224136,-0.03312254457,-0.004270559165,0.1136457707,0.04147399494,-0.07196387304,0.008306280384,0.01793005534,0.008306280384,0.002637795173,0.06448761515,0.1573622013,0.1182029764,0.001490548938
5.69,0.2417882072,-0.1489751244,-0.1228428203,0.006063116131,0.002637792114,0.999996521,0.0264142499,0.9996510828,0,0,1.19189529,1.647844007,-1.398065958,1.124293316,-0.131573574,0.2848680224,0.2153742518,-1.13667897,1.579935607,1.303985927,1.211660204,-0.1435335574,0.07628081116,-0.4580226077,0.02870931797,-0.0001591339433,-0.05963352054,0.09318211974,0.134019899,-0.095227078,-0.05882595315,-0.02129231158,0.00332595746,-0.03293896469,-0.003292343222,0.1128136505,0.04078771759,-0.07150825631,0.008306828365,0.01793629375,0.008306828365,0.002637795173,0.06436757084,0.1573622013,0.1178498634,0.001492136202
5.7,0.2405640264,-0.14891388,-0.1219895448,0.006185980401,0.002637792114,0.999996521,0.0264142499,0.9996510828,0,0,1.192182384,1.647842416,-1.398662293,1.125225137,-0.130233375,0.2839157517,0.2147859922,-1.136891893,1.579968866,1.303656537,1.21162728,-0.1424054209,0.07668868834,-0.4587376903,0.02909868642,-0.0001595336043,-0.05919156787,0.09348669495,0.1331525438,-0.09493122652,-0.05839369535,-0.02170179867,0.003211717141,-0.03274990454,-0.002299471354,0.1119596675,0.04008788128,-0.07104005582,0.008307384018,0.01794218487,0.008307384018,0.002637795173,0.064245082,0.1573622013,0.1174991619,0.001493727541
5.71,0.2393484911,-0.1488514007,-0.1211138192,0.006310089384,0.002637792114,0.999996521,0.0264142499,0.9996510828,0,0,1.19247337,1.64784082,-1.399254209,1.126160004,-0.1289018495,0.2829664394,0.2142020553,-1.137108911,1.580000983,1.303329038,1.211604285,-0.1412858242,0.07708956715,-0.4594480909,0.02949106744,-0.0001599256221,-0.05873840052,0.09378778469,0.132261835,-0.09462339873,-0.05795072522,-0.02211530684,0.003095560658,-0.03255552962,-0.001292381153,0.1110844771,0.03937489206,-0.07055965712,0.008307947407,0.01794772286,0.008307947407,0.002637795173,0.06412012337,0.1573622013,0.1171509372,0.001495322877
5.72,0.2381418225,-0.1487876742,-0.1202163252,0.006435405285,0.002637792114,0.999996521,0.0264142499,0.9996510828,0,0,1.192768281,1.647839221,-1.399841593,1.127097882,-0.1275792312,0.2820202054,0.213622548,-1.137330064,1.580031939,1.303003483,1.211591362,-0.1401749794,0.07748331607,-0.4601536874,0.02988636569,-0.0001603102244,-0.05827435773,0.09408549202,0.1313484813,-0.0943039609,-0.05749737664,-0.02253271382,0.002977545301,-0.03235600397,-0.0002715071325,0.1101887293,0.03864915291,-0.07006744158,0.008308518596,0.01795290207,0.008308518596,0.002637795173,0.06399267043,0.1573622013,0.1168052526,0.001496922134
5.73,0.2369442349,-0.1487226887,-0.1192977392,0.00656189061,0.002637792114,0.999996521,0.0264142499,0.9996510828,0,0,1.193067145,1.647837618,-1.400424337,1.128038737,-0.1262657464,0.2810771658,0.2130475743,-1.137555391,1.580061715,1.302679923,1.211588647,-0.1390730922,0.0778698076,-0.4608543618,0.03028448712,-0.0001606876381,-0.05779977692,0.09437991983,0.130413187,-0.09397327661,-0.05703398005,-0.02295389813,0.002857728171,-0.0321514902,0.0007627192847,0.1092730693,0.03791106379,-0.0695637864,0.008309097646,0.01795771701,0.008309097646,0.002637795173,0.06386269942,0.1573622013,0.1164621695,0.001498525236
5.74,0.2357559358,-0.1486564326,-0.1183587319,0.006689508163,0.002637792114,0.999996521,0.0264142499,0.9996510828,0,0,1.19336999,1.647836011,-1.401002334,1.128982536,-0.1249616145,0.280137433,0.2124772345,-1.13778493,1.580090292,1.302358408,1.211596274,-0.1379803615,0.07824891824,-0.4615499997,0.03068533886,-0.0001610580898,-0.05731499367,0.09467117085,0.1294566525,-0.09363170683,-0.05656086238,-0.02337873905,0.002736166167,-0.03194214947,0.001809869777,0.1083381375,0.0371610216,-0.06904906462,0.008309684616,0.01796216235,0.008309684616,0.002637795173,0.06373018732,0.1573622013,0.1161217474,0.001500132112
5.75,0.2345771261,-0.1485888948,-0.1173999689,0.006818221046,0.002637792114,0.999996521,0.0264142499,0.9996510828,0,0,1.193676843,1.6478344,-1.401575484,1.129929248,-0.123667048,0.279201116,0.2119116258,-1.138018717,1.580117653,1.302038987,1.211614372,-0.1368969801,0.07862052845,-0.4622404903,0.03108882924,-0.0001614218052,-0.05682034168,0.09495934763,0.1284795735,-0.09327960985,-0.05607834716,-0.02380711663,0.002612915982,-0.03172814152,0.002869519137,0.1073845691,0.03639942018,-0.06852364519,0.008310279563,0.01796623295,0.008310279563,0.002637795173,0.06359511185,0.1573622013,0.1157840437,0.001501742693
5.76,0.2334080001,-0.1485200646,-0.1164221103,0.006947992663,0.002637792114,0.999996521,0.0264142499,0.9996510828,0,0,1.193987731,1.647832786,-1.402143688,1.130878841,-0.1223822522,0.2782683199,0.2113508424,-1.138256788,1.580143783,1.301721705,1.211643068,-0.1358231344,0.07898452266,-0.4629257268,0.03149486779,-0.0001617790092,-0.05631615276,0.09524455254,0.1274826419,-0.09291734126,-0.0555867545,-0.0242389117,0.002488034091,-0.03150962463,0.003941245277,0.1064129943,0.03562665034,-0.06798789299,0.008310882545,0.01796992381,0.008310882545,0.002637795173,0.06345745147,0.1573622013,0.1154491143,0.001503356911
5.77,0.2322487454,-0.1484499316,-0.1154258107,0.007078786714,0.002637792114,0.999996521,0.0264142499,0.9996510828,0,0,1.19430268,1.647831168,-1.402706849,1.131831287,-0.1211074258,0.2773391465,0.2107949748,-1.138499177,1.580168663,1.301406609,1.21168248,-0.1347590045,0.07934078916,-0.4636056057,0.0319033652,-0.0001621299262,-0.05580275677,0.09552688768,0.1264665447,-0.09254525401,-0.05508640112,-0.0246740059,0.002361576746,-0.03128675569,0.005024629249,0.1054240383,0.0348430998,-0.06744216887,0.008311493614,0.01797323013,0.008311493614,0.002637795173,0.06331718538,0.1573622013,0.1151170127,0.001504974701
5.78,0.2310995432,-0.1483784856,-0.1144117195,0.0072105672,0.002637792114,0.999996521,0.0264142499,0.9996510828,0,0,1.194621714,1.647829547,-1.403264877,1.132786556,-0.1198427604,0.2764136939,0.2102441108,-1.138745918,1.580192279,1.301093741,1.211732726,-0.1337047641,0.07968922016,-0.4642800274,0.03231423333,-0.0001624747795,-0.05528048163,0.09580645495,0.1254319651,-0.09216369832,-0.05457760039,-0.02511228163,0.002233599965,-0.03105969015,0.006119255249,0.1044183213,0.03404915321,-0.06688682967,0.008312112823,0.01797614724,0.008312112823,0.002637795173,0.06317429349,0.1573622013,0.114787791,0.001506596001
5.79,0.2299605682,-0.1483057171,-0.1133804805,0.007343298421,0.002637792114,0.999996521,0.0264142499,0.9996510828,0,0,1.194944856,1.647827922,-1.403817682,1.13374462,-0.1185884407,0.2754920569,0.2096983348,-1.13899704,1.580214615,1.300783145,1.211793919,-0.1326605809,0.08002971169,-0.4649488957,0.03272738518,-0.0001628137917,-0.05474965326,0.09608335594,0.1243795812,-0.09177302176,-0.05406066235,-0.02555362212,0.002104159523,-0.03082858203,0.007224710632,0.1033964586,0.03324519218,-0.0663222283,0.008312740223,0.01797867065,0.008312740223,0.002637795173,0.06302875642,0.1573622013,0.1144614991,0.001508220748
5.8,0.2288319886,-0.1482316166,-0.1123327323,0.007476944976,0.002637792114,0.999996521,0.0264142499,0.9996510828,0,0,1.19527213,1.647826294,-1.404365178,1.134705454,-0.1173446449,0.2745743267,0.2091577282,-1.139252577,1.580235656,1.300474859,1.211866166,-0.1316266163,0.08036216361,-0.465612118,0.03314273485,-0.0001631471845,-0.05421059557,0.09635769199,0.1233100672,-0.09137356914,-0.05353589374,-0.02599791138,0.001973310948,-0.03059358396,0.008340585926,0.1023590604,0.03243159521,-0.06574871372,0.008313375863,0.01798079605,0.008313375863,0.002637795173,0.06288055551,0.1573622013,0.1141381853,0.001509848886
5.81,0.2277139664,-0.1481561752,-0.111269108,0.007611471761,0.002637792114,0.999996521,0.0264142499,0.9996510828,0,0,1.195603557,1.647824663,-1.404907284,1.135669031,-0.1161115442,0.273660591,0.2086223692,-1.139512556,1.580255389,1.300168923,1.211949572,-0.1306030257,0.08068647956,-0.4662696051,0.03332454702,-0.0001630388507,-0.05330023107,0.09653529514,0.1220300676,-0.09064057528,-0.05322619835,-0.02630807299,0.001892063535,-0.03049979325,0.009406677589,0.1012812018,0.03190616273,-0.06495984848,0.008314019791,0.01798251928,0.008314019791,0.002637795173,0.06272967281,0.1573622013,0.113817896,0.001511480358
5.82,0.2266066573,-0.1480793844,-0.1101902352,0.007746843976,0.002637792114,0.999996521,0.0264142499,0.9996510828,0,0,1.195936803,1.647823032,-1.405440287,1.136634384,-0.1148912436,0.2727541853,0.2080901073,-1.139775636,1.58027431,1.299863925,1.212043639,-0.1295902136,0.08100554119,-0.4669192036,0.03307733034,-0.0001621561699,-0.05171832385,0.09653850908,0.120380957,-0.08930468735,-0.05331644613,-0.02637019011,0.001902581888,-0.03066794107,0.01037315834,0.1001418692,0.03191653066,-0.0637844888,0.00831466742,0.01798399627,0.00831466742,0.002637795173,0.06263908914,0.1572992032,0.1135826781,0.001513110747
5.83,0.2255102105,-0.1480012357,-0.1090967364,0.007883027114,0.002637792114,0.999996521,0.0264142499,0.9996510828,0,0,1.196267576,1.647821411,-1.40595747,1.137599769,-0.113687434,0.2718611384,0.2075569428,-1.140039338,1.580293336,1.299557246,1.21214737,-0.128588795,0.0813247065,-0.4675570485,0.0335083023,-0.0001625380726,-0.05117245855,0.09681023026,0.1192744616,-0.08889393274,-0.05276096234,-0.02682780944,0.001765549429,-0.03041693277,0.01152054569,0.09906179794,0.03106524419,-0.06319463029,0.008315310317,0.01798551539,0.008315310317,0.002637795173,0.06273648682,0.1570455084,0.1135826781,0.001514732308
5.84,0.2244247692,-0.1479217212,-0.1079892284,0.008019986972,0.002637792114,0.999996521,0.0264142499,0.9996510828,0,0,1.196602659,1.647819785,-1.406469194,1.138567871,-0.1124946894,0.2709721991,0.2070293332,-1.140307616,1.580310991,1.299253076,1.212262576,-0.127598177,0.08163535894,-0.4681889948,0.03394125725,-0.0001629159383,-0.05061983361,0.09707984244,0.1181536096,-0.0884759149,-0.05219873099,-0.02728798646,0.001627300387,-0.03016256505,0.01267677961,0.09796858685,0.03020566687,-0.06259731917,0.008315961813,0.01798661383,0.008315961813,0.002637795173,0.06284855775,0.1567744088,0.1135826781,0.001516357689
5.85,0.2233504706,-0.1478408334,-0.1068683227,0.008157689644,0.002637792114,0.999996521,0.0264142499,0.9996510828,0,0,1.196942072,1.647818156,-1.406975393,1.139538669,-0.1113131533,0.2700874399,0.2065073459,-1.140580496,1.580327264,1.298951451,1.212389344,-0.1266184911,0.08193741561,-0.468814968,0.03437610941,-0.0001632899462,-0.05006075353,0.0973474426,0.1170190458,-0.08805095777,-0.05163004775,-0.02775060649,0.001487890175,-0.02990498642,0.01384146519,0.09686282076,0.02933816783,-0.06199288077,0.008316621951,0.01798728799,0.008316621951,0.002637795173,0.06297546469,0.1564857266,0.1135826781,0.001517986848
5.86,0.2222874454,-0.1477585651,-0.1057346256,0.008296101524,0.002637792114,0.999996521,0.0264142499,0.9996510828,0,0,1.197285833,1.647816523,-1.407476,1.140512144,-0.1101429628,0.2692069303,0.2059910454,-1.140858002,1.580342143,1.298652401,1.212527758,-0.1256498629,0.08223079729,-0.4694348968,0.03481277405,-0.0001636602741,-0.0494955206,0.09761312731,0.1158714102,-0.08761938263,-0.05105520515,-0.02821555572,0.0013473739,-0.02964434399,0.01501421073,0.09574507946,0.02846311301,-0.06138163679,0.008317290772,0.01798753443,0.008317290772,0.002637795173,0.06311736069,0.1561792941,0.1135826781,0.001519619748
5.87,0.2212358187,-0.1476749092,-0.1045887378,0.008435189303,0.002637792114,0.999996521,0.0264142499,0.9996510828,0,0,1.19763396,1.647814887,-1.407970955,1.141488275,-0.1089842487,0.2683307365,0.2054804933,-1.141140158,1.580355617,1.298355957,1.2126779,-0.1246924121,0.08251542842,-0.4700487132,0.03525116747,-0.0001640270984,-0.04892443497,0.09787699271,0.1147113379,-0.08718150801,-0.05047449256,-0.02868272124,0.001205806344,-0.02938078346,0.01619462784,0.09461593767,0.02758086518,-0.06076390533,0.008317968317,0.0179873499,0.008317968317,0.002637795173,0.06327438878,0.1558549544,0.1135826781,0.001521256351
5.88,0.2201957093,-0.1475898591,-0.1034312545,0.008574919973,0.002637792114,0.999996521,0.0264142499,0.9996510828,0,0,1.197986472,1.647813247,-1.4084602,1.142467045,-0.1078371353,0.2674589214,0.2049757484,-1.141426985,1.580367675,1.298062149,1.212839847,-0.1237462527,0.08279123707,-0.4706563522,0.03569120704,-0.0001643905935,-0.04834779456,0.09813913444,0.1135394593,-0.08673764972,-0.04988819627,-0.02915199103,0.00106324196,-0.0291144491,0.0173823314,0.09347596504,0.02669178391,-0.06014000092,0.008318654623,0.01798673128,0.008318654623,0.002637795173,0.06344668183,0.1555125616,0.1135826781,0.001522896622
5.89,0.2191672303,-0.1475034087,-0.1022627658,0.008715260826,0.002637792114,0.999996521,0.0264142499,0.9996510828,0,0,1.198343384,1.647811603,-1.408943678,1.143448436,-0.1067017407,0.2665915449,0.2044768664,-1.141718505,1.580378308,1.297771005,1.21301367,-0.1228114931,0.08305815491,-0.4712577522,0.03587429597,-0.000164348253,-0.04762658177,0.09772637847,0.1122310943,-0.08586913904,-0.04932827966,-0.0294025827,0.0009742997469,-0.02886299928,0.01798821561,0.09229373965,0.02615131731,-0.0595544232,0.008319349729,0.01798567565,0.008319349729,0.002637795173,0.06363436226,0.1551519807,0.1135826781,0.001524540528
5.9,0.2181504887,-0.147415552,-0.1010838563,0.008856179451,0.002637792114,0.999996521,0.0264142499,0.9996510828,0,0,1.198702127,1.647809959,-1.409419944,1.1444257,-0.1055794298,0.2657328536,0.2039835836,-1.142012531,1.580388051,1.297482375,1.213193552,-0.1218885557,0.08331966808,-0.4718532965,0.03630329444,-0.0001646826205,-0.04703357629,0.09794835541,0.1110324462,-0.08539114339,-0.0487327258,-0.02986275015,0.0008332569609,-0.02859240134,0.01915488442,0.09113214102,0.02527041806,-0.05892090953,0.008320048575,0.01798435839,0.008320048575,0.002637795173,0.06383723684,0.154773393,0.1136669735,0.00152618401
5.91,0.217145586,-0.1473262833,-0.09989510502,0.008997643737,0.002637792114,0.999996521,0.0264142499,0.9996510828,0,0,1.19906516,1.647808312,-1.409890279,1.145405184,-0.1044691053,0.2648789421,0.2034962564,-1.142311158,1.580396383,1.297196451,1.213385101,-0.1209772343,0.08357237226,-0.4724425056,0.03674413316,-0.000165030402,-0.04644155795,0.09819606387,0.1098289578,-0.08492500199,-0.04813113262,-0.03033357483,0.0006891857398,-0.02831874445,0.02035140858,0.08996268371,0.02436944738,-0.05828034608,0.008320756011,0.01798260963,0.008320756011,0.002637795173,0.06401568616,0.1544164066,0.1137360769,0.001527830836
5.92,0.2161526175,-0.1472355974,-0.0986970858,0.009139621872,0.002637792114,0.999996521,0.0264142499,0.9996510828,0,0,1.199432601,1.647806662,-1.410354695,1.146387144,-0.1033708158,0.2640296921,0.2030149451,-1.142614494,1.580403275,1.296913263,1.213588615,-0.1200776074,0.08381606673,-0.473025309,0.03718628582,-0.0001653755132,-0.04584515553,0.09844239419,0.1086161383,-0.08445409252,-0.04752506822,-0.03080604968,0.0005443365187,-0.02804287721,0.02155367232,0.0887846225,0.0234630734,-0.05763483171,0.008321472272,0.01798041976,0.008321472272,0.002637795173,0.06416877277,0.1540819484,0.1137860709,0.00152948114
5.93,0.2151716732,-0.1471434893,-0.09749036702,0.009282082343,0.002637792114,0.999996521,0.0264142499,0.9996510828,0,0,1.199804464,1.647805008,-1.410813146,1.147371568,-0.1022846544,0.2631851512,0.2025396944,-1.142922555,1.580408718,1.296632835,1.213804152,-0.1191897612,0.08405069747,-0.4736016573,0.03762967521,-0.0001657181221,-0.04524465478,0.09868744087,0.1073945917,-0.08397871805,-0.04691480416,-0.03128006834,0.000398761588,-0.027764937,0.02276130987,0.08759850164,0.02255163806,-0.05698466407,0.00832219739,0.01797778648,0.00832219739,0.002637795173,0.0642963562,0.153770149,0.1138168509,0.001531134895
5.94,0.2142028373,-0.1470499543,-0.09627551165,0.009424993936,0.002637792114,0.999996521,0.0264142499,0.9996510828,0,0,1.200180761,1.647803351,-1.411265593,1.148358443,-0.1012107085,0.262345364,0.2020705463,-1.143235355,1.580412706,1.296355185,1.214031765,-0.1183137762,0.08427621385,-0.474171504,0.03807422502,-0.0001660583954,-0.04464033902,0.09893129775,0.106164917,-0.08349917888,-0.04630060912,-0.03175552536,0.0002525128495,-0.02748505984,0.02397395881,0.08640486026,0.02163548008,-0.0563301375,0.008322931394,0.01797470768,0.008322931394,0.002637795173,0.06439831102,0.1534811244,0.1138283248,0.001532792077
5.95,0.2132461883,-0.146954988,-0.09505307728,0.009568325738,0.002637792114,0.999996521,0.0264142499,0.9996510828,0,0,1.200561503,1.64780169,-1.411711996,1.149347756,-0.1001490593,0.2615103722,0.2016075402,-1.143552911,1.580415231,1.296080335,1.214271504,-0.1174497276,0.08449256865,-0.4747348054,0.03851985986,-0.0001663964979,-0.04403248918,0.09917405801,0.1049277077,-0.08301577251,-0.04568274885,-0.03223231626,0.0001056418064,-0.02720338037,0.02519126006,0.08520423237,0.02071493498,-0.05567154309,0.00832367431,0.01797118139,0.00832367431,0.002637795173,0.06447452691,0.1532149762,0.1138204136,0.001534452661
5.96,0.2123017992,-0.1468585864,-0.0938236161,0.009712047132,0.002637792114,0.999996521,0.0264142499,0.9996510828,0,0,1.200946702,1.647800027,-1.412152321,1.150339496,-0.09909978221,0.2606802145,0.2011507128,-1.143875234,1.580416287,1.295808301,1.214523417,-0.1165976853,0.084699718,-0.4752915208,0.03896650522,-0.000166732593,-0.04342138369,0.09941581415,0.1036835521,-0.08252879359,-0.04506148626,-0.03271033749,-4.180044586e-05,-0.02692003187,0.02641285791,0.08399714688,0.01979033507,-0.05500916868,0.008324426165,0.01796720579,0.008324426165,0.002637795173,0.06452490873,0.1529717915,0.1137930511,0.001536116626
5.97,0.2113697376,-0.1467607459,-0.09258767491,0.009856127802,0.002637792114,0.999996521,0.0264142499,0.9996510828,0,0,1.201336367,1.647798359,-1.412586535,1.151333654,-0.09806294669,0.2598549265,0.2007000979,-1.144202337,1.580415869,1.295539101,1.214787546,-0.1157577138,0.08489762135,-0.4758416125,0.03941408748,-0.0001670668425,-0.04280729854,0.09965665793,0.1024330333,-0.08203853398,-0.04443708142,-0.03318948644,-0.0001897632295,-0.02663514627,0.02763840006,0.08278412754,0.01886200941,-0.05434329894,0.008325186984,0.01796277923,0.008325186984,0.002637795173,0.06454937651,0.1527516428,0.1137461843,0.001537783952
5.98,0.2104500655,-0.1466614628,-0.0913457951,0.01000053773,0.002637792114,0.999996521,0.0264142499,0.9996510828,0,0,1.201730508,1.647796689,-1.413014608,1.152330221,-0.09703861636,0.2590345412,0.2002557271,-1.144534232,1.580413972,1.295272749,1.21506393,-0.1149298725,0.08508624144,-0.4763850455,0.03986253384,-0.0001673994065,-0.04219050715,0.09989668041,0.1011767286,-0.08154528272,-0.04380979158,-0.0336696615,-0.0003381962932,-0.02634885416,0.02886753756,0.08156569298,0.01793028386,-0.05367421539,0.00832595679,0.01795790019,0.00832595679,0.002637795173,0.06454786548,0.1525545879,0.1136797729,0.00153945462
5.99,0.2095428397,-0.1465607341,-0.09009851269,0.0101452472,0.002637792114,0.999996521,0.0264142499,0.9996510828,0,0,1.202129133,1.647795015,-1.413436513,1.153329188,-0.09602684907,0.2582190884,0.1998176292,-1.144870929,1.58041059,1.295009261,1.215352605,-0.1141142156,0.08526554428,-0.4769217876,0.03967102412,-0.0001677304436,-0.04059747518,0.09987544622,0.09943352027,-0.08015179765,-0.04378039523,-0.03386122483,-3.208863797e-05,-0.02593334204,0.02994256449,0.07981168389,0.01784551997,-0.05204378899,0.008326735603,0.01795256734,0.008326735603,0.002637795173,0.06452032607,0.1523806701,0.11359379,0.001541128614
6,0.2086481115,-0.1464585569,-0.08884635828,0.01029022679,0.002637792114,0.999996521,0.0264142499,0.9996510828,0,0,1.202525843,1.647793337,-1.413842488,1.154327942,-0.09503251387,0.2574175704,0.1993798252,-1.145209541,1.580410269,1.294749927,1.215652031,-0.1133160988,0.08544399948,-0.4774422255,0.04004798743,-0.0001680601106,-0.03986638944,0.1000850483,0.09811490671,-0.07955102792,-0.0432166075,-0.03431002064,-0.0001292270603,-0.0256303415,0.03116015947,0.07852247557,0.0170058502,-0.0512592751,0.008327510731,0.01794827948,0.008327510731,0.002637795173,0.06433443588,0.152362206,0.1135826781,0.001542805918
6.01,0.207765927,-0.1463549288,-0.08758985709,0.01043544738,0.002637792114,0.999996521,0.0264142499,0.9996510828,0,0,1.202926323,1.647791657,-1.414241152,1.155328793,-0.0940513648,0.2566220601,0.1989476591,-1.145552641,1.580408977,1.294493624,1.215963632,-0.112530874,0.08561405798,-0.4779548183,0.04050923787,-0.0001683885629,-0.03926058791,0.1003281421,0.0968552285,-0.07906526167,-0.04257230996,-0.03479732775,-0.0002860579455,-0.02534303618,0.03240087735,0.07729858352,0.01605284737,-0.05059743435,0.008328293452,0.01794370726,0.008328293452,0.002637795173,0.06412717956,0.152362206,0.1135826781,0.00154448652
6.02,0.2068963271,-0.1462498473,-0.08632952895,0.01058088015,0.002637792114,0.999996521,0.0264142499,0.9996510828,0,0,1.203331416,1.647789973,-1.414633758,1.156332074,-0.09308281252,0.2558314075,0.198521936,-1.145900614,1.580406116,1.294240193,1.216287641,-0.1117578882,0.08577458646,-0.4784607926,0.04097109802,-0.0001687159542,-0.03865319022,0.1005707819,0.09559203858,-0.07857767141,-0.04192610217,-0.03528527719,-0.0004431830266,-0.02505483864,0.03364383581,0.07607132389,0.01509767692,-0.04993351844,0.008329085445,0.01793865404,0.008329085445,0.002637795173,0.06391701666,0.152362206,0.1135826781,0.001546170405
6.03,0.2060393474,-0.1461433105,-0.08506588827,0.01072649659,0.002637792114,0.999996521,0.0264142499,0.9996510828,0,0,1.203741127,1.647788286,-1.41502029,1.157337782,-0.09212689213,0.2550456308,0.198102675,-1.146253467,1.580401684,1.293989645,1.216624079,-0.1109971749,0.08592556323,-0.4789601278,0.04143349472,-0.0001690424365,-0.03804444925,0.1008130525,0.09432588183,-0.0780885258,-0.04127823186,-0.03577377031,-0.0006005513506,-0.02476587171,0.03488870182,0.07484118653,0.01414065367,-0.04926778753,0.008329886727,0.01793311899,0.008329886727,0.002637795173,0.06370394322,0.152362206,0.1135826781,0.001547857565
6.04,0.2051950187,-0.1460353168,-0.0837994441,0.01087226845,0.002637792114,0.999996521,0.0264142499,0.9996510828,0,0,1.204155462,1.647786595,-1.415400734,1.158345913,-0.09118363331,0.2542647455,0.1976898927,-1.146611205,1.580395679,1.293741986,1.216972966,-0.1102487631,0.08606696976,-0.4794528057,0.04189635563,-0.0001693681605,-0.03743461529,0.101055038,0.09305729747,-0.07759809067,-0.04062894408,-0.03626270951,-0.0007581124773,-0.02447625691,0.03613514584,0.07360865617,0.01318208915,-0.04860049897,0.008330697313,0.01792710144,0.008330697313,0.002637795173,0.06348795585,0.152362206,0.1135826781,0.001549547989
6.05,0.2043633662,-0.1459258648,-0.08253070007,0.01101816783,0.002637792114,0.999996521,0.0264142499,0.9996510828,0,0,1.204574425,1.647784901,-1.41577508,1.159356463,-0.09025306034,0.2534887646,0.1972836033,-1.146973832,1.580388098,1.293497224,1.217334318,-0.1095126765,0.08619879066,-0.4799388107,0.0423596092,-0.0001696932751,-0.03682393603,0.1012968215,0.09178681907,-0.07710662905,-0.0399784812,-0.0367519982,-0.0009158164877,-0.02418611445,0.03738284182,0.07237421238,0.01222229156,-0.04793190731,0.008331517216,0.01792060089,0.008331517216,0.002637795173,0.06326905172,0.152362206,0.1135826781,0.001551241671
6.06,0.2035444107,-0.1458149531,-0.08126015442,0.0111641671,0.002637792114,0.999996521,0.0264142499,0.9996510828,0,0,1.204998021,1.647783205,-1.41614332,1.160369431,-0.08933519215,0.2527176983,0.1968838184,-1.147341352,1.58037894,1.293255363,1.217708146,-0.1087889344,0.08632101357,-0.4804181297,0.04282318467,-0.0001700179274,-0.03621265647,0.1015384852,0.0905149745,-0.07661440113,-0.03932708298,-0.03724154085,-0.001073613993,-0.02389556324,0.03863146719,0.07113832957,0.01126156581,-0.04726226428,0.008332346451,0.01791361697,0.008332346451,0.002637795173,0.06304722856,0.152362206,0.1135826781,0.001552938603
6.07,0.2027381675,-0.1457025812,-0.07998829999,0.01131023894,0.002637792114,0.999996521,0.0264142499,0.9996510828,0,0,1.205426253,1.647781504,-1.416505446,1.161384816,-0.0884300424,0.2519515543,0.1964905476,-1.147713767,1.580368203,1.293016407,1.218094461,-0.1080775511,0.08643362923,-0.4808907524,0.04328701204,-0.0001703422634,-0.03560101899,0.1017801105,0.08924228586,-0.07612166426,-0.03867498655,-0.03773124294,-0.001231456143,-0.0236047209,0.03988070293,0.06990147697,0.01030021348,-0.04659181892,0.008333185028,0.01790614947,0.008333185028,0.002637795173,0.06282248465,0.152362206,0.1135826781,0.001554638783
6.08,0.2019446474,-0.1455887482,-0.07871562426,0.0114563563,0.002637792114,0.999996521,0.0264142499,0.9996510828,0,0,1.205859123,1.647779801,-1.416861456,1.162402617,-0.08753761955,0.2511903377,0.1961037977,-1.14809108,1.580355889,1.29278036,1.218493268,-0.1073785363,0.08653663136,-0.4813566706,0.04375102206,-0.000170666427,-0.03498926324,0.1020217777,0.08796926946,-0.07562867297,-0.03802242647,-0.03822101102,-0.001389294634,-0.02331370375,0.04113023352,0.06866411866,0.009338532806,-0.04592081755,0.008334032957,0.01789819834,0.008334032957,0.002637795173,0.06259481879,0.152362206,0.1135826781,0.001556342205
6.09,0.2011638561,-0.145473454,-0.07744260926,0.01160249248,0.002637792114,0.999996521,0.0264142499,0.9996510828,0,0,1.206296633,1.647778094,-1.417211349,1.163422835,-0.08665792685,0.2504340509,0.1957235735,-1.14847329,1.580341996,1.292547223,1.21890457,-0.1066918951,0.08663001669,-0.4818158787,0.04421514624,-0.0001709905606,-0.03437762617,0.1022635665,0.08669643579,-0.07513567894,-0.03736963476,-0.03871075268,-0.001547081718,-0.02302262685,0.04237974698,0.06742671353,0.008376818728,-0.04524950381,0.008334890247,0.01788976365,0.008334890247,0.002637795173,0.06236423036,0.152362206,0.1135826781,0.00155804887
6.1,0.2003957948,-0.1453566984,-0.07616973167,0.01174862104,0.002637792114,0.999996521,0.0264142499,0.9996510828,0,0,1.206738785,1.647776384,-1.417555125,1.164445471,-0.08579096249,0.2496826942,0.1953498771,-1.148860397,1.580326525,1.292316996,1.219328368,-0.106017628,0.08671378488,-0.4822683738,0.04467931681,-0.0001713148054,-0.03376634198,0.1025055554,0.08542428948,-0.07464293097,-0.03671684088,-0.03920037657,-0.00170477021,-0.02273160396,0.04362893487,0.0661897153,0.007415362838,-0.04457811874,0.008335756905,0.01788084565,0.008335756905,0.002637795173,0.06213071924,0.152362206,0.1135826781,0.001559758775
6.11,0.1996404595,-0.1452384817,-0.07489746275,0.01189471586,0.002637792114,0.999996521,0.0264142499,0.9996510828,0,0,1.207185578,1.647774671,-1.417892789,1.165470526,-0.0849367196,0.2489362648,0.1949827087,-1.149252401,1.580309477,1.29208968,1.219764657,-0.1053557308,0.08678793851,-0.482714155,0.04514346671,-0.0001716393004,-0.03315564212,0.1027478219,0.08415332923,-0.07415067503,-0.03606427178,-0.03968979242,-0.001862313498,-0.02244074757,0.04487749231,0.06495357246,0.006454453395,-0.04390690076,0.008336632937,0.01787144471,0.008336632937,0.002637795173,0.06189428585,0.152362206,0.1135826781,0.001561471923
6.12,0.1988978419,-0.1451188043,-0.07362626838,0.01204075109,0.002637792114,0.999996521,0.0264142499,0.9996510828,0,0,1.207637013,1.647772955,-1.418224345,1.166498004,-0.08409518631,0.2481947581,0.194622066,-1.149649299,1.580290854,1.291865273,1.220213432,-0.1047061951,0.08685248304,-0.483153224,0.04560092577,-0.0001719458738,-0.03254256589,0.1029728963,0.08288136308,-0.07364813933,-0.03541282071,-0.04017301295,-0.002018187323,-0.02215065514,0.04610921676,0.06371787965,0.005504025943,-0.04323708865,0.008337518348,0.01786156135,0.008337518348,0.002637795173,0.06165493111,0.152362206,0.1135826781,0.001563188316
6.13,0.198167929,-0.1449976669,-0.07235660903,0.01218670122,0.002637792114,0.999996521,0.0264142499,0.9996510828,0,0,1.208093022,1.647771235,-1.418549771,1.167527733,-0.08326637267,0.2474582767,0.1942679378,-1.150051029,1.580270672,1.291643766,1.220674524,-0.1040690163,0.0869075233,-0.4835855949,0.04572474595,-0.0001713029897,-0.0317701217,0.1023121176,0.08147677755,-0.07259017751,-0.03479546613,-0.0403575211,-0.002098957379,-0.02188548017,0.04653555614,0.06244111769,0.005042771565,-0.0426182347,0.008338413012,0.01785120102,0.008338413012,0.002637795173,0.06141566995,0.1523591925,0.1135843308,0.001564907775
6.14,0.1974507031,-0.1448750706,-0.07108893979,0.01233254101,0.002637792114,0.999996521,0.0264142499,0.9996510828,0,0,1.208550269,1.647769522,-1.418867472,1.168550854,-0.0824516049,0.2467323749,0.1939199831,-1.150454604,1.580249683,1.291424912,1.22113988,-0.1034446051,0.08695795102,-0.4840117772,0.04618493313,-0.0001715698595,-0.03116211878,0.1025459509,0.0802124275,-0.07209468473,-0.03414458605,-0.04084171461,-0.002254581049,-0.02159599384,0.04776972924,0.06120983193,0.004091711026,-0.04194882142,0.008339310364,0.01784060764,0.008339310364,0.002637795173,0.06133909504,0.152190575,0.1136609056,0.001566620805
6.15,0.1967461421,-0.1447510166,-0.06982371035,0.01247824553,0.002637792114,0.999996521,0.0264142499,0.9996510828,0,0,1.209012119,1.647767807,-1.419179093,1.169576314,-0.08164948062,0.2460114281,0.1935785373,-1.150863022,1.580227137,1.291208952,1.221617577,-0.1028325068,0.08699886813,-0.4844312654,0.04664483673,-0.0001718379764,-0.03055558532,0.1027803617,0.07895118357,-0.07160063934,-0.03349482041,-0.041325357,-0.002409882528,-0.02130711189,0.04900210532,0.05998114243,0.003142305951,-0.04128050976,0.008340217033,0.01782953807,0.008340217033,0.002637795173,0.06128151768,0.1520000444,0.1137184829,0.001568336504
6.16,0.1960542193,-0.1446255062,-0.068561365,0.01262379015,0.002637792114,0.999996521,0.0264142499,0.9996510828,0,0,1.209478567,1.647766088,-1.419484649,1.170604118,-0.08085996879,0.2452954217,0.1932435891,-1.151276275,1.580203038,1.290995881,1.222107598,-0.1022326954,0.08703029119,-0.4848440705,0.04710439342,-0.0001721075008,-0.02995073811,0.1030154235,0.07769351367,-0.07110827365,-0.03284638432,-0.04180836425,-0.002564818494,-0.0210189405,0.05023239956,0.05875547165,0.002194826586,-0.04061352594,0.008341133019,0.01781799337,0.008341133019,0.002637795173,0.06124275268,0.1517877889,0.1137572479,0.001570054883
6.17,0.1953749037,-0.1444985414,-0.06730234265,0.01276915052,0.002637792114,0.999996521,0.0264142499,0.9996510828,0,0,1.209949611,1.647764367,-1.419784156,1.171634272,-0.08008303365,0.244584339,0.1929151252,-1.151694359,1.58017739,1.290785691,1.222609922,-0.1016451407,0.08705223945,-0.4852502058,0.04756354053,-0.0001723785908,-0.02934779105,0.103251209,0.07643987962,-0.07061781707,-0.0321994905,-0.04229065341,-0.002719346232,-0.02073158461,0.05146033069,0.0575332368,0.001249539839,-0.03994809377,0.00834205832,0.01780597473,0.00834205832,0.002637795173,0.06122260357,0.1515540085,0.113777397,0.001571775958
6.18,0.1947081599,-0.1443701239,-0.06604707679,0.01291430262,0.002637792114,0.999996521,0.0264142499,0.9996510828,0,0,1.210425246,1.647762643,-1.420077634,1.172666784,-0.07931863486,0.2438781608,0.1925931303,-1.152117265,1.580150196,1.290578375,1.223124525,-0.1010698083,0.08706473485,-0.4856496867,0.04802221602,-0.0001726514021,-0.02874695517,0.1034877894,0.07519073708,-0.07012949611,-0.0315543493,-0.04277214262,-0.002873423645,-0.0204451479,0.05268562106,0.05631484989,0.0003067092785,-0.03928443469,0.008342992933,0.01779348347,0.008342992933,0.002637795173,0.06122086294,0.1512989145,0.1137791376,0.001573499744
6.19,0.1940539482,-0.1442402561,-0.06479599554,0.01305922271,0.002637792114,0.999996521,0.0264142499,0.9996510828,0,0,1.210905469,1.647760917,-1.420365104,1.173701662,-0.07856672748,0.2431768658,0.1922775868,-1.152544987,1.580121462,1.290373924,1.223651382,-0.1005066598,0.08706780194,-0.4860425311,0.04848035846,-0.0001729260881,-0.02814843861,0.1037252352,0.07394653561,-0.06964353436,-0.03091116871,-0.04325275111,-0.003027009257,-0.02015973283,0.05390799662,0.05510071766,-0.0006334048674,-0.03862276777,0.008343936854,0.01778052104,0.008343936854,0.002637795173,0.06123731271,0.1510227294,0.1137626878,0.001575226258
6.2,0.1934122246,-0.1441089403,-0.06354952161,0.01320388736,0.002637792114,0.999996521,0.0264142499,0.9996510828,0,0,1.211390272,1.647759188,-1.420646588,1.174738914,-0.07782726213,0.2424804305,0.1919684751,-1.152977514,1.580091192,1.290172326,1.224190462,-0.09995565263,0.08706146789,-0.4864287587,0.04893790703,-0.0001732027999,-0.02755244657,0.1039636155,0.07270771856,-0.0691601525,-0.0302701544,-0.04373239923,-0.003180062225,-0.01987544061,0.05512718692,0.05389124162,-0.001570545715,-0.03796330972,0.008344890079,0.01776708901,0.008344890079,0.002637795173,0.06127172445,0.1507256864,0.1137282761,0.001576955519
6.21,0.192782941,-0.1439761793,-0.06230807232,0.01334827341,0.002637792114,0.999996521,0.0264142499,0.9996510828,0,0,1.211879651,1.647757456,-1.420922113,1.17577855,-0.07710018494,0.241788829,0.1916657736,-1.153414838,1.580059392,1.289973572,1.224741733,-0.09941674022,0.08704576244,-0.4868083918,0.04939480154,-0.0001734816857,-0.02695918136,0.1042029984,0.07147472305,-0.06867956829,-0.02963150974,-0.04421100842,-0.003332542336,-0.0195923712,0.05634292513,0.05268681806,-0.002504459729,-0.03730627499,0.008345852599,0.01775318908,0.008345852599,0.002637795173,0.06132385974,0.1504080293,0.1136761409,0.001578687547
6.22,0.1921660451,-0.1438419759,-0.0610720596,0.01349235805,0.002637792114,0.999996521,0.0264142499,0.9996510828,0,0,1.212373599,1.647755721,-1.421191705,1.17682058,-0.07638543771,0.2411020333,0.1913694585,-1.153856948,1.580026066,1.289777648,1.225305163,-0.09888987204,0.08702071784,-0.4871814546,0.04951355701,-0.0001733327202,-0.02586631795,0.1043049757,0.0700232047,-0.0677217165,-0.02930943709,-0.04557172082,0.0003053857822,-0.01337445836,0.05747576486,0.04611944277,-0.00263642412,-0.03187539285,0.008346824408,0.01773882307,0.008346824408,0.002637795173,0.06139347048,0.150070012,0.1136065302,0.001580422364
6.23,0.1915614804,-0.1437063332,-0.05984188997,0.01363611872,0.002637792114,0.999996521,0.0264142499,0.9996510828,0,0,1.212868735,1.647753987,-1.421450368,1.17786363,-0.07568520567,0.2404248161,0.1910763641,-1.154312665,1.58002912,1.289643904,1.22587992,-0.09842867761,0.0869943536,-0.4875002085,0.04983617237,-0.0001734848977,-0.02508232729,0.1044925446,0.06871652785,-0.06705835485,-0.02879973868,-0.04639818838,0.001653798875,-0.01075554842,0.05865282553,0.04280956107,-0.003246940961,-0.02933442391,0.008347798802,0.0177366989,0.008347798802,0.002637795173,0.06153902439,0.1497748749,0.1135826781,0.001582155691
6.24,0.1909691865,-0.1435692546,-0.05861796458,0.01377953319,0.002637792114,0.999996521,0.0264142499,0.9996510828,0,0,1.213367097,1.647752253,-1.421701191,1.178908556,-0.07499804039,0.2397542326,0.1907883667,-1.154776647,1.580045658,1.289536348,1.226466449,-0.098000582,0.08696188419,-0.4877935528,0.05030070904,-0.0001738276068,-0.0245144084,0.1047399723,0.06751233111,-0.06660161548,-0.02816016868,-0.04685013476,0.001400858575,-0.0106491505,0.05985918245,0.04177643257,-0.004190987565,-0.02881575048,0.008348779825,0.01773913932,0.008348779825,0.002637795173,0.06170870399,0.149500718,0.1135826781,0.00158389054
6.25,0.1903890989,-0.1434307438,-0.05740067917,0.01392257952,0.002637792114,0.999996521,0.0264142499,0.9996510828,0,0,1.213870104,1.647750514,-1.421946335,1.179955955,-0.07432291708,0.2390882164,0.1905067651,-1.155245149,1.580059667,1.289429857,1.22706504,-0.09758281767,0.08691997431,-0.4880817103,0.05076429817,-0.0001741722907,-0.02394989053,0.1049886307,0.06631556895,-0.0661484323,-0.02752381285,-0.04730084486,0.001149152521,-0.01054337846,0.06106103936,0.0407490322,-0.005130724272,-0.02829968454,0.008349770296,0.01774077526,0.008349770296,0.002637795173,0.06187488671,0.1492236965,0.1135826781,0.001585628816
6.26,0.1898211494,-0.1432908043,-0.05619042407,0.01406523605,0.002637792114,0.999996521,0.0264142499,0.9996510828,0,0,1.214377747,1.647748773,-1.422185834,1.181005842,-0.07365976139,0.2384267321,0.1902315269,-1.155718157,1.580071158,1.289324423,1.227675651,-0.09717532735,0.08686866707,-0.4883647071,0.05122687924,-0.0001745190613,-0.02338895581,0.1052385803,0.06512664394,-0.06569900387,-0.0268908662,-0.04775025271,0.0008987493113,-0.01043827116,0.0622581468,0.03972768112,-0.006065907776,-0.0277863891,0.008350770204,0.01774161079,0.008350770204,0.002637795173,0.06203759216,0.148943818,0.1135826781,0.001587370539
6.27,0.1892652657,-0.1431494404,-0.05498758425,0.01420748146,0.002637792114,0.999996521,0.0264142499,0.9996510828,0,0,1.214890015,1.647747027,-1.422419724,1.182058227,-0.07300849495,0.237769742,0.1899626183,-1.15619566,1.580080146,1.28922004,1.228298232,-0.09677805054,0.08680800799,-0.488642571,0.05168839232,-0.0001748680289,-0.02283178345,0.1054898807,0.06394595241,-0.06525352586,-0.02626152148,-0.04819829342,0.0006497165371,-0.01033386701,0.06345025899,0.03871269592,-0.006996298193,-0.02727602545,0.008351779532,0.0177416502,0.008351779532,0.002637795173,0.06219684101,0.1486610904,0.1135826781,0.00158911573
6.28,0.1887213718,-0.1430066562,-0.05379253926,0.01434929469,0.002637792114,0.999996521,0.0264142499,0.9996510828,0,0,1.215406899,1.647745279,-1.422648041,1.183113126,-0.07236903542,0.2371172068,0.1897000031,-1.156677643,1.580086643,1.289116702,1.228932735,-0.09639092358,0.08673804501,-0.4889153312,0.05214877807,-0.0001752193026,-0.02227854973,0.1057425903,0.06277388436,-0.06481219106,-0.0256359692,-0.04864490317,0.0004021207852,-0.01023020401,0.06463713381,0.03770438857,-0.007921659067,-0.02676875317,0.008352798266,0.01774089798,0.008352798266,0.002637795173,0.06235265505,0.1483755221,0.1135826781,0.00159086441
6.29,0.1881893877,-0.142862456,-0.05260566325,0.01449065501,0.002637792114,0.999996521,0.0264142499,0.9996510828,0,0,1.215928387,1.647743527,-1.422870827,1.184170552,-0.07174129658,0.2364690849,0.1894436434,-1.157164092,1.580090664,1.2890144,1.229579106,-0.09601387969,0.08665882842,-0.4891830188,0.05260797775,-0.0001755729896,-0.02172942797,0.1059967661,0.06161082347,-0.06437518938,-0.02501439765,-0.04909001922,0.0001560276346,-0.01012731976,0.06581853283,0.03670306644,-0.00884175737,-0.02626473013,0.008353826388,0.01773935886,0.008353826388,0.002637795173,0.06250505716,0.1480871221,0.1135826781,0.001592616603
6.3,0.18766923,-0.1427168446,-0.051427325,0.01463154196,0.002637792114,0.999996521,0.0264142499,0.9996510828,0,0,1.216454467,1.647741771,-1.423088121,1.18523052,-0.07112518834,0.235825333,0.1891934994,-1.157654992,1.580092224,1.288913126,1.230237292,-0.09564684903,0.08657041085,-0.4894456661,0.0530659332,-0.0001759291956,-0.02118458858,0.106252464,0.06045714708,-0.06394270787,-0.02439699288,-0.04953357989,-8.849834463e-05,-0.01002525142,0.06699422133,0.03570903228,-0.009756363504,-0.02576411255,0.008354863881,0.01773703775,0.008354863881,0.002637795173,0.06265407126,0.1477958996,0.1135826781,0.001594372333
6.31,0.1871608115,-0.1425698268,-0.05025788788,0.01477193539,0.002637792114,0.999996521,0.0264142499,0.9996510828,0,0,1.216985126,1.647740012,-1.423299967,1.186293044,-0.07052061687,0.2351859059,0.1889495295,-1.158150328,1.580091339,1.288812874,1.230907234,-0.09528975871,0.08647284721,-0.4897033072,0.05331458295,-0.0001762880249,-0.02055022231,0.1059464515,0.05923851669,-0.06315834172,-0.02380262658,-0.04978408733,-0.0002825608278,-0.009940785586,0.06764284009,0.03469439981,-0.01034716243,-0.02529661706,0.008355910725,0.01773393978,0.008355910725,0.002637795173,0.06279972234,0.1475018643,0.1135826781,0.001596131625
6.32,0.1866640414,-0.1424214076,-0.04909770987,0.01491181547,0.002637792114,0.999996521,0.0264142499,0.9996510828,0,0,1.217518272,1.647738249,-1.423505469,1.187352509,-0.06992823171,0.2345543225,0.1887115032,-1.158648169,1.580088514,1.288713466,1.231583662,-0.09494281471,0.08636937559,-0.4899562734,0.05358177138,-0.00017664958,-0.01993009972,0.1056956745,0.05803800048,-0.06241271756,-0.023210605,-0.05005068816,-0.0004794786602,-0.009855607943,0.06833370048,0.03369039949,-0.01096155133,-0.02482965372,0.008356962745,0.01773022797,0.008356962745,0.002637795173,0.06278485167,0.1473622108,0.1135826781,0.001597894505
6.33,0.1861788253,-0.1422715923,-0.04794714354,0.01505116264,0.002637792114,0.999996521,0.0264142499,0.9996510828,0,0,1.21805409,1.647736482,-1.42370477,1.188409466,-0.0693478517,0.2339301953,0.1884793971,-1.159148675,1.580083719,1.28861491,1.232266999,-0.09460591071,0.08625976007,-0.4902045699,0.05403247578,-0.0001770139622,-0.01939848742,0.1059473064,0.05691462634,-0.06198911955,-0.02260656641,-0.05048560259,-0.0007180227953,-0.00975646386,0.06948108098,0.03271964187,-0.01185232966,-0.02434017105,0.008358020316,0.01772589305,0.008358020316,0.002637795173,0.06262422507,0.1473622108,0.1135826781,0.001599661001
6.34,0.1857050654,-0.1421203862,-0.04680653609,0.01518995766,0.002637792114,0.999996521,0.0264142499,0.9996510828,0,0,1.218594415,1.647734712,-1.423898755,1.189468939,-0.06877870544,0.2333103041,0.1882533315,-1.159653531,1.580076539,1.288517345,1.23296181,-0.0942787143,0.08614123678,-0.4904479716,0.05448171251,-0.0001773812707,-0.0188717926,0.1062006898,0.05580205935,-0.06157077437,-0.022007428,-0.05091874474,-0.0009547559503,-0.009658280031,0.07062189934,0.03175733591,-0.01273676292,-0.02385471169,0.008359087105,0.01772011843,0.008359087105,0.002637795173,0.06245753507,0.1473622108,0.1135826781,0.001601431141
6.35,0.1852426603,-0.141967795,-0.04567622931,0.01532818157,0.002637792114,0.999996521,0.0264142499,0.9996510828,0,0,1.219139232,1.647732938,-1.424087473,1.190530946,-0.06822068485,0.2326945964,0.1880332572,-1.160162719,1.580066991,1.288420762,1.233668029,-0.09396114094,0.08601386915,-0.4906865187,0.05492942657,-0.0001777516038,-0.01835017068,0.1064558756,0.05470064469,-0.06115785528,-0.02141336503,-0.05135005891,-0.001189618746,-0.009561091593,0.0717559408,0.03080376129,-0.01361463955,-0.02337342373,0.008360163091,0.01771104903,0.008360163091,0.002637795173,0.06228482193,0.1473622108,0.1135826781,0.001603204953
6.36,0.1847915053,-0.1418138246,-0.0445565596,0.01546581571,0.002637792114,0.999996521,0.0264142499,0.9996510828,0,0,1.219688526,1.647731161,-1.424270975,1.191595504,-0.0676736784,0.2320830178,0.1878191235,-1.160676219,1.580055095,1.288325152,1.234385588,-0.09365310332,0.08587772275,-0.490920253,0.05537556349,-0.0001781250576,-0.01783377408,0.1067129134,0.05361072117,-0.06075053264,-0.02082455057,-0.0517794905,-0.001422552817,-0.009464933292,0.07288299429,0.02985919306,-0.01448575138,-0.02289645363,0.008361248249,0.01770121793,0.008361248249,0.002637795173,0.06210612725,0.1473622108,0.1135826781,0.001604982469
6.37,0.1843514925,-0.1416584808,-0.04344785795,0.01560284175,0.002637792114,0.999996521,0.0264142499,0.9996510828,0,0,1.220242282,1.647729379,-1.424449312,1.192662633,-0.06713757119,0.2314755125,0.187610878,-1.161194014,1.580040869,1.288230502,1.235114418,-0.09335451139,0.08573286524,-0.4911492175,0.05582006936,-0.0001785017272,-0.01732275225,0.1069718517,0.05253262116,-0.06034897392,-0.02024115553,-0.05220698599,-0.00165350081,-0.009369839479,0.07400285241,0.02892390162,-0.01534989368,-0.02242394622,0.008362342551,0.01769063139,0.008362342551,0.002637795173,0.06192149397,0.1473622108,0.1135826781,0.00160676372
6.38,0.1839225105,-0.1415017698,-0.04235044998,0.01573924163,0.002637792114,0.999996521,0.0264142499,0.9996510828,0,0,1.220800482,1.647727594,-1.42462254,1.193732352,-0.06661224498,0.2308720227,0.1874084665,-1.161716084,1.580024334,1.288136804,1.235854447,-0.09306527238,0.0855793663,-0.491373457,0.05626289082,-0.0001788817057,-0.01681725163,0.1072327375,0.05146667064,-0.05995334368,-0.01966334866,-0.05263249296,-0.001882406386,-0.009275844117,0.07511531145,0.02799815276,-0.01620686511,-0.02195604475,0.008363445972,0.01767929584,0.008363445972,0.002637795173,0.0617309663,0.1473622108,0.1135826781,0.001608548737
6.39,0.1835044448,-0.1413436981,-0.0412646559,0.01587499758,0.002637792114,0.999996521,0.0264142499,0.9996510828,0,0,1.221363111,1.647725806,-1.424790713,1.194804679,-0.06609757827,0.2302724893,0.187211833,-1.162242409,1.58000551,1.288044045,1.2366056,-0.09278529085,0.08541729765,-0.4915930174,0.05670397502,-0.0001792650849,-0.0163174157,0.1074956169,0.05041318912,-0.05956380359,-0.01909129657,-0.05305596006,-0.002109214224,-0.009182980777,0.07622017143,0.02708220764,-0.01705646775,-0.02149289088,0.008364558483,0.0176672179,0.008364558483,0.002637795173,0.06153458978,0.1473622108,0.1135826781,0.001610337554
6.4,0.1830971776,-0.1411842721,-0.04019079053,0.01601009217,0.002637792114,0.999996521,0.0264142499,0.9996510828,0,0,1.221930151,1.647724013,-1.424953887,1.195879636,-0.06559344638,0.2296768513,0.18702092,-1.162772969,1.579984418,1.287952216,1.237367802,-0.09251446877,0.08524673297,-0.4918079463,0.05714326969,-0.000179651955,-0.0158233849,0.1077605345,0.04937248971,-0.05918051241,-0.01852516371,-0.05347733707,-0.002333870015,-0.009091282646,0.07731723603,0.02617632276,-0.01789850709,-0.02103462466,0.008365680055,0.01765440437,0.008365680055,0.002637795173,0.06133241116,0.1473622108,0.1135826781,0.001612130205
6.41,0.1827005882,-0.1410234985,-0.0391291633,0.01614450823,0.002637792114,0.999996521,0.0264142499,0.9996510828,0,0,1.222501584,1.647722216,-1.425112121,1.196957241,-0.06509972148,0.2290850462,0.1868356684,-1.163307742,1.579961079,1.287861303,1.238140974,-0.09225270554,0.0850677479,-0.4920182926,0.05758072307,-0.0001800424045,-0.01533529669,0.1080275336,0.04834487902,-0.05880362598,-0.0179651124,-0.05389657483,-0.002556320469,-0.009000782522,0.07840631264,0.02528075,-0.01873279203,-0.02058138458,0.008366810657,0.01764086221,0.008366810657,0.002637795173,0.06112447848,0.1473622108,0.1135826781,0.001613926725
6.42,0.1823145526,-0.1408613842,-0.03808007822,0.0162782289,0.002637792114,0.999996521,0.0264142499,0.9996510828,0,0,1.223077391,1.647720416,-1.425265473,1.198037516,-0.06461627269,0.2284970099,0.1866560173,-1.163846708,1.579935516,1.287771295,1.238925037,-0.09199989804,0.08488041998,-0.4922241064,0.05801628392,-0.0001804365205,-0.01485328552,0.1082966565,0.04733065725,-0.05843329726,-0.01741130283,-0.0543136253,-0.002776513313,-0.008911512822,0.07948721235,0.02439573662,-0.01955913492,-0.02013330754,0.00836795026,0.01762659855,0.00836795026,0.002637795173,0.06091084097,0.1473622108,0.1135826781,0.001615727149
6.43,0.1819389438,-0.1406979363,-0.03704383395,0.01641123764,0.002637792114,0.999996521,0.0264142499,0.9996510828,0,0,1.223657554,1.647718612,-1.425414006,1.199120483,-0.06414296612,0.2279126769,0.1864819042,-1.164389844,1.579907751,1.28768218,1.239719909,-0.09175594068,0.08468482863,-0.4924254395,0.05844990157,-0.0001808343886,-0.01437748282,0.1085679439,0.04633011812,-0.05806967629,-0.01686389304,-0.05472844154,-0.002994397291,-0.008823505576,0.08055974997,0.02352152519,-0.02037735146,-0.01969052888,0.00836909883,0.0176116207,0.00836909883,0.002637795173,0.06069154905,0.1473622108,0.1135826781,0.001617531514
6.44,0.1815736321,-0.1405331619,-0.0360207237,0.01654351817,0.002637792114,0.999996521,0.0264142499,0.9996510828,0,0,1.224242053,1.647716803,-1.425557781,1.200206162,-0.06367966494,0.2273319802,0.1863132653,-1.164937129,1.579877807,1.287593945,1.240525507,-0.09152072543,0.08448105512,-0.4926223448,0.05888152584,-0.0001812360926,-0.01390801701,0.1088414356,0.04534354886,-0.0577129102,-0.01632303898,-0.05514097769,-0.003209922163,-0.008736792436,0.08162374401,0.0226583537,-0.02118726082,-0.01925318238,0.008370256334,0.01759593613,0.008370256334,0.002637795173,0.06046665435,0.1473622108,0.1135826781,0.001619339858
6.45,0.1812184846,-0.1403670684,-0.03501103534,0.01667505455,0.002637792114,0.999996521,0.0264142499,0.9996510828,0,0,1.224830868,1.647714991,-1.425696861,1.201294577,-0.06322622945,0.2267548511,0.1861500349,-1.165488538,1.579845708,1.287506577,1.241341744,-0.09129414189,0.08426918251,-0.4928148766,0.0593111071,-0.0001816417148,-0.0134450135,0.1091171698,0.04437123027,-0.05736314321,-0.01578889443,-0.05555118902,-0.003423038711,-0.008651404668,0.08267901666,0.02180645546,-0.02198868556,-0.01882140024,0.008371422738,0.01757955244,0.008371422738,0.002637795173,0.06023620961,0.1473622108,0.1135826781,0.001621152219
6.46,0.1808733657,-0.1401996633,-0.03401505131,0.0168058311,0.002637792114,0.999996521,0.0264142499,0.9996510828,0,0,1.225423979,1.647713174,-1.425831311,1.202385748,-0.06278251715,0.2261812196,0.185992146,-1.16604405,1.579811477,1.287420063,1.242168534,-0.09107607734,0.08404929566,-0.4930030906,0.05973859622,-0.0001820513363,-0.01298859465,0.1093951836,0.04341343663,-0.05702051664,-0.01526161109,-0.05595903187,-0.003633698732,-0.008567373161,0.08372539385,0.02096605914,-0.02278145166,-0.01839531312,0.008372598006,0.01756247744,0.008372598006,0.002637795173,0.06000026875,0.1473622108,0.1135826781,0.001622968636
6.47,0.180538137,-0.1400309544,-0.03303304866,0.01693583248,0.002637792114,0.999996521,0.0264142499,0.9996510828,0,0,1.226021365,1.647711354,-1.425961197,1.2034797,-0.06234838278,0.2256110145,0.1858395299,-1.166603641,1.579775141,1.287334389,1.243005788,-0.09086641674,0.08382148114,-0.4931870437,0.05981612457,-0.0001811389456,-0.0123876314,0.108720622,0.04235675856,-0.05607515122,-0.01477077124,-0.05603997158,-0.003758511363,-0.008514549719,0.08386839415,0.02008755475,-0.02301597932,-0.0180232737,0.008373782102,0.01754471904,0.008373782102,0.002637795173,0.05975888677,0.1473622108,0.1135826781,0.001624789149
6.48,0.1802126572,-0.1398609493,-0.03206529905,0.01706504361,0.002637792114,0.999996521,0.0264142499,0.9996510828,0,0,1.226619526,1.647709543,-1.426085074,1.204566906,-0.06192481519,0.2250502629,0.1856918222,-1.16716404,1.579737555,1.287249244,1.243844472,-0.0906655412,0.08359132135,-0.4933672765,0.06015892781,-0.0001812493134,-0.01191041604,0.1087824744,0.04140326637,-0.05560611103,-0.01426411001,-0.0563674949,-0.003944685302,-0.008440156356,0.08468867555,0.01925936987,-0.02366327739,-0.01761979605,0.008374968112,0.01752658152,0.008374968112,0.002637795173,0.05960261952,0.1471746089,0.1136731779,0.001626600539
6.49,0.1798967826,-0.1396896562,-0.03111206876,0.01719344975,0.002637792114,0.999996521,0.0264142499,0.9996510828,0,0,1.227221116,1.64770773,-1.426204178,1.205654731,-0.06151078253,0.2244942018,0.1855491811,-1.167727715,1.579698109,1.287164842,1.244691359,-0.0904729475,0.08335468857,-0.4935434744,0.06057696331,-0.0001816591947,-0.0114738621,0.1090593748,0.04049044905,-0.05528047309,-0.01375817417,-0.05676476623,-0.004146815383,-0.008360564043,0.08569867012,0.01845444791,-0.02442373625,-0.01721163523,0.008376161281,0.01750784582,0.008376161281,0.002637795173,0.05945077573,0.1469322732,0.1137734289,0.001628413032
6.5,0.1795903666,-0.1395170831,-0.03017361864,0.01732103641,0.002637792114,0.999996521,0.0264142499,0.9996510828,0,0,1.227826885,1.647705914,-1.426318917,1.206745325,-0.06110587804,0.2239413971,0.1854115993,-1.168295363,1.57965664,1.287081236,1.245548346,-0.09028840302,0.08311045121,-0.4937155908,0.06099272523,-0.0001820734618,-0.01104433336,0.1093387252,0.03959316573,-0.05496253534,-0.01325969709,-0.05715953277,-0.004346315239,-0.008282448937,0.08669917901,0.0176618956,-0.02517491637,-0.01680968649,0.008377363102,0.01748845435,0.008377363102,0.002637795173,0.05928252566,0.146676241,0.1138625433,0.001630229624
6.51,0.1792932601,-0.1393432382,-0.02925020418,0.01744778944,0.002637792114,0.999996521,0.0264142499,0.9996510828,0,0,1.228436812,1.647704093,-1.42642936,1.207838712,-0.06070994638,0.2233917717,0.1852790023,-1.168866958,1.579613177,1.286998412,1.246415337,-0.09011178406,0.08285870205,-0.4938836877,0.0614061675,-0.0001824921887,-0.01062193744,0.1096205576,0.03871165862,-0.05465242524,-0.01276881975,-0.05755175667,-0.00454314182,-0.008205839976,0.0876900475,0.01688191846,-0.02591666129,-0.01641407258,0.008378573535,0.0174684156,0.008378573535,0.002637795173,0.05909833915,0.1464069393,0.1139409318,0.001632050358
6.52,0.1790053115,-0.1391681301,-0.02834207546,0.01757369497,0.002637792114,0.999996521,0.0264142499,0.9996510828,0,0,1.229050874,1.647702268,-1.426535579,1.208934918,-0.0603228298,0.2228452475,0.1851513141,-1.169442476,1.579567746,1.286916353,1.247292238,-0.08994296488,0.08259953543,-0.4940478284,0.06181724459,-0.0001829154485,-0.01020677896,0.1099049025,0.0378461635,-0.05435026737,-0.01228568097,-0.05794140115,-0.004737253089,-0.008130765712,0.08867112449,0.01611471741,-0.02664881796,-0.01602491466,0.008379792538,0.01744773817,0.008379792538,0.002637795173,0.05889868417,0.1461247926,0.1140090019,0.00163387528
6.53,0.1787263668,-0.1389917672,-0.02744947715,0.01769873944,0.002637792114,0.999996521,0.0264142499,0.9996510828,0,0,1.229669047,1.647700439,-1.426637647,1.210033967,-0.05994436816,0.2223017448,0.1850284573,-1.17002189,1.579520373,1.286835046,1.248178949,-0.0897818177,0.08233304725,-0.4942080775,0.06222591149,-0.0001833433123,-0.009798959555,0.1101917892,0.0369969097,-0.05405618337,-0.01181041746,-0.05832843054,-0.004928608017,-0.008057254313,0.0896422626,0.0153604887,-0.02737123671,-0.01564233231,0.00838102007,0.01742643082,0.00838102007,0.002637795173,0.05868402626,0.1458302224,0.114067158,0.001635704435
6.54,0.1784562694,-0.1388141582,-0.02657264856,0.01782290958,0.002637792114,0.999996521,0.0264142499,0.9996510828,0,0,1.230291306,1.647698605,-1.426735637,1.211135885,-0.05957439906,0.221761183,0.1849103532,-1.170605174,1.579471087,1.286754473,1.249075372,-0.08962821282,0.08205933489,-0.4943645009,0.06263212372,-0.0001837758496,-0.009398577885,0.1104812457,0.03616412012,-0.05377029198,-0.01134316375,-0.05871281023,-0.005117166589,-0.007985333561,0.09060331807,0.01461942396,-0.02808377126,-0.01526644354,0.008382256088,0.01740450241,0.008382256088,0.002637795173,0.05845482802,0.1455236464,0.1141158005,0.001637537868
6.55,0.1781948605,-0.138635312,-0.02571182358,0.01794619242,0.002637792114,0.999996521,0.0264142499,0.9996510828,0,0,1.230917627,1.647696768,-1.426829622,1.212240697,-0.05921275786,0.2212234801,0.1847969215,-1.171192302,1.579419916,1.28667462,1.249981405,-0.08948201858,0.08177849717,-0.4945171653,0.06303583734,-0.0001842131284,-0.009005729618,0.1107732989,0.03534801123,-0.05349270905,-0.01088405227,-0.05909450671,-0.005302889801,-0.007915030854,0.09155415083,0.01389171018,-0.02878627872,-0.01489736479,0.008383500548,0.01738196196,0.008383500548,0.002637795173,0.05821154853,0.1452054782,0.1141553254,0.001639375626
6.56,0.1779419789,-0.1384552374,-0.02486723071,0.01806857529,0.002637792114,0.999996521,0.0264142499,0.9996510828,0,0,1.231547985,1.647694925,-1.42691968,1.21334843,-0.05885927775,0.220688553,0.184688081,-1.171783247,1.579366887,1.28659547,1.250896947,-0.08934310148,0.08149063439,-0.4946661389,0.06343700897,-0.0001846552154,-0.008620507445,0.1110679741,0.03454879308,-0.05322354752,-0.01043321327,-0.05947348754,-0.005485739657,-0.007846373201,0.09249462448,0.01317752971,-0.02947861959,-0.01453521088,0.008384753404,0.01735881858,0.008384753404,0.002637795173,0.05795464282,0.1448761266,0.1141861237,0.001641217758
6.57,0.177697461,-0.1382739435,-0.02403909305,0.01819004582,0.002637792114,0.999996521,0.0264142499,0.9996510828,0,0,1.232182355,1.647693079,-1.427005885,1.21445911,-0.05851378982,0.2201563175,0.1845837489,-1.172377982,1.579312029,1.286517006,1.251821893,-0.08921132618,0.08119584819,-0.4948114911,0.06383559572,-0.0001851021751,-0.008243001081,0.1113652958,0.03376666929,-0.05296291742,-0.009990774851,-0.05984972136,-0.005665679174,-0.007779387225,0.09342460627,0.01247706026,-0.03016065778,-0.01418009508,0.008386014612,0.01733508152,0.008386014612,0.002637795173,0.05768456132,0.1445359953,0.1142085808,0.00164306431
6.58,0.1774611414,-0.1380914395,-0.02322762833,0.01831059194,0.002637792114,0.999996521,0.0264142499,0.9996510828,0,0,1.232820711,1.647691228,-1.427088315,1.215572763,-0.05817612313,0.2196266883,0.1844838411,-1.172976479,1.579255372,1.286439212,1.252756139,-0.08908655558,0.08089424161,-0.494953292,0.06423155529,-0.0001855540709,-0.007873297272,0.1116652868,0.03300183707,-0.05271092589,-0.00955686297,-0.06022317789,-0.005842672376,-0.007714099158,0.09434396711,0.01179047493,-0.03083226055,-0.01383212903,0.008387284124,0.01731076014,0.008387284124,0.002637795173,0.05740174931,0.1441854821,0.1142230762,0.001644915332
6.59,0.1772328522,-0.1379077348,-0.02243304884,0.01843020188,0.002637792114,0.999996521,0.0264142499,0.9996510828,0,0,1.233463027,1.647689372,-1.427167048,1.216689416,-0.05784610476,0.2190995791,0.1843882725,-1.173578711,1.579196946,1.286362071,1.253699578,-0.08896865083,0.08058591901,-0.4950916133,0.06462484589,-0.0001860109645,-0.007511479792,0.1119679691,0.03225448724,-0.05246767715,-0.009131601411,-0.06059382795,-0.006016684298,-0.007650534844,0.09525258157,0.01111794217,-0.03149329859,-0.01349142277,0.008388561893,0.01728586392,0.008388561893,0.002637795173,0.05710664642,0.1438249785,0.1142299828,0.001646770872
6.6,0.1770124235,-0.1377228387,-0.02165556153,0.01854886417,0.002637792114,0.999996521,0.0264142499,0.9996510828,0,0,1.234109275,1.647687512,-1.427242163,1.217809095,-0.05752355988,0.2185749023,0.1842969565,-1.174184649,1.579136779,1.286285566,1.254652104,-0.0888574714,0.08027098602,-0.4952265275,0.06501542631,-0.0001864729159,-0.007157629456,0.112273363,0.0315248042,-0.05223327254,-0.008715111792,-0.06096164339,-0.006187680982,-0.007588719731,0.09615032787,0.0104596258,-0.03214364596,-0.01315808474,0.008389847871,0.01726040245,0.008389847871,0.002637795173,0.05679968605,0.1434548693,0.1142296666,0.001648630982
6.61,0.1767996833,-0.1375367607,-0.02089536791,0.01866656763,0.002637792114,0.999996521,0.0264142499,0.9996510828,0,0,1.23475943,1.647685647,-1.427313739,1.218931829,-0.05720831184,0.2180525696,0.1842098054,-1.174794266,1.579074902,1.286209678,1.255613608,-0.08875287515,0.07994954956,-0.4953581084,0.06504711665,-0.000186222394,-0.00665981372,0.1115857616,0.03070464133,-0.05136720983,-0.008337282253,-0.06098975381,-0.006270321064,-0.007563756014,0.09609958243,0.009761141848,-0.03220340228,-0.01288189792,0.008391142009,0.01723438542,0.008391142009,0.002637795173,0.05648129487,0.1430755318,0.1142224859,0.001650495711
6.62,0.1765944578,-0.1373495105,-0.02015266412,0.0187833014,0.002637792114,0.999996521,0.0264142499,0.9996510828,0,0,1.235409901,1.647683785,-1.427380337,1.220047687,-0.05690126543,0.2175388975,0.1841264325,-1.175404163,1.579012199,1.286134041,1.256574603,-0.08865526373,0.07962751554,-0.4954869273,0.06534261016,-0.0001865138033,-0.006284261611,0.111646117,0.02998404355,-0.05098958213,-0.007945944691,-0.06126684428,-0.006413673504,-0.00751437179,0.09673875342,0.009118045976,-0.03268573823,-0.01257590447,0.008392437142,0.01720812518,0.008392437142,0.002637795173,0.05638177234,0.1429172162,0.1141732415,0.001652357935
6.63,0.1763965711,-0.1371610979,-0.01942764089,0.01889905488,0.002637792114,0.999996521,0.0264142499,0.9996510828,0,0,1.236063327,1.64768192,-1.42744318,1.221164148,-0.05660142499,0.2170290017,0.1840469731,-1.176016832,1.578948062,1.286058897,1.257541991,-0.08856408327,0.07930065816,-0.4956126864,0.06572230461,-0.0001869857769,-0.005954070919,0.1119525589,0.02930812803,-0.05077762346,-0.007556441625,-0.0616233207,-0.006574757967,-0.00745824115,0.0975957678,0.008502960987,-0.03329867864,-0.0122654427,0.00839373854,0.01718140523,0.00839373854,0.002637795173,0.05634494946,0.1428237028,0.1141165512,0.001654223073
6.64,0.1762058454,-0.1369715327,-0.01872048358,0.01901381782,0.002637792114,0.999996521,0.0264142499,0.9996510828,0,0,1.23672055,1.64768005,-1.42750272,1.222283673,-0.05630834371,0.2165212254,0.1839714087,-1.176633065,1.578882315,1.285984315,1.258517949,-0.08847905366,0.07896767137,-0.4957353408,0.06609914319,-0.0001874630802,-0.00563212959,0.1122618283,0.02865053478,-0.05057491654,-0.007176185424,-0.0619768875,-0.006732707975,-0.007403954333,0.09844153713,0.007902702124,-0.03390050485,-0.01196277456,0.008395047891,0.0171541616,0.008395047891,0.002637795173,0.05631601787,0.1427401322,0.1140619124,0.001656092931
6.65,0.1760221013,-0.1367808249,-0.01803137211,0.01912758022,0.002637792114,0.999996521,0.0264142499,0.9996510828,0,0,1.237381541,1.647678176,-1.427559042,1.223406292,-0.05602183836,0.2160154763,0.1838996468,-1.177252834,1.578814987,1.285910275,1.259502364,-0.08840002664,0.07862866632,-0.4958549686,0.06647308794,-0.0001879457658,-0.005318504351,0.1125739409,0.02801141712,-0.05038154892,-0.00680528643,-0.062327522,-0.006887494631,-0.007351534797,0.09927595818,0.007317410205,-0.03449110805,-0.011668,0.00839636514,0.01712640437,0.00839636514,0.002637795173,0.05629460295,0.1426660783,0.1140092736,0.001657967562
6.66,0.1758451573,-0.1365889845,-0.01736048106,0.01924033242,0.002637792114,0.999996521,0.0264142499,0.9996510828,0,0,1.238046272,1.647676296,-1.427612227,1.224532031,-0.05574172419,0.2155116608,0.183831594,-1.177876109,1.578746113,1.28583676,1.260495124,-0.08832685254,0.07828375524,-0.4959716486,0.06684410148,-0.0001884338848,-0.005013259026,0.1128889109,0.02739092206,-0.05019760528,-0.006443852751,-0.06267520258,-0.007039090044,-0.0073010056,0.1000989313,0.006747221433,-0.03507038279,-0.01138121728,0.008397690235,0.01709814369,0.008397690235,0.002637795173,0.05628033963,0.1426011242,0.113958583,0.001659847019
6.67,0.1756748303,-0.1363960217,-0.01670797957,0.01935206503,0.002637792114,0.999996521,0.0264142499,0.9996510828,0,0,1.238714713,1.647674412,-1.427662359,1.22566092,-0.05546781497,0.2150096847,0.1837671554,-1.178502861,1.578675722,1.28576375,1.261496113,-0.08825938032,0.07793305141,-0.4960854607,0.06721214702,-0.0001889274866,-0.004716454546,0.1132067515,0.02678919032,-0.05002316738,-0.006091990257,-0.06301990866,-0.007187467319,-0.007252389391,0.1009103606,0.006192267403,-0.03563822698,-0.01110252295,0.008399023122,0.0170693898,0.008399023122,0.002637795173,0.05627287281,0.1425448622,0.113909788,0.001661731358
6.68,0.1755109358,-0.1362019466,-0.01607403141,0.01946276898,0.002637792114,0.999996521,0.0264142499,0.9996510828,0,0,1.239386835,1.647672523,-1.427709524,1.226792988,-0.05519992307,0.214509453,0.1837062355,-1.17913306,1.578603847,1.285691226,1.262505216,-0.08819745765,0.07757666914,-0.496196486,0.06757718836,-0.0001894266189,-0.004428148958,0.1135274747,0.02620635637,-0.04985831413,-0.005749802567,-0.06336162069,-0.00733260056,-0.007205708415,0.1017101534,0.005652675099,-0.03619454189,-0.01083201188,0.008400363746,0.01704015303,0.008400363746,0.002637795173,0.05627185788,0.1424968948,0.1138628357,0.001663620633
6.69,0.1753532873,-0.1360067697,-0.01545879496,0.01957243548,0.002637792114,0.999996521,0.0264142499,0.9996510828,0,0,1.240062607,1.647670628,-1.427753805,1.227928262,-0.05493785951,0.2140108699,0.1836487375,-1.179766676,1.578530521,1.285619169,1.263522318,-0.0881409309,0.07721472372,-0.4963048061,0.06793918989,-0.000189931328,-0.004148397429,0.1138510911,0.02564254841,-0.04970312155,-0.005417391042,-0.06370032018,-0.007474464869,-0.007160984502,0.1024982211,0.005128566904,-0.03673923216,-0.01056977719,0.008401712051,0.01701044379,0.008401712051,0.002637795173,0.05627696121,0.1424568352,0.1138176728,0.001665514899
6.7,0.175201697,-0.1358105014,-0.01486242317,0.01968105605,0.002637792114,0.999996521,0.0264142499,0.9996510828,0,0,1.240741998,1.647668729,-1.427795289,1.229066773,-0.05468143402,0.2135138387,0.1835945636,-1.18040368,1.578455776,1.285547559,1.2645473,-0.08808964523,0.0768473314,-0.4964105039,0.06829811658,-0.0001904416586,-0.003877252257,0.1141776104,0.02509788841,-0.04955766276,-0.005094854769,-0.06403598964,-0.007613036344,-0.007118239071,0.1032744784,0.004620060597,-0.0372722058,-0.01031591032,0.008403067981,0.01698027256,0.008403067981,0.002637795173,0.0562878606,0.1424243071,0.1137742455,0.001667414212
6.71,0.1750559755,-0.1356131521,-0.01428506364,0.01978862252,0.002637792114,0.999996521,0.0264142499,0.9996510828,0,0,1.24142498,1.647666825,-1.427834062,1.230208549,-0.05443045514,0.2130182621,0.183543615,-1.18104404,1.578379646,1.285476377,1.265580045,-0.08804344462,0.07647460934,-0.496513663,0.06865393404,-0.0001909576535,-0.003614762878,0.1145070409,0.02457249211,-0.04942200803,-0.004782290555,-0.06436861265,-0.007748292077,-0.00707749312,0.1040388435,0.004127269358,-0.03779337416,-0.01007050092,0.008404431479,0.0169496499,0.008404431479,0.002637795173,0.05630424575,0.142398946,0.1137324994,0.001669318629
6.72,0.1749159319,-0.1354147325,-0.01372685854,0.01989512699,0.002637792114,0.999996521,0.0264142499,0.9996510828,0,0,1.242111519,1.647664915,-1.427870209,1.23135362,-0.05418473022,0.212524042,0.1834957921,-1.181687726,1.578302163,1.285405602,1.266620433,-0.08800217193,0.0760966756,-0.496614368,0.06900660846,-0.0001914793542,-0.003360975877,0.11483939,0.02406646906,-0.04929622474,-0.004479792913,-0.0646981738,-0.007880210156,-0.007038767232,0.1047912384,0.003650301775,-0.03830265199,-0.009833636907,0.008405802487,0.01691858645,0.008405802487,0.002637795173,0.05632581871,0.1423803995,0.1136923799,0.001671228206
6.73,0.174781374,-0.1352152532,-0.01318794467,0.02000056188,0.002637792114,0.999996521,0.0264142499,0.9996510828,0,0,1.242801585,1.647663,-1.427903819,1.232502014,-0.05394406553,0.2120310797,0.1834509942,-1.182334707,1.578223361,1.285335214,1.267668346,-0.08796566891,0.07571364908,-0.4967127043,0.06935610666,-0.0001920068006,-0.003115934996,0.1151746636,0.02357992262,-0.04918037739,-0.004187454049,-0.06502465871,-0.008008769659,-0.007002081561,0.1055315885,0.00318926184,-0.03879995736,-0.009605404422,0.008407180945,0.01688709291,0.008407180945,0.002637795173,0.05635229435,0.1423683271,0.113653832,0.001673142999
6.74,0.1746521083,-0.1350147249,-0.01266845342,0.02010491991,0.002637792114,0.999996521,0.0264142499,0.9996510828,0,0,1.243495146,1.64766108,-1.427934979,1.23365376,-0.0537082663,0.211539276,0.1834091197,-1.182984954,1.578143273,1.285265193,1.268723662,-0.08793377629,0.07532564951,-0.4968087584,0.069278866,-0.0001916456442,-0.002697749295,0.1143201773,0.02299108339,-0.04829499707,-0.003944734889,-0.0649791385,-0.007919391668,-0.006837057452,0.1051301758,0.002523426827,-0.03856967823,-0.009308868575,0.008408566796,0.01685518005,0.008408566796,0.002637795173,0.05638340078,0.1423624016,0.1136168001,0.001675063067
6.75,0.1745279398,-0.1348131584,-0.01216851079,0.0202081941,0.002637792114,0.999996521,0.0264142499,0.9996510828,0,0,1.244187935,1.647659164,-1.427961956,1.234796962,-0.05347835547,0.211056326,0.1833696723,-1.183634745,1.578064079,1.285196823,1.269774963,-0.08790854202,0.07493995273,-0.4969018471,0.06949856857,-0.0001920315771,-0.002331028285,0.114526908,0.02249068783,-0.04800665071,-0.0037576467,-0.06594869841,-0.005520055947,-0.00290052982,0.105732081,-0.001344275156,-0.03867631202,-0.006019789301,0.008409951491,0.01682358219,0.008409951491,0.002637795173,0.05604653789,0.1423622007,0.1135797789,0.001676979524
6.76,0.1744086725,-0.1346105646,-0.01168823739,0.02031037775,0.002637792114,0.999996521,0.0264142499,0.9996510828,0,0,1.24488292,1.647657243,-1.427985266,1.235942231,-0.05325344859,0.2105762595,0.1833320959,-1.184294232,1.578008879,1.285167817,1.270832284,-0.08792198477,0.07455318961,-0.496962045,0.06983986827,-0.0001925748494,-0.002117263473,0.1148663305,0.02206514247,-0.04792223962,-0.003492945217,-0.0662371565,-0.005736780484,-0.003032482829,0.1064304225,-0.001615862758,-0.03914503394,-0.005939842497,0.008411340973,0.01679972608,0.008411340973,0.002637795173,0.05570968554,0.1423622007,0.1135114437,0.001678899839
6.77,0.1742941091,-0.1344069545,-0.01122774842,0.02041146448,0.002637792114,0.999996521,0.0264142499,0.9996510828,0,0,1.245581319,1.647655318,-1.428006439,1.237090894,-0.05303279716,0.2100970371,0.1832971664,-1.184956604,1.577951511,1.285137493,1.271896589,-0.0879381434,0.07416173927,-0.4970214434,0.07017772782,-0.0001931239275,-0.001912152961,0.1152086796,0.02165931206,-0.0478478061,-0.003238898056,-0.06652361981,-0.00594594856,-0.003159698757,0.1071164956,-0.001877115758,-0.03960105064,-0.005863772717,0.008412737688,0.01677516705,0.008412737688,0.002637795173,0.05536810533,0.1423622007,0.1134458037,0.001680825588
6.78,0.1741840512,-0.134202339,-0.0107871537,0.02051144819,0.002637792114,0.999996521,0.0264142499,0.9996510828,0,0,1.246283096,1.647653386,-1.42802556,1.238242981,-0.05281620404,0.209618559,0.1832647774,-1.18562184,1.577892051,1.285105896,1.272967753,-0.08795691456,0.07376572876,-0.4970800811,0.07051211702,-0.0001936788428,-0.001715727064,0.1155539569,0.02127327137,-0.04778340003,-0.002995585905,-0.06680808985,-0.006147508188,-0.003282162277,0.1077902433,-0.002127985056,-0.04004429146,-0.005791613222,0.008414141573,0.01674992934,0.008414141573,0.002637795173,0.05502193294,0.1423622007,0.1133827452,0.001682756827
6.79,0.1740782994,-0.1339967292,-0.01036655765,0.02061032311,0.002637792114,0.999996521,0.0264142499,0.9996510828,0,0,1.246988218,1.64765145,-1.428042718,1.239398521,-0.05260347133,0.209140725,0.1832348216,-1.186289921,1.577830576,1.285073074,1.274045656,-0.08797819441,0.07336528585,-0.4971379972,0.0708430064,-0.0001942396248,-0.00152801342,0.1159021629,0.0209070892,-0.04772906851,-0.002763087009,-0.06709056893,-0.006341409215,-0.003399859548,0.1084516125,-0.002368424492,-0.0404746892,-0.005723396462,0.008415552561,0.01672403736,0.008415552561,0.002637795173,0.05467130478,0.1423622007,0.1133221538,0.001684693615
6.8,0.1739766531,-0.1337901362,-0.009966059296,0.02070808373,0.002637792114,0.999996521,0.0264142499,0.9996510828,0,0,1.247696648,1.647649507,-1.428057998,1.240557542,-0.05239440044,0.2086634343,0.1832071907,-1.186960827,1.577767162,1.285039075,1.275130172,-0.08800187865,0.07296053895,-0.4971952312,0.07117036717,-0.0001948063019,-0.001349037001,0.1162532973,0.02056082839,-0.04768485582,-0.002541477164,-0.06737106012,-0.006527603328,-0.003512778216,0.1091005533,-0.002598390844,-0.04089218003,-0.005659154067,0.008416970585,0.01669751568,0.008416970585,0.002637795173,0.05431635795,0.1423622007,0.1132639148,0.001686636012
6.81,0.1738789109,-0.1335825713,-0.00958575227,0.02080472488,0.002637792114,0.999996521,0.0264142499,0.9996510828,0,0,1.248408351,1.647647559,-1.428071488,1.241720075,-0.05218879215,0.2081865858,0.1831817759,-1.187634537,1.577701886,1.285003948,1.276221178,-0.08802786256,0.07255161715,-0.4972518228,0.07149417129,-0.0001953789006,-0.00117882012,0.1166073585,0.02023454582,-0.04765080349,-0.002330829693,-0.06764956728,-0.006706044062,-0.003620907403,0.1097370193,-0.002817843826,-0.04129670357,-0.005598916842,0.00841839558,0.01667038901,0.00841839558,0.002637795173,0.0539572302,0.1423622007,0.1132079126,0.001688584075
6.82,0.1737848704,-0.1333740455,-0.009225724808,0.02090024165,0.002637792114,0.999996521,0.0264142499,0.9996510828,0,0,1.249123293,1.647645605,-1.428083276,1.242886149,-0.05198644669,0.2077100777,0.1831584676,-1.188311033,1.577634826,1.284967738,1.277318548,-0.088056041,0.07213865012,-0.4973078119,0.07181439141,-0.000195957446,-0.001017382448,0.1169643439,0.01992829245,-0.04762695023,-0.002131215435,-0.06792609502,-0.006876686809,-0.003724237703,0.1103609678,-0.003026746079,-0.04168820285,-0.005542714755,0.008419827477,0.01664268226,0.008419827477,0.002637795173,0.05359405993,0.1423622007,0.1131540314,0.001690537864
6.83,0.1736943285,-0.1331645702,-0.00888605975,0.02099462945,0.002637792114,0.999996521,0.0264142499,0.9996510828,0,0,1.249841437,1.647643646,-1.42809345,1.244055792,-0.05178716377,0.2072338082,0.1831371555,-1.188990294,1.577566059,1.284930496,1.278422157,-0.08808630846,0.07172176809,-0.4973632391,0.07213100096,-0.0001965419616,-0.0008647410169,0.1173242499,0.01964211334,-0.04761333201,-0.001942702731,-0.0682006487,-0.00703948882,-0.003822761172,0.1109723595,-0.003225063172,-0.04206662431,-0.005490576934,0.008421266208,0.01661442043,0.008421266208,0.002637795173,0.0532269861,0.1423622007,0.1131021547,0.001692497438
6.84,0.1736070811,-0.1329541567,-0.008566834542,0.02108788399,0.002637792114,0.999996521,0.0264142499,0.9996510828,0,0,1.250562747,1.64764168,-1.428102098,1.245229035,-0.05159074264,0.2067576749,0.1831177284,-1.1896723,1.577495664,1.284892268,1.279531881,-0.08811855909,0.07130110185,-0.4974181448,0.07244397409,-0.0001971324691,-0.000720910239,0.1176870719,0.01937604767,-0.04760998198,-0.001765357404,-0.06847323443,-0.007194409222,-0.003916471324,0.1115711585,-0.003412763591,-0.04243191782,-0.005442531655,0.008422711704,0.01658562871,0.008422711704,0.002637795173,0.05285614822,0.1423622007,0.1130521656,0.001694462858
6.85,0.1735229234,-0.1327428163,-0.008268121237,0.02118000128,0.002637792114,0.999996521,0.0264142499,0.9996510828,0,0,1.251287187,1.647639709,-1.428109307,1.246405906,-0.05139698216,0.2062815751,0.1831000749,-1.190357033,1.57742372,1.284853104,1.280647593,-0.08815268673,0.07087678267,-0.4974725702,0.0727532857,-0.0001977289889,-0.0005859019125,0.1180528041,0.01913012875,-0.04761693053,-0.001599242747,-0.06874385906,-0.007341409015,-0.004005363122,0.1121573325,-0.003589818739,-0.04278403667,-0.005398606332,0.008424163896,0.01655633239,0.008424163896,0.002637795173,0.05248168632,0.1423622007,0.1130039468,0.001696434183
6.86,0.1734416501,-0.1325305605,-0.00798998649,0.02127097761,0.002637792114,0.999996521,0.0264142499,0.9996510828,0,0,1.25201472,1.647637732,-1.428115166,1.247586434,-0.05120568087,0.2058054058,0.1830840824,-1.191044471,1.577350306,1.28481305,1.281769166,-0.08818858492,0.0704489423,-0.4975265562,0.07266849158,-0.0001983315397,-0.000294646845,0.1172949315,0.01879804794,-0.04689721746,-0.001477864983,-0.06863946116,-0.007384732242,-0.004134592741,0.1116634256,-0.003824417764,-0.04245368066,-0.00541603,0.008425622713,0.0165265569,0.008425622713,0.002637795173,0.0521037409,0.1423622007,0.1129573806,0.001698411472
6.87,0.1733630549,-0.1323174006,-0.007732491564,0.0213608096,0.002637792114,0.999996521,0.0264142499,0.9996510828,0,0,1.252741404,1.647635748,-1.428118112,1.248759383,-0.05101770039,0.2053364336,0.1830693038,-1.191730866,1.577276459,1.284771704,1.2828858,-0.0882268291,0.0700244055,-0.4975807165,0.07290323172,-0.0001989401387,-0.0001490466469,0.1174725689,0.01857437464,-0.04679798153,-0.001340049252,-0.06884186754,-0.007499301904,-0.004221600829,0.112040285,-0.003991831526,-0.04266397203,-0.005390208518,0.008427080176,0.0164966644,0.008427080176,0.002637795173,0.05208765169,0.1419970021,0.1129123489,0.001700394788
6.88,0.1732869313,-0.1321033481,-0.007495692325,0.02144949414,0.002637792114,0.999996521,0.0264142499,0.9996510828,0,0,1.253470437,1.647633759,-1.428119603,1.249934109,-0.05083195665,0.2048684538,0.1830559033,-1.192419285,1.577201466,1.284729488,1.284006203,-0.08826674741,0.06959776577,-0.4976346186,0.07319960903,-0.0001995548014,-3.993376918e-05,0.1178417064,0.01838872384,-0.04683251313,-0.001208035151,-0.06910479706,-0.007621871482,-0.004296222519,0.1125831542,-0.004137109701,-0.04297301769,-0.005359004213,0.008428542758,0.01646640171,0.008428542758,0.002637795173,0.05213126731,0.1415688976,0.1128687333,0.001702384189
6.89,0.1732130719,-0.1318884145,-0.007279639247,0.02153702843,0.002637792114,0.999996521,0.0264142499,0.9996510828,0,0,1.254202433,1.647631763,-1.428120002,1.251112526,-0.05064806941,0.2044001287,0.1830438229,-1.193110333,1.577125247,1.284686526,1.285132035,-0.08830811851,0.0691680356,-0.4976882086,0.07349225407,-0.0002001755418,6.033122188e-05,0.1182137872,0.01822329465,-0.04687748056,-0.001087480868,-0.06936582567,-0.007736389142,-0.004366017809,0.1131133753,-0.004271653952,-0.04326878088,-0.005332019614,0.008430011709,0.01643573822,0.008430011709,0.002637795173,0.05217358558,0.1411390309,0.112826415,0.001704379737
6.9,0.1731412692,-0.1316726114,-0.007084377405,0.02162340999,0.002637792114,0.999996521,0.0264142499,0.9996510828,0,0,1.254937355,1.647629762,-1.428119399,1.252294664,-0.05046583646,0.2039313539,0.1830329481,-1.193803991,1.577047883,1.284642866,1.286263168,-0.08835083505,0.06873534779,-0.4977415288,0.07378114608,-0.0002008023722,0.0001517484395,0.1185888016,0.01807809249,-0.04693290093,-0.0009784362164,-0.06962496348,-0.007842825458,-0.004430988703,0.1136309327,-0.004395450032,-0.04355123175,-0.005309277323,0.008431486959,0.01640469981,0.008431486959,0.002637795173,0.0522147255,0.140707425,0.112785275,0.001706381493
6.91,0.1730713149,-0.1314559502,-0.006909946484,0.0217086366,0.002637792114,0.999996521,0.0264142499,0.9996510828,0,0,1.255675167,1.647627754,-1.428117881,1.253480552,-0.05028505554,0.2034620249,0.1830231638,-1.19450024,1.576969455,1.284598556,1.287399478,-0.08839478955,0.06829983547,-0.4977946216,0.07406626512,-0.0002014353036,0.0002343205257,0.1189667391,0.01795311708,-0.04699878859,-0.000880948365,-0.0698822213,-0.007941152931,-0.004491138609,0.1141358144,-0.004508486581,-0.04382034381,-0.005290799023,0.008432968434,0.01637331242,0.008432968434,0.002637795173,0.05225480631,0.140274103,0.1127451942,0.001708389516
6.92,0.1730030007,-0.1312384425,-0.00675638077,0.02179270636,0.002637792114,0.999996521,0.0264142499,0.9996510828,0,0,1.25641583,1.647625739,-1.428115538,1.254670219,-0.05010552437,0.202992037,0.1830143543,-1.195199063,1.576890043,1.284553645,1.288540836,-0.08843987441,0.06786163203,-0.4978475296,0.07434759205,-0.0002020743452,0.0003080526382,0.1193475881,0.01784836246,-0.04707515515,-0.0007950618244,-0.07013761058,-0.008031345996,-0.004546472331,0.1146280117,-0.004610755118,-0.04407609404,-0.00527660547,0.008434456062,0.01634160211,0.008434456062,0.002637795173,0.05229394747,0.139839088,0.112706053,0.001710403869
6.93,0.1729361177,-0.1310200999,-0.006623709156,0.02187561768,0.002637792114,0.999996521,0.0264142499,0.9996510828,0,0,1.257159305,1.647623719,-1.428112458,1.255863695,-0.04992704074,0.2025212854,0.1830064037,-1.195900439,1.57680973,1.28450818,1.289687116,-0.08848598196,0.06742087109,-0.4979002957,0.07462510857,-0.0002027195046,0.0003729524386,0.1197313361,0.017763817,-0.04716200944,-0.0007208184269,-0.07039114343,-0.008113381033,-0.004596996061,0.1151075193,-0.004702250035,-0.0443184628,-0.005266716481,0.00843594977,0.01630959502,0.00843594977,0.002637795173,0.0523322686,0.1394024033,0.1126677319,0.001712424613
6.94,0.1728704568,-0.130800934,-0.006511955141,0.02195736925,0.002637792114,0.999996521,0.0264142499,0.9996510828,0,0,1.257905557,1.647621691,-1.428108728,1.257061008,-0.04974940257,0.2020496653,0.1829991955,-1.19660435,1.576728596,1.28446221,1.290838191,-0.08853300446,0.06697768647,-0.4979529628,0.07489879718,-0.0002033707878,0.0004290300804,0.1201179696,0.01769946345,-0.04725935754,-0.0006582573096,-0.07064283261,-0.008187236376,-0.004642717369,0.1155743352,-0.004782968597,-0.04454743388,-0.005261150927,0.008437449483,0.01627731736,0.008437449483,0.002637795173,0.0523698895,0.1389640719,0.1126301109,0.001714451808
6.95,0.1728058088,-0.1305809564,-0.006421136827,0.02203796007,0.002637792114,0.999996521,0.0264142499,0.9996510828,0,0,1.258654545,1.647619658,-1.428104438,1.258262188,-0.04957240794,0.2015770717,0.1829926129,-1.197310779,1.576646723,1.284415783,1.291993934,-0.08858083415,0.06653221213,-0.4980055743,0.07516864124,-0.0002040281995,0.0004762981956,0.1205074743,0.01765527895,-0.04736720277,-0.0006074148956,-0.07089269149,-0.00825289232,-0.004683645198,0.1160284611,-0.004852910931,-0.0447629945,-0.00525992672,0.008438955128,0.01624479544,0.008438955128,0.002637795173,0.05240693006,0.1385241171,0.1125930704,0.001716485516
6.96,0.1727419642,-0.1303601787,-0.006351266924,0.02211738943,0.002637792114,0.999996521,0.0264142499,0.9996510828,0,0,1.259406231,1.647617617,-1.428099675,1.259467263,-0.04939585515,0.2011033997,0.1829865388,-1.198019705,1.576564195,1.284368946,1.293154219,-0.08862936326,0.06608458218,-0.4980581736,0.07543462496,-0.0002046917426,0.0005147718831,0.120899835,0.01763123504,-0.04748554573,-0.000568324876,-0.0711407341,-0.008310331133,-0.004719789855,0.1164699017,-0.004912080024,-0.04496513531,-0.005263060807,0.008440466629,0.01621205559,0.008440466629,0.002637795173,0.05244351028,0.1380825621,0.1125564901,0.001718525798
6.97,0.1726787136,-0.1301386125,-0.006302352745,0.02219565693,0.002637792114,0.999996521,0.0264142499,0.9996510828,0,0,1.260160577,1.64761557,-1.428094527,1.260676261,-0.0492195428,0.2006285443,0.1829808555,-1.198731113,1.576481091,1.284321748,1.294318918,-0.08867848406,0.06563493083,-0.4981108042,0.07552668854,-0.0002049621597,0.0006154142528,0.1207948431,0.0175841778,-0.04728454162,-0.0005569613298,-0.07122270434,-0.008317303366,-0.004772367561,0.1164238199,-0.004992304822,-0.04485429978,-0.005296237037,0.008441983912,0.01617912426,0.008441983912,0.002637795173,0.05247975021,0.1376394301,0.1125202502,0.001720572715
6.98,0.1726158473,-0.1299162694,-0.006274396208,0.02227276245,0.002637792114,0.999996521,0.0264142499,0.9996510828,0,0,1.260915844,1.647613521,-1.428088373,1.26188421,-0.04904370102,0.2001556988,0.1829752859,-1.19944334,1.576397918,1.284274025,1.295483156,-0.08872840711,0.06518638783,-0.4981637666,0.07550190397,-0.0002049733632,0.0007543396041,0.1203603525,0.01752864536,-0.04687486886,-0.0005679419913,-0.07119369326,-0.00828797106,-0.004834284515,0.1160494286,-0.005082903379,-0.0445309113,-0.005350815334,0.008443503475,0.01614617585,0.008443503475,0.002637795173,0.05234830871,0.1373622054,0.1124842304,0.001722622337
6.99,0.1725531558,-0.1296931611,-0.006267393838,0.0223487062,0.002637792114,0.999996521,0.0264142499,0.9996510828,0,0,1.261670863,1.647611471,-1.428080829,1.263087813,-0.04886841457,0.1996869502,0.1829696065,-1.200155277,1.576315039,1.284225682,1.296643651,-0.08877923614,0.06474107872,-0.4982172747,0.0757547667,-0.0002056517085,0.000767022484,0.120756832,0.01756457707,-0.04702178989,-0.0005643351164,-0.07143486792,-0.008320307146,-0.004856353528,0.1164485105,-0.005110060667,-0.04469001011,-0.005367280055,0.008445022962,0.01611333504,0.008445022962,0.002637795173,0.05193801158,0.1373622054,0.1124483109,0.00172467207
7,0.1724904296,-0.1294692992,-0.006281336763,0.02242348867,0.002637792114,0.999996521,0.0264142499,0.9996510828,0,0,1.262428411,1.647609415,-1.428073159,1.264295381,-0.04869276879,0.1992167323,0.1829639631,-1.200869625,1.576231835,1.284177118,1.297808136,-0.08883033675,0.06429417862,-0.4982709475,0.07600373902,-0.0002063362364,0.000770984059,0.1211561685,0.01762048814,-0.04717923014,-0.0005725844419,-0.0716743108,-0.008344381094,-0.004873691208,0.1168350251,-0.005126480445,-0.04483572674,-0.005388156668,0.008446547968,0.01608038333,0.008446547968,0.002637795173,0.05152622707,0.1373622054,0.1124123714,0.001726728588
7.01,0.1724274593,-0.1292446952,-0.006316210719,0.02249711064,0.002637792114,0.999996521,0.0264142499,0.9996510828,0,0,1.263188448,1.647607351,-1.428065449,1.265506943,-0.04851656391,0.19874494,0.1829582373,-1.201586369,1.576148392,1.284128381,1.298976486,-0.08888160155,0.06384582135,-0.4983248291,0.07624880999,-0.0002070269419,0.0007662505081,0.1215583435,0.01769632368,-0.04734717697,-0.0005927091095,-0.07191203864,-0.008360185264,-0.004886314603,0.1172089935,-0.005132179752,-0.04496806854,-0.005413456695,0.008448078418,0.01604734731,0.008448078418,0.002637795173,0.05111309838,0.1373622054,0.1123762921,0.00172879195
7.02,0.1723640357,-0.1290193608,-0.006371996044,0.02256957321,0.002637792114,0.999996521,0.0264142499,0.9996510828,0,0,1.263950936,1.647605281,-1.428057787,1.266722526,-0.04833960068,0.1982714682,0.1829523102,-1.202305489,1.57606479,1.284079518,1.300148576,-0.08893292335,0.06339614066,-0.4983789637,0.07648996958,-0.0002077238185,0.0007528503944,0.1219633375,0.0177920234,-0.04752561499,-0.0006247254117,-0.07214806876,-0.00836771404,-0.004894242078,0.1175704399,-0.005127178453,-0.04508704624,-0.005443190632,0.008449614235,0.01601425358,0.008449614235,0.002637795173,0.05069876857,0.1373622054,0.112339953,0.001730862219
7.03,0.1722999498,-0.1287933076,-0.006448667683,0.02264087777,0.002637792114,0.999996521,0.0264142499,0.9996510828,0,0,1.264715836,1.647603204,-1.428050258,1.26794216,-0.04816168044,0.197796212,0.1829460629,-1.20302697,1.575981113,1.284030576,1.30132428,-0.08898419514,0.0629452702,-0.4984333956,0.07672720869,-0.0002084268579,0.0007308146517,0.1223711299,0.01790752159,-0.04771452608,-0.000668646773,-0.07238241902,-0.008366963842,-0.004897493301,0.117919392,-0.005111499233,-0.04519267403,-0.005477367935,0.008451155342,0.01598112876,0.008451155342,0.002637795173,0.05028338058,0.1373622054,0.1123032345,0.001732939457
7.04,0.1722349928,-0.1285665471,-0.006546195187,0.02271102599,0.002637792114,0.999996521,0.0264142499,0.9996510828,0,0,1.265483108,1.647601119,-1.42804295,1.269165871,-0.04798260523,0.1973190668,0.1829393765,-1.203750794,1.575897443,1.283981601,1.302503474,-0.08903531013,0.06249334346,-0.4984881693,0.07696051911,-0.0002091360504,0.0007001765727,0.1227816997,0.01804274716,-0.04791388938,-0.0007244837308,-0.0726151078,-0.008357933134,-0.004896089236,0.1182558807,-0.005085167594,-0.04528496953,-0.005515997012,0.008452701661,0.0159479995,0.008452701661,0.002637795173,0.04986707711,0.1373622054,0.1122660169,0.001735023726
7.05,0.1721689565,-0.1283390909,-0.006664542709,0.02278001988,0.002637792114,0.999996521,0.0264142499,0.9996510828,0,0,1.266252713,1.647599028,-1.428035948,1.270393688,-0.04780217776,0.1968399279,0.1829321316,-1.204476945,1.575813864,1.28393264,1.303686033,-0.0890861618,0.06204049377,-0.4985433292,0.07718989357,-0.0002098513845,0.0006609717957,0.1231950248,0.0181976237,-0.04812368131,-0.0007922439164,-0.07284615404,-0.008340622437,-0.004890052135,0.1185799403,-0.005048211845,-0.04536395376,-0.00555908521,0.008454253117,0.01591489245,0.008454253117,0.002637795173,0.04945000068,0.1373622054,0.1122281808,0.001737115087
7.06,0.1721016327,-0.1281109505,-0.006803669011,0.02284786172,0.002637792114,0.999996521,0.0264142499,0.9996510828,0,0,1.267024612,1.64759693,-1.428029339,1.271625638,-0.04762020152,0.1963586911,0.1829242092,-1.205205406,1.575730457,1.283883739,1.304871832,-0.08913664392,0.06158685423,-0.4985989201,0.07741532576,-0.0002105728472,0.0006132382923,0.1236110823,0.01837206945,-0.04834387554,-0.0008719320356,-0.07307557715,-0.008315034335,-0.004879405528,0.1188916083,-0.005000663102,-0.04542965119,-0.00560663881,0.008455809631,0.01588183427,0.008455809631,0.002637795173,0.04903229353,0.1373622054,0.1121896071,0.0017392136
7.07,0.172032814,-0.1278821375,-0.006963527458,0.02291455409,0.002637792114,0.999996521,0.0264142499,0.9996510828,0,0,1.267798765,1.647594824,-1.428023206,1.272861749,-0.04743648082,0.1958752523,0.1829154899,-1.205936162,1.575647307,1.283834945,1.306060748,-0.08918665055,0.06113255772,-0.4986549865,0.07763681028,-0.0002113004242,0.0005570163542,0.1240298486,0.01856599737,-0.04857444303,-0.0009635498498,-0.07330339709,-0.008281173485,-0.004864174216,0.1191909254,-0.004942555276,-0.04548208974,-0.005658663014,0.008457371125,0.01584885161,0.008457371125,0.002637795173,0.04861409759,0.1373622054,0.1121501769,0.001741319329
7.08,0.1719622932,-0.1276526633,-0.007144066019,0.02298009988,0.002637792114,0.999996521,0.0264142499,0.9996510828,0,0,1.268575134,1.647592711,-1.428017636,1.274102048,-0.04725082085,0.1953895079,0.1829058544,-1.206669196,1.575564495,1.283786304,1.307252658,-0.08923607611,0.06067773682,-0.4987115731,0.07770440423,-0.0002116647378,0.0005549837394,0.1240034762,0.0187431483,-0.04851724782,-0.001081358859,-0.0733848784,-0.008201908949,-0.004864273832,0.1190517044,-0.004903837125,-0.04525051717,-0.005738672538,0.008458937522,0.0158159711,0.008458937522,0.002637795173,0.04819555447,0.1373622054,0.1121097715,0.001743432333
7.09,0.1718898639,-0.1274225393,-0.007345227272,0.02304450227,0.002637792114,0.999996521,0.0264142499,0.9996510828,0,0,1.269352178,1.647590594,-1.428012086,1.275342082,-0.04706338937,0.1949043354,0.1828950408,-1.207403045,1.575482476,1.283737661,1.308443175,-0.08928511448,0.06022523165,-0.4987689598,0.07762128338,-0.0002116734939,0.0006057751782,0.1235414109,0.01890431003,-0.04817854778,-0.001224983665,-0.07332303125,-0.008078044958,-0.004879309511,0.1184828237,-0.004883903836,-0.04474058044,-0.005846133268,0.008460505714,0.01578334908,0.008460505714,0.002637795173,0.04793172676,0.1373622054,0.1120682725,0.00174554898
7.1,0.1718153201,-0.127191777,-0.007566948397,0.02310776474,0.002637792114,0.999996521,0.0264142499,0.9996510828,0,0,1.27012839,1.647588477,-1.428006029,1.276577497,-0.04687434627,0.1944225499,0.182882791,-1.208136275,1.575401696,1.283688868,1.309628003,-0.08933395352,0.05977782584,-0.4988274211,0.07782975709,-0.0002124163204,0.0005247033749,0.1239646955,0.01915601774,-0.04843771238,-0.001352373295,-0.07354493596,-0.008019143415,-0.004850636659,0.118741789,-0.004794562942,-0.04475117465,-0.005911709025,0.008462072655,0.01575113891,0.008462072655,0.002637795173,0.04797443717,0.1373622054,0.1120255621,0.001747665715
7.11,0.1717384566,-0.1269603878,-0.00780916118,0.02316989108,0.002637792114,0.999996521,0.0264142499,0.9996510828,0,0,1.270906688,1.647586353,-1.428000782,1.277817144,-0.04668278609,0.1939381728,0.1828692672,-1.208871725,1.575321504,1.283640361,1.310815421,-0.08938189914,0.0593303141,-0.4988865382,0.07803429689,-0.0002131652409,0.0004353097302,0.124390661,0.01942682302,-0.0487071554,-0.001491661679,-0.07376534015,-0.007952015689,-0.004817487387,0.1189886549,-0.004694820546,-0.04474869147,-0.005981757973,0.008463644235,0.01571911141,0.008463644235,0.002637795173,0.0480184767,0.1373622054,0.1119815226,0.001749789879
7.12,0.1716590688,-0.126728383,-0.008071792012,0.02323088537,0.002637792114,0.999996521,0.0264142499,0.9996510828,0,0,1.271687031,1.647584222,-1.427996428,1.27906105,-0.04648851786,0.1934511013,0.1828543506,-1.209609378,1.575241984,1.283592187,1.312005307,-0.08942884735,0.05888282718,-0.4989463558,0.07823490258,-0.0002139202326,0.0003376451285,0.1248192806,0.01971661382,-0.04898683455,-0.001642834955,-0.07398426573,-0.00787667709,-0.004779892667,0.1192234776,-0.004584724326,-0.04473317544,-0.006056279395,0.008465220376,0.01568729308,0.008465220376,0.002637795173,0.04806396252,0.1373622054,0.1119360367,0.001751921531
7.13,0.171576953,-0.1264957739,-0.008354761889,0.02329075198,0.002637792114,0.999996521,0.0264142499,0.9996510828,0,0,1.27246938,1.647582082,-1.427993052,1.280309243,-0.04629135172,0.1929612329,0.1828379223,-1.210349221,1.575163217,1.283544388,1.313197542,-0.08947469459,0.05843549543,-0.4990069186,0.07843157497,-0.0002146812713,0.0002317626994,0.1252505268,0.02002527293,-0.0492767048,-0.001805876203,-0.07420173505,-0.007793145059,-0.00473788469,0.1194463164,-0.004464324726,-0.04470467452,-0.006135271433,0.008466801001,0.01565571038,0.008466801001,0.002637795173,0.04811101142,0.1373622054,0.1118889878,0.001754060733
7.14,0.1714919061,-0.1262625717,-0.008657986414,0.02334949561,0.002637792114,0.999996521,0.0264142499,0.9996510828,0,0,1.273253696,1.647579936,-1.427990734,1.281561748,-0.04609109899,0.1924684659,0.1828198635,-1.211091238,1.575085286,1.283497009,1.314392005,-0.08951933784,0.05798844868,-0.4990682713,0.07862431584,-0.000215448331,0.000117717806,0.1256843712,0.02035267804,-0.04957671842,-0.001980765421,-0.07441777089,-0.007701439176,-0.004691496855,0.119657234,-0.004333674951,-0.04466324015,-0.006218731082,0.008468386031,0.01562438972,0.008468386031,0.002637795173,0.04815973968,0.1373622054,0.1118402595,0.001756207546
7.15,0.171403726,-0.1260287877,-0.008981375793,0.02340712122,0.002637792114,0.999996521,0.0264142499,0.9996510828,0,0,1.274039939,1.647577781,-1.427989557,1.282818592,-0.04588757221,0.1919726987,0.1828000558,-1.211835416,1.575008272,1.283450094,1.315588578,-0.08956267459,0.05754181628,-0.4991304586,0.07881312802,-0.0002162213841,-4.431967793e-06,0.1261207848,0.02069870174,-0.04988682495,-0.002167479512,-0.07463239643,-0.007601581172,-0.004640763759,0.1198562961,-0.004192830961,-0.04460892719,-0.006306654179,0.008469975387,0.01559335746,0.008469975387,0.002637795173,0.04821026311,0.1373622054,0.111789736,0.001758362029
7.16,0.1713122117,-0.125794433,-0.009324834838,0.02346363409,0.002637792114,0.999996521,0.0264142499,0.9996510828,0,0,1.27482807,1.647575619,-1.427989602,1.2840798,-0.04568058519,0.1914738304,0.182778381,-1.21258174,1.574932256,1.283403686,1.316787141,-0.0896046029,0.05709572701,-0.4991935252,0.07899801536,-0.0002170004015,-0.0001346268294,0.1265597379,0.02106321155,-0.05020697124,-0.00236599226,-0.07484563529,-0.007493594933,-0.004585721189,0.1200435717,-0.004041851464,-0.04454179393,-0.006399035389,0.008471568991,0.01556263989,0.008471568991,0.002637795173,0.04826269695,0.1373622054,0.1117373022,0.001760524243
7.17,0.1712171628,-0.1255595187,-0.009688262967,0.0235190398,0.002637792114,0.999996521,0.0264142499,0.9996510828,0,0,1.27561805,1.647573449,-1.427990948,1.285345397,-0.04546995308,0.1909717607,0.1827547211,-1.213330196,1.57485732,1.283357829,1.317987576,-0.08964502141,0.05665030907,-0.4992575155,0.07917898275,-0.0002177853523,-0.0002728047897,0.1270012,0.02144606997,-0.05053710141,-0.002576274314,-0.07505751144,-0.007377506517,-0.004526406118,0.120219133,-0.003880797914,-0.04446190215,-0.006495868202,0.008473166765,0.01553226322,0.008473166765,0.002637795173,0.04831715593,0.1373622054,0.1116828432,0.001762694247
7.18,0.1711183802,-0.1253240559,-0.0100715542,0.02357334423,0.002637792114,0.999996521,0.0264142499,0.9996510828,0,0,1.27640984,1.647571271,-1.427993676,1.286615409,-0.04525549238,0.1904663897,0.1827289584,-1.214080771,1.574783545,1.283312565,1.319189768,-0.08968382939,0.05620569005,-0.4993224742,0.07935603611,-0.0002185762043,-0.0004189016756,0.12744514,0.02184713445,-0.05087715686,-0.002798293171,-0.07526804929,-0.007253344159,-0.004462856687,0.1203830554,-0.003709734503,-0.04436931704,-0.006597144919,0.008474768631,0.01550225359,0.008474768631,0.002637795173,0.04837375416,0.1373622054,0.1116262449,0.001764872101
7.19,0.1710156659,-0.1250880555,-0.01047459717,0.02362655355,0.002637792114,0.999996521,0.0264142499,0.9996510828,0,0,1.277203401,1.647569085,-1.427997865,1.287889861,-0.04503702103,0.1899576181,0.1827009754,-1.214833452,1.574711011,1.283267936,1.320393598,-0.08972092674,0.05576199688,-0.4993884457,0.07925581404,-0.0002188119653,-0.0004572667094,0.1270591842,0.02220376447,-0.05066843033,-0.003058339008,-0.07521161162,-0.007052759434,-0.004436174329,0.1197417315,-0.003587039255,-0.04375650097,-0.006747484721,0.00847637451,0.01547263706,0.00847637451,0.002637795173,0.04843260511,0.1373622054,0.1115673939,0.001767057863
7.2,0.1709088228,-0.1248515284,-0.0108972751,0.02367867424,0.002637792114,0.999996521,0.0264142499,0.9996510828,0,0,1.277995959,1.647566897,-1.428002438,1.289160452,-0.04481498339,0.1894509338,0.1826703921,-1.215585568,1.574640484,1.283223575,1.321591016,-0.08975679713,0.05532443187,-0.4994559205,0.07926208786,-0.0002192915831,-0.0005502587035,0.1270116346,0.02260373927,-0.05069498852,-0.003319288448,-0.07526099565,-0.006871774425,-0.004388771014,0.1194090216,-0.003430909459,-0.04333583321,-0.006884147787,0.008477978775,0.01544367716,0.008477978775,0.002637795173,0.0481968785,0.1370652625,0.1115678377,0.001769245982
7.21,0.1707976553,-0.1246144856,-0.01133946584,0.02372971306,0.002637792114,0.999996521,0.0264142499,0.9996510828,0,0,1.27878858,1.647564704,-1.42800794,1.290430569,-0.044588946,0.1889439839,0.1826371992,-1.216338178,1.574571766,1.283179687,1.322785106,-0.08979110623,0.05489107354,-0.499524762,0.07942665226,-0.0002201132189,-0.0007195860968,0.1274602265,0.02305859799,-0.05106267219,-0.003576201814,-0.07546667378,-0.006723379379,-0.004312898631,0.1195356596,-0.003230380708,-0.04320374911,-0.006998724396,0.008479583585,0.01541530362,0.008479583585,0.002637795173,0.04778648711,0.1365911773,0.1116074985,0.001771438898
7.22,0.1706819689,-0.1243769377,-0.01180104182,0.02377967709,0.002637792114,0.999996521,0.0264142499,0.9996510828,0,0,1.279582846,1.647562503,-1.428015136,1.291705171,-0.04435836002,0.1884333572,0.1826014372,-1.217092845,1.574504532,1.283136558,1.323980462,-0.08982341003,0.05445903604,-0.4995947492,0.07958736545,-0.0002209416228,-0.0008965799603,0.1279112404,0.02353106629,-0.05144006847,-0.003844676722,-0.07567112814,-0.006567052171,-0.004232953054,0.1196510395,-0.003020118954,-0.04305929614,-0.007117690793,0.008481192151,0.01538740121,0.008481192151,0.002637795173,0.04737767487,0.1361160821,0.1116511547,0.00177364003
7.23,0.1705615703,-0.1241388956,-0.0122818701,0.0238285737,0.002637792114,0.999996521,0.0264142499,0.9996510828,0,0,1.28037872,1.647560294,-1.428024102,1.292984283,-0.04412304935,0.1879189565,0.1825629904,-1.217849556,1.574438862,1.283094228,1.325176973,-0.08985361122,0.05402844308,-0.4996659261,0.07974423907,-0.0002217768064,-0.001081166263,0.1283646423,0.02402097793,-0.05182710541,-0.004124664015,-0.07587438446,-0.006402832133,-0.004148978181,0.1197552514,-0.002800201871,-0.04290255614,-0.007241032784,0.008482804395,0.01535999554,0.008482804395,0.002637795173,0.04697057389,0.1356399983,0.1116990989,0.001775849447
7.24,0.1704362678,-0.1239003698,-0.01278181232,0.02387641057,0.002637792114,0.999996521,0.0264142499,0.9996510828,0,0,1.281176162,1.647558076,-1.428034913,1.29426793,-0.04388283957,0.1874006855,0.1825217437,-1.2186083,1.574374833,1.283052739,1.326374525,-0.08988161324,0.05359941752,-0.4997383365,0.07989728582,-0.0002226187794,-0.001273268853,0.1288203975,0.02452816178,-0.05222370839,-0.004416111277,-0.07607646877,-0.006230760832,-0.004061019034,0.1198483888,-0.00257070984,-0.04273361441,-0.00736873493,0.008484420242,0.01533311211,0.008484420242,0.002637795173,0.04656531536,0.1351629471,0.1117516465,0.001778067215
7.25,0.1703058708,-0.1236613709,-0.01330072475,0.02392319566,0.002637792114,0.999996521,0.0264142499,0.9996510828,0,0,1.281975135,1.64755585,-1.428047646,1.295556134,-0.04363755796,0.1868784484,0.1824775826,-1.219369064,1.574312526,1.283012128,1.327573009,-0.08990732034,0.05317208138,-0.4998120238,0.08004651952,-0.0002234675492,-0.00147280947,0.1292784705,0.02505244185,-0.05262980006,-0.00471896281,-0.07627740745,-0.006050882073,-0.003969121746,0.1199305482,-0.002331725944,-0.04255255972,-0.007500780542,0.008486039612,0.01530677628,0.008486039612,0.002637795173,0.0461620295,0.1346849498,0.1118091353,0.001780293403
7.26,0.1701701905,-0.1234219094,-0.01383845826,0.02396893723,0.002637792114,0.999996521,0.0264142499,0.9996510828,0,0,1.2827756,1.647553615,-1.428062374,1.296848919,-0.04338703354,0.1863521504,0.182430393,-1.220131838,1.574252017,1.282972437,1.328772315,-0.0899306376,0.05274655578,-0.4998870316,0.0801919551,-0.0002243231217,-0.001679707755,0.1297388254,0.02559363735,-0.05304530039,-0.005033159621,-0.07647722716,-0.005863241912,-0.003873333555,0.1200018293,-0.002083335967,-0.04235948427,-0.007637151668,0.00848766243,0.01528101328,0.00848766243,0.002637795173,0.04576084552,0.1342060272,0.1118719259,0.001782528078
7.27,0.1700290394,-0.1231819956,-0.0143948583,0.02401364387,0.002637792114,0.999996521,0.0264142499,0.9996510828,0,0,1.28357752,1.647551372,-1.428079171,1.298146307,-0.04313109716,0.1858216974,0.1823800614,-1.220896611,1.574193385,1.282933704,1.329972333,-0.08995147096,0.05232296094,-0.4999634031,0.08033360859,-0.0002251855001,-0.001893881263,0.1302014254,0.02615156267,-0.05347012662,-0.005358639406,-0.07667595485,-0.005667888663,-0.003773702797,0.1200623348,-0.001825628383,-0.04215448378,-0.007777829089,0.008489288618,0.01525584821,0.008489288618,0.002637795173,0.04536189161,0.1337262001,0.111940401,0.001784771309
7.28,0.1698822317,-0.1229416399,-0.01496976496,0.02405732443,0.002637792114,0.999996521,0.0264142499,0.9996510828,0,0,1.284380856,1.64754912,-1.42809811,1.299448321,-0.04286958154,0.1852869961,0.182326475,-1.22166337,1.574136706,1.282895967,1.331172956,-0.08996972724,0.0519014161,-0.5000411814,0.08047149716,-0.0002260546861,-0.002115245471,0.1306662334,0.0267260274,-0.05390419331,-0.005695336524,-0.07687361779,-0.005464872908,-0.003670278896,0.1201121707,-0.001558694358,-0.04193765739,-0.007922792304,0.0084909181,0.01523130601,0.0084909181,0.002637795173,0.04496529488,0.1332454892,0.1120149656,0.001787023164
7.29,0.169729583,-0.1227008525,-0.0155630129,0.02409998808,0.002637792114,0.999996521,0.0264142499,0.9996510828,0,0,1.285185571,1.647546859,-1.428119263,1.300754983,-0.04260232126,0.1847479542,0.1822695216,-1.222432106,1.574082057,1.282859264,1.332374078,-0.08998531419,0.05148203953,-0.5001204094,0.08053520608,-0.0002266835338,-0.002314046742,0.1309137489,0.0273022176,-0.0541988194,-0.006050624704,-0.07700113301,-0.005236598214,-0.003574273574,0.1199418599,-0.001298713966,-0.04157401624,-0.008083890591,0.0084925508,0.01520741145,0.0084925508,0.002637795173,0.04457118132,0.1327639148,0.1120960468,0.001789283711
7.3,0.1695709108,-0.1224596435,-0.01617443143,0.02414164429,0.002637792114,0.999996521,0.0264142499,0.9996510828,0,0,1.285990923,1.647544593,-1.428142403,1.302064121,-0.04232929909,0.184205966,0.1822090154,-1.223202118,1.574029691,1.282823521,1.333573497,-0.08999830133,0.05106629936,-0.5002012483,0.08031444942,-0.0002263210776,-0.002401792318,0.1302885686,0.02783649651,-0.05391015372,-0.006446521227,-0.07685203382,-0.004930411287,-0.003519078677,0.1189253091,-0.001093800849,-0.04066003328,-0.008296469477,0.008494185215,0.01518425031,0.008494185215,0.002637795173,0.04426038876,0.1323622102,0.1121611463,0.001791550546
7.31,0.1694060344,-0.1222180229,-0.01680384442,0.02418230281,0.002637792114,0.999996521,0.0264142499,0.9996510828,0,0,1.286794067,1.647542329,-1.428166421,1.303367007,-0.04205093412,0.1836668645,0.1821445502,-1.223970638,1.573980387,1.28278833,1.33476275,-0.09000923933,0.05065969903,-0.500284213,0.08044061564,-0.0002271854963,-0.002644291851,0.1307579499,0.02845965883,-0.05437011924,-0.006816261447,-0.07704589003,-0.004704581376,-0.003404693729,0.1189414663,-0.0007998589021,-0.04040684622,-0.008454107588,0.008495815584,0.01516209064,0.008495815584,0.002637795173,0.04435485598,0.1323622102,0.1121139127,0.001793813757
7.32,0.1692347746,-0.1219760007,-0.01745107038,0.02422197373,0.002637792114,0.999996521,0.0264142499,0.9996510828,0,0,1.287598473,1.647540058,-1.428192864,1.304674586,-0.04176633753,0.1831231633,0.1820763876,-1.224741097,1.573933341,1.282754284,1.335952164,-0.09001723792,0.05025563057,-0.500368754,0.08056312367,-0.0002280554088,-0.002893653768,0.1312294591,0.02909858,-0.05483900435,-0.007196905702,-0.07723880457,-0.004471319791,-0.003286721335,0.1189474444,-0.0004970742947,-0.0401422875,-0.008615923785,0.008497448929,0.01514065223,0.008497448929,0.002637795173,0.04445298059,0.1323622102,0.1120648505,0.001796085612
7.33,0.1690569542,-0.1217335867,-0.01811592239,0.02426066738,0.002637792114,0.999996521,0.0264142499,0.9996510828,0,0,1.288404105,1.647537777,-1.4282218,1.305986881,-0.04147535173,0.1825747732,0.1820044185,-1.225513485,1.573888628,1.282721416,1.337141639,-0.09002220867,0.04985420769,-0.5004549133,0.08068199657,-0.0002289307564,-0.003149784079,0.1317030562,0.02975304694,-0.05531671018,-0.007588370913,-0.07743080559,-0.004230688583,-0.003165216269,0.1189433636,-0.0001855514641,-0.03986647296,-0.008781890718,0.008499085176,0.01511995913,0.008499085176,0.002637795173,0.04455486411,0.1323622102,0.1120139088,0.001798366166
7.34,0.168872398,-0.1214907906,-0.01879820817,0.02429839445,0.002637792114,0.999996521,0.0264142499,0.9996510828,0,0,1.289210925,1.647535488,-1.428253298,1.307303911,-0.04117782127,0.1820216061,0.1819285348,-1.226287793,1.573846321,1.282689764,1.338331072,-0.09002406418,0.04945554296,-0.5005427322,0.08079725858,-0.0002298114786,-0.003412586769,0.1321787005,0.03042284187,-0.05580313513,-0.007990570578,-0.07762192151,-0.003982752123,-0.003040234345,0.1189293472,0.0001346024913,-0.03957952192,-0.008951979709,0.008500724251,0.01510003521,0.008500724251,0.002637795173,0.04466060699,0.1323622102,0.1119610374,0.001800655474
7.35,0.1686809326,-0.121247622,-0.01949773003,0.02433516588,0.002637792114,0.999996521,0.0264142499,0.9996510828,0,0,1.290018897,1.64753319,-1.428287424,1.308625698,-0.04087359285,0.1814635748,0.1818486291,-1.227064012,1.573806493,1.282659362,1.339520366,-0.09002271816,0.04905974774,-0.500632252,0.08090893511,-0.0002306975132,-0.00368196381,0.1326563509,0.0311077424,-0.05629817491,-0.008403414754,-0.07781218094,-0.003727577105,-0.002911832408,0.1189055215,0.0004632778165,-0.03928155719,-0.009126160747,0.008502366081,0.01508090415,0.008502366081,0.002637795173,0.04477030855,0.1323622102,0.1119061866,0.001802953589
7.36,0.1684823866,-0.1210040904,-0.02021428488,0.02437099294,0.002637792114,0.999996521,0.0264142499,0.9996510828,0,0,1.290827987,1.647530883,-1.428324244,1.309952262,-0.04056251542,0.180900593,0.181764595,-1.227842134,1.573769218,1.282630244,1.340709421,-0.09001808538,0.04866693217,-0.5007235136,0.08101705273,-0.0002315887965,-0.003957815165,0.1331359654,0.0318075215,-0.05680172253,-0.008826810041,-0.07800161273,-0.003465232557,-0.002780068332,0.118872016,0.000800362104,-0.03897270504,-0.009304402478,0.008504010591,0.01506258941,0.008504010591,0.002637795173,0.04488406697,0.1323622102,0.1118493075,0.001805260564
7.37,0.1682765908,-0.1207602053,-0.02094766425,0.02440588718,0.002637792114,0.999996521,0.0264142499,0.9996510828,0,0,1.291638157,1.647528567,-1.428363822,1.311283621,-0.04024444021,0.1803325758,0.1816763269,-1.22862215,1.573734565,1.282602443,1.341898141,-0.09001008176,0.04827720512,-0.5008165576,0.08112163921,-0.0002324852629,-0.004240038802,0.1336175018,0.03252194758,-0.05731366829,-0.009260659568,-0.07819024591,-0.00319578985,-0.002645001008,0.1188289631,0.001145740299,-0.03865309527,-0.009486672197,0.008505657711,0.01504511423,0.008505657711,0.002637795173,0.04500197924,0.1323622102,0.1117903514,0.001807576452
7.38,0.168063378,-0.1205159758,-0.02169765425,0.02443986047,0.002637792114,0.999996521,0.0264142499,0.9996510828,0,0,1.292449374,1.647526242,-1.428406222,1.312619796,-0.03991922073,0.1797594391,0.1815837203,-1.229404053,1.573702607,1.282575993,1.343086431,-0.08999862435,0.04789067417,-0.5009114243,0.08122272353,-0.0002333868454,-0.004528530703,0.1341009172,0.03325078443,-0.05783389979,-0.009704862977,-0.07837810973,-0.002919322702,-0.002506690336,0.1187764983,0.001499294702,-0.03832286114,-0.009672935843,0.008507307366,0.01502850164,0.008507307366,0.002637795173,0.04512414116,0.1323622102,0.1117292705,0.001809901304
7.39,0.1678425831,-0.1202714111,-0.02246403563,0.02447292497,0.002637792114,0.999996521,0.0264142499,0.9996510828,0,0,1.293261601,1.647523908,-1.428451508,1.313960806,-0.03958671289,0.1791811001,0.1814866716,-1.230187834,1.573673414,1.282550926,1.344274196,-0.08998363141,0.04750744556,-0.5010081537,0.08132033585,-0.0002342934752,-0.00482318487,0.134586168,0.03399379132,-0.05836230196,-0.01015931641,-0.07856523361,-0.00263590719,-0.002365197222,0.1187147602,0.001860904977,-0.0379821394,-0.009863157986,0.008508959486,0.01501277443,0.008508959486,0.002637795173,0.04525064726,0.1323622102,0.1116660175,0.001812235173
7.4,0.1676140434,-0.1200265203,-0.02324658371,0.02450509312,0.002637792114,0.999996521,0.0264142499,0.9996510828,0,0,1.294074804,1.647521565,-1.428499739,1.315306667,-0.03924677497,0.1785974771,0.1813850785,-1.230973486,1.573647055,1.282527274,1.345461344,-0.08996502236,0.04712762416,-0.5011067853,0.08105043988,-0.0002345898116,-0.004971375254,0.1339200461,0.03468090009,-0.05811057308,-0.01066148305,-0.07839287718,-0.002255139236,-0.002283150656,0.1175390496,0.002142089656,-0.03691336995,-0.01012067987,0.008510613999,0.01499795516,0.008510613999,0.002637795173,0.04538159083,0.1323622102,0.1116005458,0.001814578108
7.41,0.1673775983,-0.1197813122,-0.02404506844,0.02453637768,0.002637792114,0.999996521,0.0264142499,0.9996510828,0,0,1.294885309,1.647519219,-1.428549453,1.316645868,-0.03889996597,0.1780163714,0.1812784636,-1.231757415,1.573624504,1.282504442,1.346636734,-0.08994360146,0.04675849046,-0.5012079921,0.08109675658,-0.0002354618506,-0.005259751235,0.1342678295,0.03544344031,-0.05855851377,-0.01114034405,-0.07853444104,-0.001947057279,-0.002143155112,0.1173233091,0.002508691352,-0.03646382461,-0.01032625765,0.008512263394,0.01498437836,0.008512263394,0.002637795173,0.04507968815,0.1323622102,0.1117908721,0.001816924006
7.42,0.1671330897,-0.1195357956,-0.02485925436,0.02456679171,0.002637792114,0.999996521,0.0264142499,0.9996510828,0,0,1.295696276,1.647516865,-1.428602051,1.317988546,-0.03854553157,0.1774307862,0.1811670602,-1.232542759,1.573605033,1.282483011,1.347809967,-0.08991851455,0.04639385222,-0.5013112546,0.08118388787,-0.0002364167851,-0.005572509572,0.1347572557,0.03622792656,-0.05910990523,-0.01162452312,-0.07871885935,-0.001643256071,-0.00199257581,0.1172327189,0.002893700902,-0.03609126192,-0.01052796617,0.008513914126,0.01497179161,0.008513914126,0.002637795173,0.04472874806,0.1323622102,0.1119975412,0.001819278624
7.43,0.1668803617,-0.1192899792,-0.02568890063,0.02459634857,0.002637792114,0.999996521,0.0264142499,0.9996510828,0,0,1.296508115,1.6475145,-1.428657776,1.319336119,-0.0381832523,0.1768396872,0.181050815,-1.233329948,1.573588601,1.282463085,1.348982294,-0.08988957754,0.0460329396,-0.5014165343,0.08126770642,-0.0002373782551,-0.005891017112,0.1352484092,0.03702560568,-0.05966902475,-0.01211847871,-0.07890266233,-0.001332843318,-0.001839065141,0.1171334635,0.003286267267,-0.03570880884,-0.01073346246,0.008515567029,0.01496017878,0.008515567029,0.002637795173,0.04438191763,0.1323622102,0.1121877659,0.001821642792
7.44,0.166619261,-0.1190438714,-0.026533761,0.02462506189,0.002637792114,0.999996521,0.0264142499,0.9996510828,0,0,1.297320792,1.647512127,-1.428716686,1.320688603,-0.03781299625,0.1762429969,0.1809296302,-1.234118975,1.573575272,1.282444694,1.350153629,-0.08985671487,0.04567585151,-0.5015238689,0.08134824856,-0.0002383462252,-0.006215158597,0.1357412437,0.03783621508,-0.06023574362,-0.01262208874,-0.0790858798,-0.001015907065,-0.001682688961,0.1170256953,0.003686257047,-0.03531661888,-0.01094270389,0.008517222035,0.01494956135,0.008517222035,0.002637795173,0.04403930175,0.1323622102,0.1123607555,0.001824016575
7.45,0.1663496366,-0.1187974807,-0.02739358383,0.02465294565,0.002637792114,0.999996521,0.0264142499,0.9996510828,0,0,1.298134275,1.647509743,-1.428778838,1.322046015,-0.0374346341,0.1756406395,0.1808034093,-1.234909833,1.573565113,1.282427868,1.351323886,-0.08981985229,0.04532268532,-0.501633296,0.08142555187,-0.0002393206572,-0.006544816826,0.1362357125,0.03865948769,-0.06080993042,-0.01313522756,-0.0792685417,-0.0006925377561,-0.001523514087,0.1169095699,0.004093534224,-0.03491484906,-0.0111556464,0.008518879077,0.01493996056,0.008518879077,0.002637795173,0.04370100359,0.1323622102,0.1125157026,0.001826400037
7.46,0.1660713403,-0.1185508153,-0.0282681121,0.02468001407,0.002637792114,0.999996521,0.0264142499,0.9996510828,0,0,1.29894853,1.64750735,-1.428844286,1.323408372,-0.03704803922,0.1750325402,0.180672057,-1.235702519,1.573558188,1.282412632,1.352492982,-0.08977891695,0.04497353683,-0.5017448524,0.08149965514,-0.0002403015106,-0.006879872669,0.1367317682,0.039495152,-0.06139145103,-0.01365776593,-0.07945067815,-0.000362828238,-0.001361608291,0.1167852457,0.004507960166,-0.0345036599,-0.01137224456,0.008520538086,0.01493139733,0.008520538086,0.002637795173,0.0433671246,0.1323622102,0.1126517833,0.001828793243
7.47,0.1657842262,-0.1183038831,-0.02915708337,0.02470628173,0.002637792114,0.999996521,0.0264142499,0.9996510828,0,0,1.299763527,1.647504947,-1.428913084,1.32477569,-0.0366530877,0.1744186257,0.1805354794,-1.236497026,1.573554559,1.282399016,1.353660834,-0.08973383735,0.04462850023,-0.5018585749,0.08157059844,-0.0002412887421,-0.007220205071,0.1372293631,0.04034293208,-0.06198016861,-0.01418957102,-0.07963231935,-2.687377036e-05,-0.001197040295,0.1166528844,0.004929393631,-0.03408321543,-0.0115924515,0.008522198998,0.01492389232,0.008522198998,0.002637795173,0.04303776445,0.1323622102,0.1127681578,0.001831196259
7.48,0.1654881513,-0.1180566922,-0.03006022983,0.02473176346,0.002637792114,0.999996521,0.0264142499,0.9996510828,0,0,1.300579233,1.647502534,-1.428985287,1.326147983,-0.03624965838,0.173798824,0.1803935836,-1.237293349,1.573554291,1.282387046,1.354827363,-0.08968454341,0.04428766808,-0.5019744994,0.08163842305,-0.0002422823057,-0.007565691058,0.1377284487,0.04120254759,-0.06257594364,-0.01473050636,-0.07981349566,0.0003152279696,-0.001029879767,0.1165126502,0.005357690772,-0.03365368321,-0.01181621893,0.008523861746,0.01491746587,0.008523861746,0.002637795173,0.042713021,0.1323622102,0.1128639709,0.001833609146
7.49,0.1651829753,-0.1178092504,-0.03097727825,0.02475647441,0.002637792114,0.999996521,0.0264142499,0.9996510828,0,0,1.301395617,1.647500111,-1.429060943,1.327525268,-0.0358376329,0.1731730646,0.1802462786,-1.238091484,1.573557443,1.282376747,1.355992489,-0.08963096651,0.04395113125,-0.5020926616,0.08170317153,-0.0002432821529,-0.00791620575,0.1382289762,0.04207371381,-0.06317863389,-0.01528043188,-0.07999423752,0.0006633768798,-0.0008601973072,0.1163647108,0.005792705138,-0.03321523428,-0.01204349713,0.008525526266,0.01491213803,0.008525526266,0.002637795173,0.04239299024,0.1323622102,0.1129383519,0.001836031969
7.5,0.1648685604,-0.1175615653,-0.03190795002,0.02478043004,0.002637792114,0.999996521,0.0264142499,0.9996510828,0,0,1.302212649,1.647497678,-1.429140106,1.328907558,-0.03541689577,0.1725412782,0.1800934743,-1.238891426,1.573564077,1.282368145,1.357156137,-0.08957303946,0.0436189789,-0.5022130966,0.08147127053,-0.0002446683073,-0.008148244202,0.1377774248,0.04290622261,-0.06313016118,-0.01587042581,-0.07988158471,0.001092874098,-0.0007435385532,0.1152915452,0.006158059295,-0.03216776772,-0.01232684785,0.008527192494,0.01490792851,0.008527192494,0.002637795173,0.0420777663,0.1323622102,0.1129904158,0.001838464791
7.51,0.1645447718,-0.1173136443,-0.03285196114,0.02480364608,0.002637792114,0.999996521,0.0264142499,0.9996510828,0,0,1.303027361,1.647495232,-1.429221588,1.330285332,-0.03498783354,0.1719099766,0.17993477,-1.239690242,1.573575005,1.28236071,1.358309052,-0.08951145886,0.04329730123,-0.502336365,0.08143295531,-0.000245767029,-0.008468156074,0.1379650792,0.04378379043,-0.06352837173,-0.01644791346,-0.07996427781,0.001477731325,-0.0005873828801,0.1148240161,0.006580883141,-0.03151269126,-0.01257814189,0.008528854285,0.01490511501,0.008528854285,0.002637795173,0.04214015286,0.1323622102,0.1128598481,0.001840911474
7.52,0.1642114776,-0.1170654948,-0.0338090222,0.02482613859,0.002637792114,0.999996521,0.0264142499,0.9996510828,0,0,1.303841691,1.647492774,-1.42930627,1.331664983,-0.03454999563,0.1712746929,0.1797702909,-1.240489885,1.573589783,1.282354836,1.359457292,-0.08944565003,0.04298217431,-0.5024621464,0.08148877079,-0.0002467388298,-0.008833594524,0.1384691598,0.04468865865,-0.06415049253,-0.01702356989,-0.08014341098,0.001843392305,-0.0004105863935,0.114652435,0.007035174465,-0.03104751296,-0.01281534949,0.008530515649,0.01490354346,0.008530515649,0.002637795173,0.04233111626,0.1323622102,0.1126688849,0.001843369144
7.53,0.1638685488,-0.1168171239,-0.03477883842,0.0248479239,0.002637792114,0.999996521,0.0264142499,0.9996510828,0,0,1.304656578,1.647490307,-1.429394605,1.333049674,-0.03410310905,0.170633188,0.1796000552,-1.241291319,1.573608217,1.28235073,1.360603816,-0.08937529829,0.04267169918,-0.5025902999,0.08154172046,-0.0002477146249,-0.00920358069,0.1389745464,0.04560393456,-0.06477897245,-0.01760760103,-0.08032223739,0.00221466874,-0.0002315555039,0.1144738622,0.007495579375,-0.03057414561,-0.01305583718,0.008532178533,0.01490314715,0.008532178533,0.002637795173,0.0425275999,0.1323622102,0.1124724014,0.001845836532
7.54,0.1635158594,-0.1165685386,-0.03576110958,0.02486901866,0.002637792114,0.999996521,0.0264142499,0.9996510828,0,0,1.305471996,1.647487829,-1.429486641,1.33443942,-0.0336470697,0.1699853982,0.1794239792,-1.242094541,1.573630363,1.282348415,1.361748555,-0.08930034249,0.04236595773,-0.5027208583,0.08159185323,-0.0002486943183,-0.009577980683,0.139481187,0.04652931227,-0.06541365542,-0.01819984821,-0.08050078758,0.00259144831,-5.036542654e-05,0.1142884789,0.007961938478,-0.03009277709,-0.01329954783,0.008533842879,0.01490394444,0.008533842879,0.002637795173,0.042729676,0.1323622102,0.1122703255,0.001848313678
7.55,0.1631532861,-0.1163197457,-0.03675553012,0.02488943982,0.002637792114,0.999996521,0.0264142499,0.9996510828,0,0,1.306287914,1.647485343,-1.429582421,1.335834232,-0.03318177658,0.1693312617,0.1792419807,-1.242899549,1.573656278,1.282347911,1.36289144,-0.08922072311,0.04206502996,-0.5028538538,0.0816392193,-0.0002496778124,-0.009956658729,0.1399890296,0.04746448159,-0.06605438268,-0.01880014911,-0.08067909221,0.002973616241,0.0001329077185,0.1140964691,0.008434089794,-0.02960359882,-0.01354642279,0.008535508627,0.01490595335,0.008535508627,0.002637795173,0.04293741505,0.1323622102,0.1120625866,0.001850800622
7.56,0.1627807093,-0.116070752,-0.03776178905,0.02490920461,0.002637792114,0.999996521,0.0264142499,0.9996510828,0,0,1.307104306,1.647482846,-1.429681988,1.337234122,-0.03270713176,0.1686707179,0.1790539792,-1.24370634,1.573686014,1.28234924,1.364032405,-0.08913638221,0.04176899397,-0.502989318,0.08168387013,-0.0002506650075,-0.01033947717,0.1404980214,0.04840912804,-0.06670099273,-0.01940833767,-0.08085718198,0.003361055291,0.0003181869122,0.11389802,0.00891186876,-0.02910680574,-0.013796402,0.008537175721,0.01490919153,0.008537175721,0.002637795173,0.04315088577,0.1323622102,0.1118491161,0.0018532974
7.57,0.162398012,-0.1158215638,-0.03877956999,0.02492833058,0.002637792114,0.999996521,0.0264142499,0.9996510828,0,0,1.307921145,1.647480339,-1.429785382,1.338639102,-0.03222304048,0.1680037079,0.1788598958,-1.244514912,1.573719625,1.282352422,1.365171385,-0.08904726352,0.04147792591,-0.503127282,0.0817258585,-0.0002516558028,-0.01072629648,0.141008109,0.04936293281,-0.06735332137,-0.02002424415,-0.08103508768,0.003753645754,0.000505394241,0.1136933217,0.009395108231,-0.02860259633,-0.0140494239,0.008538844103,0.01491367625,0.008538844103,0.002637795173,0.04337015509,0.1323622102,0.111629847,0.00185580405
7.58,0.1620050806,-0.1155721874,-0.03980855118,0.02494683557,0.002637792114,0.999996521,0.0264142499,0.9996510828,0,0,1.308738404,1.647477823,-1.429892645,1.340049183,-0.03172941116,0.1673301747,0.1786596534,-1.245325263,1.573757161,1.282357476,1.366308318,-0.08895331244,0.04119189995,-0.5032677763,0.08176523843,-0.0002526500955,-0.01111697526,0.1415192387,0.05032557284,-0.06801120169,-0.02064769509,-0.08121284013,0.004151265448,0.0006944509024,0.1134825672,0.009883638487,-0.0280911726,-0.01430542549,0.008540513718,0.01491942442,0.008540513718,0.002637795173,0.0435952881,0.1323622102,0.1114047142,0.001858320608
7.59,0.1616018047,-0.1153226291,-0.04084840544,0.02496473771,0.002637792114,0.999996521,0.0264142499,0.9996510828,0,0,1.309556056,1.647475296,-1.430003815,1.341464376,-0.03122615543,0.1666500627,0.1784531764,-1.246137391,1.573798674,1.28236442,1.367443144,-0.08885447606,0.04091098822,-0.5034108305,0.08180206528,-0.0002536477808,-0.01151137023,0.1420313564,0.05129672079,-0.06867446406,-0.02127851329,-0.08139047023,0.004553789712,0.0008852772097,0.1132659524,0.01037728723,-0.02757274009,-0.01456434225,0.008542184511,0.01492645256,0.008542184511,0.002637795173,0.04382634804,0.1323622102,0.1111736545,0.001860847109
7.6,0.1611880773,-0.1150728946,-0.04189880022,0.02498205545,0.002637792114,0.999996521,0.0264142499,0.9996510828,0,0,1.310374077,1.64747276,-1.430118929,1.342884689,-0.03071318822,0.1659633181,0.1782403913,-1.246951296,1.573844212,1.282373273,1.368575803,-0.08875070318,0.04063526082,-0.503556474,0.08157216119,-0.0002536265378,-0.01179813767,0.1416657889,0.05223679471,-0.06873065761,-0.02194386123,-0.08130133583,0.005027283647,0.001023951548,0.1121942989,0.01080271809,-0.02648715056,-0.01487495513,0.008543856429,0.01493477678,0.008543856429,0.002637795173,0.04406339627,0.1323622102,0.1109366065,0.001863383587
7.61,0.1607637947,-0.1148229898,-0.04295939756,0.02499880752,0.002637792114,0.999996521,0.0264142499,0.9996510828,0,0,1.311189798,1.647470223,-1.43023691,1.344301347,-0.03019082027,0.1652760115,0.1780209527,-1.247764309,1.573894484,1.282383513,1.369697746,-0.088642676,0.04037038932,-0.5037052235,0.08149524635,-0.0002542595272,-0.01215429131,0.1418177862,0.05320842849,-0.0691518197,-0.02259948711,-0.08136849334,0.005466451902,0.001195801402,0.1116155841,0.01127601308,-0.02572370692,-0.01515933412,0.008545524031,0.01494463893,0.008545524031,0.002637795173,0.04387774423,0.1320081892,0.1106935108,0.001865919852
7.62,0.1603288565,-0.1145729203,-0.04402985412,0.02501501296,0.002637792114,0.999996521,0.0264142499,0.9996510828,0,0,1.312004751,1.647467681,-1.430358453,1.345719525,-0.02965873599,0.1645844933,0.1777949578,-1.248577994,1.573949149,1.282395471,1.370813902,-0.08852991587,0.04011315225,-0.5038568169,0.08152482831,-0.0002553272844,-0.01255965556,0.1423326065,0.05420386882,-0.06983007759,-0.02325052455,-0.08154539474,0.005882853742,0.001391339811,0.111381337,0.01178405325,-0.02518459819,-0.01542623914,0.008547190428,0.01495592094,0.008547190428,0.002637795173,0.04354252115,0.131508049,0.1104443099,0.001868462447
7.63,0.1598831659,-0.1143226913,-0.04510982114,0.0250306911,0.002637792114,0.999996521,0.0264142499,0.9996510828,0,0,1.312819999,1.647465127,-1.43048405,1.347142851,-0.0291166973,0.1638861925,0.1775624526,-1.249393448,1.574007977,1.282409384,1.371927715,-0.08841207534,0.03986130626,-0.5040110792,0.0815521107,-0.0002564003142,-0.01296817738,0.1428482507,0.05520649657,-0.07051304641,-0.02390815225,-0.08172229414,0.006303630118,0.001588319657,0.1111420494,0.01229650517,-0.02463933924,-0.01569577024,0.00854885779,0.01496854444,0.00854885779,0.002637795173,0.04323885011,0.1310075901,0.1101889483,0.00187101572
7.64,0.1594266295,-0.1140723082,-0.04619894449,0.02504586159,0.002637792114,0.999996521,0.0264142499,0.9996510828,0,0,1.31363552,1.647462563,-1.430613731,1.348571334,-0.02856463233,0.163181062,0.177323371,-1.250210671,1.574071014,1.282425267,1.373039136,-0.08828911029,0.03961491287,-0.5041680369,0.08157715523,-0.0002574785273,-0.01337970446,0.1433646614,0.05621596352,-0.0712005425,-0.02457217396,-0.08189922222,0.006728643928,0.001786656816,0.1108979309,0.0128131837,-0.0240881525,-0.01596785535,0.008550526066,0.01498252389,0.008550526066,0.002637795173,0.04296775564,0.1305068228,0.1099273726,0.001873579723
7.65,0.1589591577,-0.1138217757,-0.04729686464,0.02506054434,0.002637792114,0.999996521,0.0264142499,0.9996510828,0,0,1.314451292,1.647459989,-1.430747529,1.35000498,-0.0280024727,0.1624690566,0.1770776493,-1.251029663,1.5741383,1.282443134,1.374148115,-0.08816097845,0.03937403135,-0.5043277155,0.08160002489,-0.000258561831,-0.01379408264,0.1438817809,0.05723191724,-0.07189237945,-0.02524238966,-0.08207620966,0.007157755565,0.001986266306,0.1106491938,0.01333390111,-0.02353126396,-0.01624242093,0.008552195211,0.0149978733,0.008552195211,0.002637795173,0.04273027006,0.1300057569,0.1096595313,0.001876154509
7.66,0.1584806641,-0.1135710988,-0.04840321665,0.0250747596,0.002637792114,0.999996521,0.0264142499,0.9996510828,0,0,1.315267292,1.647457403,-1.430885469,1.351443798,-0.02743015353,0.1617501328,0.1768252254,-1.251850425,1.574209878,1.282462996,1.375254607,-0.08802763944,0.03913871871,-0.5044901397,0.08162078401,-0.0002596501299,-0.01421115591,0.144399551,0.05825400109,-0.07258836813,-0.02591859558,-0.08225328717,0.007590822918,0.002187062293,0.1103960535,0.01385846715,-0.02296890318,-0.01651939194,0.008553865178,0.01501460624,0.008553865178,0.002637795173,0.04252743299,0.1295044021,0.1093853751,0.001878740127
7.67,0.1579910665,-0.113320282,-0.04951763019,0.0250885279,0.002637792114,0.999996521,0.0264142499,0.9996510828,0,0,1.3160835,1.647454807,-1.431027581,1.352887794,-0.02684761351,0.1610242491,0.1765660394,-1.252672958,1.574285786,1.282484867,1.376358568,-0.08788905477,0.03890902968,-0.5046553336,0.08163949821,-0.0002607433256,-0.01463076641,0.1449179128,0.05928185424,-0.07328831671,-0.02660058414,-0.08243048548,0.008027701362,0.002388958092,0.1101387282,0.01438668897,-0.02240130323,-0.01679869185,0.008555535921,0.01503273583,0.008555535921,0.002637795173,0.04236029075,0.1290027675,0.1091048567,0.001881336628
7.68,0.1574902859,-0.1130693297,-0.05063972957,0.02510187007,0.002637792114,0.999996521,0.0264142499,0.9996510828,0,0,1.316899895,1.647452199,-1.431173889,1.354336973,-0.02625479497,0.160291366,0.1763000336,-1.253497263,1.574366063,1.282508757,1.377459955,-0.08774518788,0.03868501664,-0.5048233205,0.08158033995,-0.0002617027287,-0.01495572278,0.1454111672,0.06030056742,-0.07388183074,-0.02735931075,-0.08255718149,0.008464926469,0.002559177083,0.1098644549,0.01493606864,-0.02182464359,-0.01701285865,0.008557207398,0.01505227473,0.008557207398,0.002637795173,0.04222989581,0.1285008618,0.108817931,0.001883944061
7.69,0.1569782475,-0.112818246,-0.05176913365,0.02511480724,0.002637792114,0.999996521,0.0264142499,0.9996510828,0,0,1.317715698,1.647449582,-1.431323446,1.355791084,-0.0256517893,0.1595525477,0.1760264405,-1.254322835,1.574450712,1.282534348,1.3785586,-0.08759582719,0.03846677021,-0.5049934491,0.08127962646,-0.0002622290591,-0.01497716877,0.1458242472,0.06127971421,-0.07413105542,-0.02834826613,-0.08252405719,0.008895144522,0.002626977732,0.1095455561,0.01554435249,-0.02123057559,-0.01701632668,0.008558878005,0.01507322457,0.008558878005,0.002637795173,0.04211194203,0.1279949935,0.1085245549,0.001886561089
7.7,0.1564548802,-0.1125670348,-0.05290545592,0.02512736084,0.002637792114,0.999996521,0.0264142499,0.9996510828,0,0,1.318528494,1.64744696,-1.431473217,1.357249327,-0.02503899216,0.1588112371,0.1757429578,-1.255148075,1.574539664,1.282560618,1.379654055,-0.08744038367,0.03825446445,-0.5051636124,0.08102439838,-0.0002615631347,-0.01528645481,0.1454531368,0.06229299026,-0.07420474803,-0.02908230242,-0.08242877874,0.009408790107,0.00277070284,0.1084122005,0.0160069431,-0.02007433676,-0.01734336682,0.008560542765,0.01509556345,0.008560542765,0.002637795173,0.04190938703,0.1274914704,0.1082246875,0.001889183379
7.71,0.1559201167,-0.1123157,-0.0540483045,0.0251395526,0.002637792114,0.999996521,0.0264142499,0.9996510828,0,0,1.319338738,1.647444344,-1.431626082,1.358703858,-0.02441606225,0.1580691896,0.1754521348,-1.255972363,1.574633752,1.282588325,1.380738177,-0.08728031424,0.03805372108,-0.5053370461,0.08093284108,-0.0002620187784,-0.01566665291,0.1456480385,0.0633307807,-0.07467924958,-0.02980293478,-0.0825034404,0.009883129873,0.002951455789,0.1078238185,0.0165214804,-0.01927837623,-0.0176409088,0.008562202703,0.01511957144,0.008562202703,0.002637795173,0.0420817142,0.1273622001,0.1079182905,0.001891799011
7.72,0.1553738937,-0.1120642449,-0.05519728207,0.02515140454,0.002637792114,0.999996521,0.0264142499,0.9996510828,0,0,1.320148067,1.647441724,-1.431782749,1.360160339,-0.02378275445,0.1573223971,0.1751541055,-1.256797398,1.574732583,1.28261784,1.381816415,-0.08711509943,0.03786093732,-0.5055134552,0.0809341224,-0.0002631180257,-0.01608776882,0.1461666169,0.06438374219,-0.07538407784,-0.03051804313,-0.08267555156,0.01033623911,0.003153616622,0.1075463853,0.0170666928,-0.01868718113,-0.01792249122,0.008563861125,0.01514511482,0.008563861125,0.002637795173,0.04239467681,0.1273622001,0.1076053278,0.001894419198
7.73,0.1548161519,-0.1118126729,-0.05635198595,0.025162939,0.002637792114,0.999996521,0.0264142499,0.9996510828,0,0,1.320957408,1.647439093,-1.431943626,1.361622005,-0.02313891702,0.1565685564,0.174848925,-1.257624153,1.574835945,1.282649376,1.382891879,-0.0869444325,0.03767406551,-0.5056926801,0.08093376045,-0.0002642214693,-0.01651045864,0.1466854766,0.06544032239,-0.07609163832,-0.03123762688,-0.08284793762,0.01079222851,0.003356317786,0.1072661285,0.01761435301,-0.01809222102,-0.01820585694,0.008565519906,0.01517212141,0.008565519906,0.002637795173,0.04271423917,0.1273622001,0.1072857653,0.001897050379
7.74,0.1542468362,-0.1115609871,-0.05751200804,0.02517417859,0.002637792114,0.999996521,0.0264142499,0.9996510828,0,0,1.321766746,1.647436451,-1.432108731,1.363088859,-0.0224845138,0.15580764,0.1745365488,-1.258452632,1.574943868,1.282682939,1.38396454,-0.08676828897,0.0374931433,-0.5058747386,0.08093183302,-0.0002653289931,-0.01693455597,0.1472045557,0.06650013252,-0.076801724,-0.03196144886,-0.08302063101,0.01125093592,0.00355946797,0.1069832858,0.01816424951,-0.0174937533,-0.01849092149,0.008567179011,0.01520060092,0.008567179011,0.002637795173,0.04304043292,0.1273622001,0.1069595713,0.001899692593
7.75,0.1536658954,-0.1113091903,-0.05867693487,0.02518514625,0.002637792114,0.999996521,0.0264142499,0.9996510828,0,0,1.322576064,1.647433797,-1.432278076,1.364560905,-0.02181951248,0.1550396227,0.1742169343,-1.259282839,1.575056377,1.282718534,1.385034373,-0.08658664648,0.03731820577,-0.5060596479,0.08092841922,-0.0002664404777,-0.01735989257,0.1477237919,0.06756277964,-0.07751412512,-0.03268926805,-0.08319366418,0.01171219669,0.003762975066,0.1066980985,0.01871616819,-0.01689203891,-0.01877759894,0.008568838407,0.01523056255,0.008568838407,0.002637795173,0.04337328737,0.1273622001,0.1066267168,0.001902345883
7.76,0.1530732826,-0.111057285,-0.05984634756,0.0251958652,0.002637792114,0.999996521,0.0264142499,0.9996510828,0,0,1.323385348,1.647431133,-1.432451675,1.366038143,-0.02114388468,0.1542644815,0.1738900416,-1.260114775,1.575173499,1.282756164,1.386101354,-0.0863994848,0.03714928538,-0.5062474238,0.08092359956,-0.0002675558006,-0.01778629841,0.1482431224,0.06862786662,-0.07822862927,-0.03342083958,-0.0833670696,0.01217584362,0.003966746159,0.1064108102,0.0192698924,-0.01628734232,-0.01906580184,0.00857049806,0.01526201497,0.00857049806,0.002637795173,0.0437128294,0.1273622001,0.1062871746,0.001905010288
7.77,0.1524689549,-0.1108052737,-0.06101982183,0.02520635895,0.002637792114,0.999996521,0.0264142499,0.9996510828,0,0,1.324194584,1.647428457,-1.432629538,1.367520574,-0.02045760601,0.1534821952,0.1735558332,-1.260948446,1.575295257,1.282795831,1.387165462,-0.08620678587,0.03698641195,-0.5064380819,0.08091745593,-0.0002686748366,-0.01821360166,0.1487624837,0.06969499217,-0.07894502134,-0.03415591471,-0.08354087973,0.01264170697,0.004170687542,0.1061216677,0.01982520295,-0.0156799316,-0.01935544129,0.00857215794,0.01529496631,0.00857215794,0.002637795173,0.0440590835,0.1273622001,0.1059409203,0.001907685846
7.78,0.151852874,-0.1105531585,-0.06219692802,0.02521665134,0.002637792114,0.999996521,0.0264142499,0.9996510828,0,0,1.325003759,1.647425771,-1.432811674,1.369008199,-0.01976065609,0.152692745,0.173214274,-1.261783855,1.575421674,1.282837538,1.388226679,-0.08600853384,0.03682961264,-0.5066316363,0.08091007155,-0.000269797457,-0.0186416287,0.1492818122,0.07076375083,-0.07966308351,-0.03489424081,-0.08371512707,0.01310961446,0.004374704708,0.1058309208,0.0203818781,-0.01507007836,-0.01964642687,0.008573818018,0.01532942417,0.008573818018,0.002637795173,0.04441207173,0.1273622001,0.1055879319,0.001910372594
7.79,0.1512250057,-0.1103009413,-0.06337723106,0.02522676648,0.002637792114,0.999996521,0.0264142499,0.9996510828,0,0,1.32581286,1.647423073,-1.432998091,1.370501017,-0.01905301858,0.1518961141,0.1728653316,-1.262621006,1.575552771,1.282881285,1.389284988,-0.08580471506,0.03667891186,-0.5068281005,0.08090153105,-0.0002709235302,-0.01907020411,0.1498010434,0.07183373299,-0.08038259531,-0.03563556141,-0.08388984409,0.01357939126,0.00457870236,0.105538822,0.02093969357,-0.01445805776,-0.01993866668,0.008575478267,0.01536539561,0.008575478267,0.002637795173,0.04477181365,0.1273622001,0.1052281898,0.001913070569
7.8,0.1505853202,-0.1100486237,-0.06456029051,0.0252367288,0.002637792114,0.999996521,0.0264142499,0.9996510828,0,0,1.326621875,1.647420363,-1.433188793,1.371999028,-0.01833468125,0.1510922882,0.172508976,-1.263459905,1.575688565,1.282927072,1.390340376,-0.08559531813,0.03653433128,-0.5070274872,0.08062009527,-0.0002726268138,-0.01938634213,0.1493682772,0.07287898225,-0.08042563788,-0.03640529812,-0.08378280918,0.01411963313,0.004716504723,0.1043118955,0.02141271248,-0.01321852274,-0.02028389975,0.008577138662,0.01540288712,0.008577138662,0.002637795173,0.04513832631,0.1273622001,0.104861677,0.001915779804
7.81,0.1499337922,-0.1097962071,-0.0657456605,0.02524656301,0.002637792114,0.999996521,0.0264142499,0.9996510828,0,0,1.327428076,1.647417637,-1.433382656,1.37349271,-0.01760589143,0.1502880318,0.172144923,-1.264297733,1.575829761,1.282974237,1.391383495,-0.085381191,0.03640214605,-0.5072303262,0.08054517731,-0.0002738138853,-0.01978950376,0.1496604701,0.0739451097,-0.08098588477,-0.03715711487,-0.08389058732,0.01460880765,0.004904376386,0.1037940527,0.02195184649,-0.01245291063,-0.02059022053,0.008578793489,0.01544213641,0.008578793489,0.002637795173,0.04510403848,0.1273622001,0.1044883789,0.001918506072
7.82,0.1492704008,-0.1095436928,-0.06693288979,0.02525629414,0.002637792114,0.999996521,0.0264142499,0.9996510828,0,0,1.328233528,1.647414899,-1.433580551,1.374989315,-0.01686644033,0.149478173,0.1717733519,-1.265136639,1.575975849,1.283023281,1.392421436,-0.08516167254,0.03627761694,-0.5074362284,0.08053431167,-0.0002748559002,-0.02021972669,0.1501795988,0.07501744318,-0.08170867177,-0.0379048912,-0.08406621093,0.01508286908,0.005107704402,0.1034983416,0.0225119116,-0.01183518019,-0.02088507117,0.008580447072,0.01548297138,0.008580447072,0.002637795173,0.04497910486,0.1273622001,0.1041082836,0.001921244211
7.83,0.1485951297,-0.1092910815,-0.06812152175,0.0252659475,0.002637792114,0.999996521,0.0264142499,0.9996510828,0,0,1.329038871,1.64741215,-1.433782748,1.376491111,-0.0161162659,0.1486610862,0.171394303,-1.265977301,1.576126678,1.283074358,1.393456419,-0.08493655342,0.03615926514,-0.5076450791,0.08052266318,-0.0002758982927,-0.02064980899,0.150698399,0.07608935235,-0.08243201774,-0.03865457133,-0.08424241998,0.01555806729,0.005310624047,0.1032023032,0.0230722012,-0.0112164047,-0.02118077694,0.008582100752,0.01552534135,0.008582100752,0.002637795173,0.04486078399,0.1273622001,0.1037213817,0.00192399277
7.84,0.1479079672,-0.109038374,-0.06931109432,0.0252755487,0.002637792114,0.999996521,0.0264142499,0.9996510828,0,0,1.329844097,1.647409391,-1.433989246,1.377998095,-0.01535537238,0.1478367661,0.1710077573,-1.266819725,1.576282258,1.283127464,1.394488442,-0.08470583141,0.0360471011,-0.5078568869,0.08051032305,-0.0002769409131,-0.02107956621,0.1512168027,0.0771604069,-0.08315568792,-0.03940587931,-0.08441924657,0.01603421476,0.005513036013,0.1029062034,0.02363247823,-0.01059687634,-0.02147723849,0.00858375451,0.01556925049,0.00858375451,0.002637795173,0.04474908387,0.1273622001,0.1033276666,0.001926751753
7.85,0.1472089063,-0.1087855706,-0.07050114009,0.02528512367,0.002637792114,0.999996521,0.0264142499,0.9996510828,0,0,1.330649201,1.647406622,-1.434200042,1.379510263,-0.01458376831,0.1470052092,0.1706136985,-1.267663917,1.5764426,1.283182594,1.395517504,-0.08446950663,0.03594113233,-0.5080716593,0.08049738386,-0.0002779836099,-0.02150881212,0.1517347416,0.07823017242,-0.08387944482,-0.04015853533,-0.08459672281,0.01651112146,0.005714840215,0.102610311,0.02419250306,-0.009976890849,-0.02177435498,0.008585408332,0.01561470236,0.008585408332,0.002637795173,0.04464400936,0.1273622001,0.1029271341,0.001929521162
7.86,0.1464979444,-0.1085326715,-0.07169118623,0.02529469862,0.002637792114,0.999996521,0.0264142499,0.9996510828,0,0,1.331454174,1.647403842,-1.43441513,1.38102761,-0.01380146659,0.1461664147,0.1702121131,-1.268509885,1.576607712,1.283239743,1.396543608,-0.0842275816,0.03584136342,-0.5082894028,0.08048393957,-0.0002790262299,-0.02193735865,0.1522521467,0.07929821034,-0.08460304828,-0.04091225566,-0.08477488078,0.01698859476,0.005915935785,0.1023148977,0.02475203352,-0.009356747542,-0.02207202405,0.008587062202,0.01566169991,0.008587062202,0.002637795173,0.04454556207,0.1273622001,0.1025197829,0.001932300998
7.87,0.1457750841,-0.1082796766,-0.07288075451,0.02530430006,0.002637792114,0.999996521,0.0264142499,0.9996510828,0,0,1.332259014,1.647401052,-1.434634504,1.382550132,-0.01300848448,0.1453203843,0.1698029906,-1.269357633,1.576777598,1.283298902,1.397566756,-0.08398006126,0.03574779595,-0.5085101231,0.0804700855,-0.0002800686183,-0.02236501598,0.1527689486,0.08036407797,-0.08532625539,-0.04166675269,-0.08495375256,0.0174664395,0.006116221086,0.102020238,0.02531082493,-0.008736749296,-0.02237014187,0.00858871611,0.01571024551,0.00858871611,0.002637795173,0.04445374038,0.1273622001,0.1021056144,0.001935091261
7.88,0.1450403326,-0.1080265853,-0.07406936133,0.02531395482,0.002637792114,0.999996521,0.0264142499,0.9996510828,0,0,1.333063715,1.647398251,-1.434858154,1.384077821,-0.0122048437,0.1444671217,0.169386323,-1.270207171,1.576952262,1.283360064,1.398586959,-0.08372695301,0.03566042845,-0.5087338245,0.08045591837,-0.0002811106182,-0.02279159247,0.1532850775,0.0814273285,-0.08604882057,-0.04242173491,-0.08513337021,0.01794445797,0.006315593702,0.1017266092,0.02586863005,-0.008117202561,-0.02266860308,0.008590370046,0.01576034087,0.008590370046,0.002637795173,0.04436853936,0.1273622001,0.1016846327,0.001937891947
7.89,0.1442937017,-0.1077733972,-0.07525651767,0.02532368999,0.002637792114,0.999996521,0.0264142499,0.9996510828,0,0,1.333868274,1.64739544,-1.43508607,1.385610672,-0.01139057042,0.1436066335,0.1689621057,-1.271058505,1.577131707,1.28342322,1.399604225,-0.08346826671,0.03557925643,-0.5089605105,0.08044153626,-0.0002821520715,-0.0232168947,0.1538004629,0.08248751099,-0.08677049552,-0.04317690689,-0.08531376579,0.01842244987,0.00651395045,0.1014342918,0.02642519909,-0.007498417353,-0.02296730082,0.008592024001,0.01581198708,0.008592024001,0.002637795173,0.04428995077,0.1273622001,0.1012568447,0.001940703053
7.9,0.1435352087,-0.1075201112,-0.07644172912,0.02533353299,0.002637792114,0.999996521,0.0264142499,0.9996510828,0,0,1.334672689,1.647392619,-1.435318239,1.387148677,-0.01056569531,0.1427389285,0.1685303366,-1.271911642,1.577315931,1.28348836,1.400618568,-0.08320401472,0.03550427226,-0.5091901835,0.080133694,-0.0002829927959,-0.02352375652,0.1532579386,0.08352870905,-0.08673007813,-0.0439599204,-0.08518391712,0.01897402661,0.006635148437,0.1000977479,0.02688155898,-0.006174138661,-0.02332268759,0.008593677971,0.0158651846,0.008593677971,0.002637795173,0.044217963,0.1273622001,0.1008222602,0.001943524574
7.91,0.1427648753,-0.1072667261,-0.07762449589,0.02534351153,0.002637792114,0.999996521,0.0264142499,0.9996510828,0,0,1.335474026,1.647389789,-1.435553476,1.388681256,-0.009730408217,0.1418716278,0.1680907374,-1.272763481,1.577505671,1.283554711,1.401619545,-0.08293519913,0.03544253087,-0.5094234104,0.08009418125,-0.0002841193576,-0.02393703618,0.1536813852,0.08458130367,-0.08738392219,-0.0447159777,-0.08533880568,0.01945754179,0.006824780535,0.09971725147,0.02742659642,-0.005495963883,-0.02362565238,0.008595325857,0.01592018038,0.008595325857,0.002637795173,0.04461910893,0.1268956527,0.1003808916,0.001946354502
7.92,0.1419827286,-0.1070132404,-0.07880431278,0.02535365363,0.002637792114,0.999996521,0.0264142499,0.9996510828,0,0,1.336274968,1.647386947,-1.435792847,1.39021807,-0.00888459518,0.1409977885,0.1676435776,-1.273616869,1.577700247,1.283622959,1.402616718,-0.08266093317,0.03538757123,-0.5096596669,0.08008007086,-0.0002852688755,-0.02435861504,0.1541950891,0.08563086714,-0.0881017541,-0.04546883976,-0.08552136921,0.0199340375,0.007019651041,0.09942901228,0.02797815997,-0.004880370648,-0.02392359769,0.008596973221,0.01597674682,0.008596973221,0.002637795173,0.04506724578,0.1263886818,0.09993275452,0.001949195695
7.93,0.1411888006,-0.1067596524,-0.07998066921,0.02536398759,0.002637792114,0.999996521,0.0264142499,0.9996510828,0,0,1.337075769,1.647384095,-1.436036433,1.391760021,-0.008028286509,0.140116771,0.1671888892,-1.274472083,1.577899587,1.283693156,1.403611008,-0.08238115157,0.03533876752,-0.5098989029,0.0800661591,-0.0002864197004,-0.02477815713,0.1547077862,0.08667554785,-0.08881768414,-0.04622064664,-0.08570483097,0.0204096755,0.007213089607,0.09914320021,0.02852746826,-0.004266793139,-0.02422131877,0.008598620591,0.01603486103,0.008598620591,0.002637795173,0.04552213282,0.1258815062,0.09947786723,0.001952048384
7.94,0.1403831285,-0.1065059599,-0.08115304918,0.02537454202,0.002637792114,0.999996521,0.0264142499,0.9996510828,0,0,1.33787643,1.647381231,-1.436284215,1.393307099,-0.00716153103,0.1392285942,0.1667266828,-1.275329131,1.578103684,1.283765287,1.40460244,-0.08209587688,0.03529609959,-0.5101411161,0.08000758702,-0.0002875095599,-0.02513937413,0.1552043245,0.08771030184,-0.08946565832,-0.04701316815,-0.08585937805,0.02088190246,0.007385748796,0.0988531912,0.02908464677,-0.003654211735,-0.02447844955,0.008600267969,0.01609452081,0.008600267969,0.002637795173,0.04598374873,0.1253741218,0.09901625106,0.001954912581
7.95,0.1395657546,-0.1062521607,-0.08232093132,0.02538534582,0.002637792114,0.999996521,0.0264142499,0.9996510828,0,0,1.338676506,1.647378355,-1.436535608,1.394859142,-0.006284428012,0.1383339376,0.1662565511,-1.276187725,1.578312503,1.283839144,1.405590972,-0.08180503042,0.03525955747,-0.5103859006,0.07942475727,-0.0002878139773,-0.02484436251,0.1555241181,0.08868745248,-0.08934374518,-0.04829516352,-0.08566653718,0.02132546984,0.007331916318,0.09848571704,0.02975992078,-0.003028835705,-0.02426541502,0.008601914426,0.01615571567,0.008601914426,0.002637795173,0.04645206925,0.1248665239,0.09855660209,0.001957787677
7.96,0.1387367266,-0.1059982521,-0.08348378886,0.02539642821,0.002637792114,0.999996521,0.0264142499,0.9996510828,0,0,1.339470754,1.647375477,-1.436784052,1.396414383,-0.005397553487,0.1374405001,0.1657735995,-1.277044391,1.578525758,1.283912463,1.406575829,-0.08150743121,0.03522926912,-0.5106285547,0.07940358989,-0.0002888390979,-0.02524724279,0.1560311631,0.08971676427,-0.0900404234,-0.04905000897,-0.08584705721,0.02179668195,0.007516149268,0.09820810249,0.0303022013,-0.002423492974,-0.02455413011,0.008603549089,0.01621835298,0.008603549089,0.002637795173,0.0469270671,0.1243587071,0.09822603413,0.001960665817
7.97,0.1378960973,-0.1057442311,-0.08464108963,0.02540781868,0.002637792114,0.999996521,0.0264142499,0.9996510828,0,0,1.34026479,1.647372589,-1.437036524,1.397974695,-0.004500385844,0.1365400959,0.1652830994,-1.277902861,1.578743724,1.283987625,1.40755791,-0.08120440919,0.03520503419,-0.510874096,0.07938309353,-0.0002898623818,-0.02564734883,0.1565369306,0.09073935052,-0.09073420869,-0.04980247711,-0.08602862785,0.02226616864,0.007698523281,0.09793412306,0.03084113696,-0.001821506931,-0.02484219479,0.008605183608,0.01628252307,0.008605183608,0.002637795173,0.04740871196,0.1238506656,0.09793941778,0.001963554207
7.98,0.1370439251,-0.1054900946,-0.08579229605,0.02541954705,0.002637792114,0.999996521,0.0264142499,0.9996510828,0,0,1.34105862,1.64736969,-1.437292998,1.399540064,-0.003592992339,0.1356327538,0.1647850746,-1.278763147,1.578966386,1.28406461,1.408537251,-0.08089599782,0.03518681912,-0.511122518,0.07936338232,-0.0002908836584,-0.02604447573,0.1570413454,0.09175472331,-0.09142483313,-0.05055223365,-0.08621128323,0.02273370683,0.007878929967,0.09766408436,0.03137645421,-0.001223219015,-0.02512949235,0.008606817996,0.01634822095,0.008606817996,0.002637795173,0.04789697046,0.1233423931,0.0976978195,0.001966452831
7.99,0.1361802735,-0.1052358389,-0.08693686519,0.02543164341,0.002637792114,0.999996521,0.0264142499,0.9996510828,0,0,1.341852254,1.647366781,-1.437553443,1.401110478,-0.002675445106,0.1347185055,0.1642795523,-1.27962526,1.579193723,1.284143399,1.409513892,-0.08058223328,0.03517458693,-0.5113738129,0.07932258032,-0.0002918362397,-0.02642944082,0.1574626443,0.09276185685,-0.09205266455,-0.05130069065,-0.08637138803,0.02320468493,0.008050938908,0.09731698702,0.03189998501,-0.0005735194103,-0.02542017158,0.008608452268,0.01641544093,0.008608452268,0.002637795173,0.04839180614,0.1228338823,0.09750230296,0.001969361668
8,0.1353052118,-0.1049814604,-0.08807424867,0.02544413817,0.002637792114,0.999996521,0.0264142499,0.9996510828,0,0,1.34264548,1.647363863,-1.437817737,1.402685104,-0.001747826537,0.1337979788,0.1637665454,-1.280488974,1.57942577,1.284223909,1.410487062,-0.08026323343,0.03516885173,-0.5116280146,0.0790252176,-0.000292072511,-0.0267066702,0.156925227,0.09375537144,-0.09198099058,-0.05206579501,-0.08625485986,0.02373896829,0.008146759746,0.09602043587,0.03232694984,0.0007225387941,-0.02575942465,0.008610085987,0.01648419519,0.008610085987,0.002637795173,0.04885610015,0.1223622048,0.09734474817,0.00197228003
8.01,0.1344188144,-0.1047269548,-0.08920389276,0.02545706204,0.002637792114,0.999996521,0.0264142499,0.9996510828,0,0,1.343435732,1.647360942,-1.438084804,1.404254356,-0.000810272823,0.1328781689,0.1632458874,-1.281351523,1.57966316,1.284305376,1.411447266,-0.07993996393,0.03517607712,-0.5118856089,0.07900902966,-0.000293211209,-0.02709529822,0.1574260482,0.09474772301,-0.09266078003,-0.0528044623,-0.08644043153,0.02419908666,0.008320811875,0.09576263044,0.03284999376,0.001308787139,-0.02604286145,0.008611713849,0.01655469419,0.008611713849,0.002637795173,0.048854957,0.1223622048,0.09709081399,0.001975200755
8.02,0.1335211616,-0.1044723176,-0.0903252383,0.025470446,0.002637792114,0.999996521,0.0264142499,0.9996510828,0,0,1.344225823,1.64735801,-1.438355757,1.405828617,0.0001372044071,0.1319515611,0.1627178428,-1.282215927,1.579905151,1.284388584,1.412404893,-0.079611464,0.03518916499,-0.5121460375,0.07899410417,-0.0002943496154,-0.02748014157,0.1579252197,0.09573089905,-0.09333630866,-0.05353902372,-0.08662721109,0.02465633505,0.008492459067,0.09550997913,0.03336830363,0.001889964586,-0.02632503361,0.008613341654,0.01662669277,0.008613341654,0.002637795173,0.0488599997,0.1223622048,0.09683365538,0.001978132867
8.03,0.1326123391,-0.1042175442,-0.09143772078,0.02548432137,0.002637792114,0.999996521,0.0264142499,0.9996510828,0,0,1.345015764,1.647355067,-1.438630558,1.407407869,0.001094513398,0.131018198,0.1621824525,-1.283082199,1.580151714,1.284473509,1.413359993,-0.07927778096,0.03520806464,-0.5124092878,0.07898056194,-0.0002954875321,-0.02786098615,0.158422662,0.09670439081,-0.09400729411,-0.05426912529,-0.08681523229,0.0251104776,0.008661589153,0.09526280069,0.03388159306,0.002465712646,-0.02660581724,0.008614969426,0.01670018225,0.008614969426,0.002637795173,0.04887116958,0.1223622048,0.0965732969,0.001981076364
8.04,0.1316924386,-0.1039626294,-0.09254077024,0.02549871974,0.002637792114,0.999996521,0.0264142499,0.9996510828,0,0,1.345805569,1.647352112,-1.438909168,1.408992096,0.002061557306,0.1300781251,0.1616397613,-1.283950352,1.580402819,1.284560125,1.414312621,-0.07893896503,0.03523272177,-0.512675346,0.07896852519,-0.000296624758,-0.02823761608,0.1589182955,0.09766768542,-0.09467345128,-0.05499440909,-0.08700452885,0.02556127591,0.008828089241,0.09502141674,0.03438957315,0.003035669252,-0.02688508697,0.008616597193,0.01677515322,0.008616597193,0.002637795173,0.0488884041,0.1223622048,0.09630976478,0.001984031239
8.05,0.1307615571,-0.103707568,-0.09363381136,0.025513673,0.002637792114,0.999996521,0.0264142499,0.9996510828,0,0,1.346595254,1.647349146,-1.439191544,1.410581279,0.00303823416,0.1291313906,0.1610898172,-1.284820397,1.580658431,1.284648406,1.415262835,-0.0785950693,0.03526307846,-0.5129441969,0.07895811758,-0.0002977610888,-0.02860981371,0.1594120399,0.09862026591,-0.0953344924,-0.05571451319,-0.08719513449,0.02600848897,0.008991845718,0.09478615177,0.03489195245,0.003599468752,-0.02716271594,0.008618224986,0.0168515955,0.008618224986,0.002637795173,0.04891163677,0.1223622048,0.09604308685,0.001986997487
8.06,0.1298197977,-0.103452354,-0.09471626342,0.02552921337,0.002637792114,0.999996521,0.0264142499,0.9996510828,0,0,1.347384836,1.647346168,-1.439477642,1.412175399,0.004024436819,0.1281780457,0.1605326721,-1.285692348,1.580918516,1.284738324,1.416210696,-0.07824614977,0.03529907315,-0.513215824,0.07894946419,-0.0002988963167,-0.02897735964,0.1599038143,0.09956161116,-0.09599012701,-0.0564290717,-0.08738708289,0.0264518732,0.009152744253,0.09455733314,0.03538843701,0.004156741916,-0.02743857584,0.008619852837,0.01692949814,0.008619852837,0.002637795173,0.04894079717,0.1223622048,0.09577329261,0.001989975097
8.07,0.1288672691,-0.1031969816,-0.09578754031,0.02554537332,0.002637792114,0.999996521,0.0264142499,0.9996510828,0,0,1.34817433,1.647343179,-1.439767416,1.413774437,0.00502005293,0.1272181444,0.1599683814,-1.286566219,1.581183035,1.284829852,1.41715627,-0.0778922654,0.03534064057,-0.5134902098,0.07894269153,-0.0003000302311,-0.02934003268,0.1603935374,0.100491196,-0.09664006195,-0.05713771474,-0.08758040773,0.02689118243,0.009310669798,0.09433529108,0.03587873034,0.004707115928,-0.02771253684,0.008621480781,0.01700884941,0.008621480781,0.002637795173,0.04897581089,0.1223622048,0.09550041325,0.001992964061
8.08,0.1279040861,-0.1029414444,-0.09684705051,0.02556218567,0.002637792114,0.999996521,0.0264142499,0.9996510828,0,0,1.348963757,1.647340179,-1.440060816,1.415378373,0.00602496489,0.1262517438,0.1593970042,-1.287442023,1.581451947,1.284922958,1.418099622,-0.0775334781,0.03538771172,-0.5137673351,0.07893792754,-0.0003011626178,-0.0296976099,0.1608811273,0.1014084911,-0.09728400138,-0.05784006843,-0.08777514264,0.0273261679,0.009465506591,0.09412035867,0.03636253343,0.005250214388,-0.02798446767,0.008623108857,0.01708963676,0.008623108857,0.002637795173,0.04901659949,0.1223622048,0.09522448161,0.001995964363
8.09,0.1269303693,-0.1026857356,-0.09789419712,0.0255796835,0.002637792114,0.999996521,0.0264142499,0.9996510828,0,0,1.349753137,1.647337167,-1.440357792,1.416987184,0.007039049801,0.1252789038,0.1588186035,-1.288319775,1.581725209,1.285017613,1.419040826,-0.07716985277,0.03544021387,-0.5140471798,0.07885774068,-0.0003020310664,-0.03001892004,0.1610670616,0.1023141082,-0.09770107298,-0.05854077922,-0.08788463806,0.02777578989,0.009592718983,0.09361079181,0.03680957624,0.005993168121,-0.02826929291,0.008624737107,0.01717184689,0.008624737107,0.002637795173,0.04906308047,0.1223622048,0.09494553227,0.001998975989
8.1,0.1259462453,-0.1024298483,-0.09892837783,0.0255979002,0.002637792114,0.999996521,0.0264142499,0.9996510828,0,0,1.350541714,1.647334147,-1.440657981,1.418597854,0.008062190883,0.124301893,0.1582331957,-1.289198621,1.582002966,1.285113541,1.419976934,-0.076801757,0.03550014555,-0.5143298728,0.07865218005,-0.0003023762294,-0.03028423313,0.1607574242,0.1032090482,-0.09774806174,-0.05924180185,-0.08785220486,0.02825211015,0.009676310521,0.09260969539,0.03720028287,0.007071045811,-0.0285760494,0.00862636397,0.0172555288,0.00862636397,0.002637795173,0.04925547056,0.1223622048,0.0946636015,0.0020019963
8.11,0.124951847,-0.1021737751,-0.09994898495,0.02561686948,0.002637792114,0.999996521,0.0264142499,0.9996510828,0,0,1.351328236,1.647331123,-1.440960824,1.420205429,0.009094281364,0.1233244124,0.1576407777,-1.290077143,1.582285488,1.285210304,1.420903031,-0.07642975418,0.03557085601,-0.5146156332,0.07865457344,-0.0003033611365,-0.03062606823,0.1612387001,0.1040875219,-0.09837243147,-0.05992153916,-0.08805056884,0.02867237707,0.009821112021,0.09241601779,0.0376630566,0.007591410325,-0.02884014265,0.008627986861,0.01734077095,0.008627986861,0.002637795173,0.04982521866,0.1223622048,0.09437872732,0.002005020062
8.12,0.1239473129,-0.1019175083,-0.1009554054,0.02563662532,0.002637792114,0.999996521,0.0264142499,0.9996510828,0,0,1.352114781,1.647328089,-1.441267084,1.421817816,0.01013515658,0.1223406881,0.1570415623,-1.290957649,1.582572211,1.285308515,1.421827191,-0.07605312361,0.03564677011,-0.5149040347,0.07865950178,-0.0003043413353,-0.03096191043,0.1617174983,0.1049515682,-0.09898958341,-0.06059342846,-0.08825045812,0.02908729686,0.009962351862,0.09223075587,0.03811812094,0.008102994647,-0.02910165157,0.00862961008,0.01742738983,0.00862961008,0.002637795173,0.05040077406,0.1223622048,0.09409094948,0.002008053673
8.13,0.1229327882,-0.1016610399,-0.1019470206,0.02565720201,0.002637792114,0.999996521,0.0264142499,0.9996510828,0,0,1.352901376,1.647325046,-1.441576704,1.423434991,0.01118467226,0.1213507923,0.156435628,-1.291840153,1.582863084,1.285408138,1.422749499,-0.0756719424,0.03572780006,-0.5151950512,0.07847276264,-0.0003050342942,-0.03105256278,0.162128043,0.1057940188,-0.09931146099,-0.06143948924,-0.0883230899,0.02948524118,0.01001759945,0.09202719593,0.03861046037,0.00860708645,-0.02918499201,0.008631233679,0.01751536881,0.008631233679,0.002637795173,0.0509820537,0.1223622048,0.09380030953,0.002011097087
8.14,0.121908424,-0.1014043614,-0.1029232069,0.02567863415,0.002637792114,0.999996521,0.0264142499,0.9996510828,0,0,1.353686104,1.647321996,-1.441887229,1.425056271,0.01224261245,0.1203576776,0.1558212331,-1.292723384,1.583157937,1.285508314,1.423669771,-0.0752858378,0.03581387092,-0.5154869011,0.07791825992,-0.0003052749345,-0.03068236518,0.1624112244,0.1066105719,-0.09907725065,-0.06262495944,-0.08815177324,0.02985545571,0.009911818339,0.09178142152,0.03918032992,0.00910444003,-0.02893092323,0.008632853666,0.01760465311,0.008632853666,0.002637795173,0.05156897096,0.1223622048,0.09343102675,0.00201414743
8.15,0.1208743776,-0.1011474642,-0.1038833348,0.02570095661,0.002637792114,0.999996521,0.0264142499,0.9996510828,0,0,1.354465287,1.647318943,-1.442194053,1.426680383,0.01330871817,0.1193669051,0.1551949835,-1.293604902,1.583456491,1.285607432,1.424587585,-0.0748940345,0.03590491532,-0.5157762103,0.07792461789,-0.0003063762718,-0.03099228835,0.1628805873,0.1074314073,-0.0996612327,-0.06327783546,-0.08835195126,0.03025205196,0.01003825406,0.09162296195,0.03961119843,0.009586768535,-0.02917753301,0.008634462373,0.01769515249,0.008634462373,0.002637795173,0.05216143562,0.1223622048,0.09283856221,0.002017200179
8.16,0.1198308129,-0.1008903392,-0.1048267697,0.0257242046,0.002637792114,0.999996521,0.0264142499,0.9996510828,0,0,1.355244533,1.647315879,-1.442503976,1.428309189,0.01438303225,0.1183702928,0.1545622052,-1.294488421,1.583759012,1.285707815,1.425503814,-0.07449792251,0.03600078301,-0.5160679857,0.07793418292,-0.0003074744387,-0.03129546378,0.1633471796,0.1082356491,-0.1002369339,-0.063921153,-0.08855387185,0.03064224191,0.01016069278,0.09147434384,0.04003305398,0.01005871126,-0.02942110843,0.008636071471,0.01778695442,0.008636071471,0.002637795173,0.05275935387,0.1223622048,0.09224064407,0.002020263942
8.17,0.1187779,-0.1006329769,-0.1057528715,0.0257484136,0.002637792114,0.999996521,0.0264142499,0.9996510828,0,0,1.356023875,1.647312804,-1.44281693,1.429942661,0.01546538874,0.1173679235,0.1539229937,-1.29537396,1.584065434,1.285809422,1.426418558,-0.07409759197,0.03610137012,-0.5163621968,0.07794710013,-0.0003085691985,-0.03159165771,0.1638109141,0.1090227304,-0.1008040396,-0.06455449788,-0.08875757105,0.03102575383,0.01027901446,0.09133592535,0.04044557381,0.01051986041,-0.02966150931,0.008637681028,0.01788003887,0.008637681028,0.002637795173,0.05336262827,0.1223622048,0.09163736979,0.002023338686
8.18,0.1177158154,-0.1003753676,-0.1066609948,0.0257736194,0.002637792114,0.999996521,0.0264142499,0.9996510828,0,0,1.356803346,1.647309719,-1.443132847,1.43158077,0.01655561604,0.1163598831,0.1532774487,-1.296261536,1.584375692,1.285912212,1.427331917,-0.07369313623,0.03620656872,-0.5166588118,0.07796351614,-0.000309660311,-0.03188063461,0.1642717033,0.1097920803,-0.1013622326,-0.06517745187,-0.08896308484,0.03140231338,0.01039309841,0.09120806748,0.04084843263,0.01096980457,-0.02989859399,0.008639291112,0.0179743849,0.008639291112,0.002637795173,0.05397115763,0.1223622048,0.09102884053,0.002026424378
8.19,0.1166447422,-0.1001175011,-0.1075504887,0.02579985808,0.002637792114,0.999996521,0.0264142499,0.9996510828,0,0,1.357582981,1.647306622,-1.443451653,1.433223487,0.01765353684,0.1153462608,0.1526256742,-1.297151167,1.584689715,1.286016143,1.428243998,-0.07328465191,0.03631626677,-0.5169577978,0.07783798915,-0.0003107475332,-0.03210559318,0.1641468261,0.1105521725,-0.1014768831,-0.06579699932,-0.08900421429,0.03180827219,0.01045252897,0.0904972249,0.0411810813,0.01182003596,-0.0301604103,0.008640901797,0.0180699707,0.008640901797,0.002637795173,0.0545848371,0.1223622048,0.09041516118,0.002029520981
8.2,0.1155648699,-0.09985936687,-0.108420697,0.02582716602,0.002637792114,0.999996521,0.0264142499,0.9996510828,0,0,1.358361361,1.647303515,-1.443772709,1.434864955,0.01875905857,0.1143314919,0.1519677042,-1.298041209,1.585007798,1.286120668,1.42914897,-0.0728728411,0.03643446713,-0.5172594019,0.077740511,-0.0003118306182,-0.03233288114,0.1641148125,0.1112929573,-0.1016531935,-0.06640302059,-0.0890736507,0.03220065106,0.01051565151,0.08989335547,0.0415134938,0.0125919615,-0.0304132702,0.008642510108,0.01816689237,0.008642510108,0.002637795173,0.05492229177,0.1222557107,0.08979644033,0.002032628457
8.21,0.1144763947,-0.09960095408,-0.1092709581,0.02585557991,0.002637792114,0.999996521,0.0264142499,0.9996510828,0,0,1.359138766,1.647300396,-1.444096038,1.436506104,0.01987198814,0.11331496,0.151303674,-1.298931945,1.585329804,1.286225825,1.430047904,-0.07245770616,0.03656038674,-0.5175635346,0.07776879499,-0.0003129093159,-0.03259974789,0.1645667436,0.1120070381,-0.1021826585,-0.06699084881,-0.08928370431,0.03255460122,0.01061618804,0.08979706232,0.04188565728,0.01300751156,-0.0306385898,0.008644116629,0.01826510627,0.008644116629,0.002637795173,0.05502911615,0.1220102553,0.08917279039,0.002035746763
8.22,0.1133795195,-0.09934225147,-0.1101006048,0.02588513674,0.002637792114,0.999996521,0.0264142499,0.9996510828,0,0,1.359916454,1.647297267,-1.444422035,1.438151771,0.02099205852,0.1122931334,0.1506337655,-1.299824782,1.58565535,1.286331987,1.430945874,-0.07203884958,0.03669046186,-0.5178699205,0.07780117724,-0.0003139833728,-0.03285844781,0.1650153479,0.1127010815,-0.10270189,-0.06756655444,-0.08949569226,0.0329004763,0.0107119935,0.08971273918,0.04224683368,0.01341022029,-0.03086000114,0.008645723997,0.01836448839,0.008645723997,0.002637795173,0.05514017379,0.1216994112,0.08854432756,0.002038875856
8.23,0.1122744536,-0.09908324741,-0.1109089648,0.02591587378,0.002637792114,0.999996521,0.0264142499,0.9996510828,0,0,1.360694466,1.647294127,-1.44475062,1.439801924,0.02211906934,0.1112661145,0.1499580999,-1.300719739,1.585984355,1.286439107,1.431843002,-0.07161638125,0.03682456406,-0.5181785205,0.07783781133,-0.0003150525319,-0.03310873641,0.1654605331,0.1133744961,-0.1032105562,-0.06812969906,-0.08970965004,0.03323798892,0.0108029439,0.08964075997,0.04259668497,0.0137996591,-0.03107735551,0.008647332296,0.0184650133,0.008647332296,0.002637795173,0.05525532142,0.121322331,0.08791117186,0.00204201569
8.24,0.1111614134,-0.09882392993,-0.1116953602,0.02594782862,0.002637792114,0.999996521,0.0264142499,0.9996510828,0,0,1.361472844,1.647290977,-1.445081707,1.44145653,0.0232528143,0.1102340089,0.1492768029,-1.301616836,1.586316735,1.286547136,1.432739409,-0.0711904144,0.03696256065,-0.5184892941,0.0778788523,-0.0003161165329,-0.03335036749,0.1659022065,0.1140266864,-0.1037083225,-0.06867984013,-0.08992561306,0.03356684903,0.01088891463,0.08958150146,0.04293487066,0.01417539577,-0.0312905027,0.008648941615,0.01856665462,0.008648941615,0.002637795173,0.05537441115,0.120878185,0.0872734472,0.002045166215
8.25,0.1100406219,-0.09856428665,-0.1124591078,0.02598103914,0.002637792114,0.999996521,0.0264142499,0.9996510828,0,0,1.362251632,1.647287816,-1.445415211,1.443115552,0.02439308116,0.1091969257,0.1485900045,-1.302516092,1.586652403,1.286656025,1.433635224,-0.07076106569,0.03710431461,-0.5188021991,0.07792445674,-0.0003171751118,-0.03358309314,0.1663402749,0.1146570529,-0.1041948516,-0.06921653095,-0.09014361665,0.03388676391,0.01096978045,0.08953534323,0.04326104773,0.01453699449,-0.03149929103,0.008650552048,0.01866938503,0.008650552048,0.002637795173,0.05549729045,0.1203661617,0.08663128138,0.00204832738
8.26,0.108912309,-0.09830430484,-0.113199519,0.02601554352,0.002637792114,0.999996521,0.0264142499,0.9996510828,0,0,1.363030877,1.647284644,-1.445751042,1.444778955,0.02553965169,0.1081549772,0.1478978392,-1.303417528,1.586991271,1.286765723,1.434530578,-0.07032845521,0.03724968456,-0.519117192,0.07797478274,-0.0003182280011,-0.03380666376,0.1667746445,0.1152649922,-0.1046698034,-0.06973932068,-0.09036369608,0.03419743818,0.01104541555,0.0895026677,0.0435748707,0.01488401578,-0.03170356728,0.008652163688,0.01877317628,0.008652163688,0.002637795173,0.05562380208,0.1197854691,0.08598480614,0.002051499131
8.27,0.1077767116,-0.09804397134,-0.1139158998,0.02605138023,0.002637792114,0.999996521,0.0264142499,0.9996510828,0,0,1.363810625,1.647281462,-1.446089109,1.446446701,0.02669230162,0.1071082792,0.147200446,-1.304321165,1.587333245,1.286876177,1.435425604,-0.06989270651,0.03739852471,-0.5194342277,0.07802998993,-0.0003192749299,-0.03402082806,0.1672052211,0.1158498967,-0.1051328353,-0.0702477543,-0.09058588649,0.03449857378,0.01111569349,0.08948386012,0.04387599163,0.01521601657,-0.03190317676,0.008653776637,0.01887799914,0.008653776637,0.002637795173,0.05575378411,0.119135335,0.08533415716,0.002054681411
8.28,0.1066340734,-0.09778327266,-0.1146075507,0.02608858805,0.002637792114,0.999996521,0.0264142499,0.9996510828,0,0,1.364590925,1.647278269,-1.446429317,1.448118753,0.02785080058,0.1060569508,0.1464979685,-1.305227024,1.587678231,1.286987334,1.436320443,-0.06945394659,0.03755068488,-0.5197532594,0.07809023947,-0.0003203156236,-0.03422533306,0.1676319097,0.1164111552,-0.1055836021,-0.0707413726,-0.09081022296,0.03478986996,0.0111804873,0.08947930853,0.04416406007,0.01553255013,-0.03209796324,0.008655390995,0.01898382343,0.008655390995,0.002637795173,0.0558870698,0.1184150082,0.08467947414,0.002057874161
8.29,0.1054846454,-0.09752219488,-0.115273767,0.02612720607,0.002637792114,0.999996521,0.0264142499,0.9996510828,0,0,1.365371827,1.647275066,-1.44677157,1.449795072,0.02901491213,0.1050011148,0.1457905548,-1.306135126,1.58802613,1.287099139,1.437215236,-0.06901230599,0.03770601038,-0.5200742391,0.07757553319,-0.0008529126381,-0.03330901195,0.1669937227,0.1164278183,-0.104897172,-0.07087446046,-0.09057734275,0.03510842097,0.01103429585,0.08846167267,0.04440347035,0.01652425115,-0.03207125144,0.008657006869,0.019090618,0.008657006869,0.002637795173,0.05602348764,0.1176237587,0.08402090078,0.002061077317
8.3,0.1043286853,-0.09726072371,-0.1159138385,0.02616727365,0.002637792114,0.999996521,0.0264142499,0.9996510828,0,0,1.366147582,1.647266537,-1.44710466,1.45146501,0.03017919032,0.1039521431,0.1450818102,-1.3070409,1.588377214,1.287209482,1.438099853,-0.06856827129,0.03787125289,-0.5203949516,0.07692017715,-0.002051830029,-0.03128588196,0.1671299866,0.1157208771,-0.1044777646,-0.07047100057,-0.09040984253,0.03534758064,0.010845376,0.08832339865,0.04478728582,0.01686780751,-0.03174794448,0.008658573205,0.01919846839,0.008658573205,0.002637795173,0.05664141393,0.1173622021,0.08335858485,0.002069606443
8.31,0.1031664581,-0.09699884444,-0.1165270495,0.02620883047,0.002637792114,0.999996521,0.0264142499,0.9996510828,0,0,1.366916784,1.647246018,-1.447417519,1.453136309,0.03133639909,0.1029073654,0.1443771001,-1.307944998,1.58873069,1.287317936,1.438983087,-0.06812039843,0.03803993097,-0.520712431,0.07696499208,-0.002280428984,-0.03117587,0.1675437455,0.1159826754,-0.1048960237,-0.0706564354,-0.09063713188,0.03560683984,0.01089064258,0.08836100808,0.04503441393,0.01713662307,-0.03192223822,0.008660038176,0.01930711836,0.008660038176,0.002637795173,0.05730732072,0.1173622021,0.08269267818,0.002090124744
8.32,0.1019982362,-0.096736542,-0.1171126791,0.02625191651,0.002637792114,0.999996521,0.0264142499,0.9996510828,0,0,1.367686434,1.647223214,-1.447729278,1.454811747,0.03249622584,0.1018584052,0.1436705358,-1.308851369,1.589086758,1.287426842,1.439866697,-0.06767005429,0.0382112972,-0.5210316534,0.07701548936,-0.002510801061,-0.03105325479,0.1679532645,0.1162166019,-0.1053009826,-0.07082291099,-0.09086681966,0.03585504149,0.01092998723,0.08841440805,0.04526700342,0.01738819752,-0.03209124527,0.008661487643,0.01941663613,0.008661487643,0.002637795173,0.05797666228,0.1173622021,0.08202333675,0.002112929033
8.33,0.1008242989,-0.09647380088,-0.117670001,0.02629657204,0.002637792114,0.999996521,0.0264142499,0.9996510828,0,0,1.368456589,1.647198106,-1.44803981,1.45649128,0.03365839186,0.1008053954,0.1429623067,-1.309760037,1.589445309,1.287536142,1.440750841,-0.06721738426,0.03838517917,-0.5213525659,0.07707185293,-0.002742860337,-0.03091788648,0.1683584455,0.1164221108,-0.105692284,-0.07097004166,-0.09109894343,0.0360918719,0.01096328237,0.08848399984,0.04548469034,0.01762206704,-0.03225480702,0.008662921599,0.01952698659,0.008662921599,0.002637795173,0.0586492785,0.1173622021,0.08135072065,0.002138037044
8.34,0.09964493298,-0.09621060519,-0.1181982832,0.02634283763,0.002637792114,0.999996521,0.0264142499,0.9996510828,0,0,1.369227307,1.647170677,-1.448348989,1.458174864,0.03482261297,0.09974847252,0.1422526063,-1.310671027,1.589806227,1.287645775,1.441635681,-0.06676253735,0.03856139984,-0.5216751139,0.07713426868,-0.002976518076,-0.03076961704,0.16875919,0.1165986549,-0.1060695677,-0.07109744073,-0.09133354064,0.0363170146,0.01099039991,0.08857018755,0.04568710828,0.01783776412,-0.03241276336,0.008664340048,0.0196381336,0.008664340048,0.002637795173,0.05932500509,0.1173622021,0.08067499418,0.002165465647
8.35,0.0984604325,-0.09594693863,-0.1186967887,0.02639075416,0.002637792114,0.999996521,0.0264142499,0.9996510828,0,0,1.36999865,1.647140912,-1.448656685,1.459862456,0.03598859952,0.09868777684,0.1415416319,-1.311584362,1.590169397,1.287755679,1.442521383,-0.06630566627,0.03873977749,-0.5219992416,0.07720292449,-0.003211682662,-0.03060830039,0.1691553989,0.1167456862,-0.1064324708,-0.07120472046,-0.09157064858,0.03653015043,0.01101121129,0.08867337806,0.04587388842,0.01803481761,-0.03256495264,0.008665743007,0.01975003998,0.008665743007,0.002637795173,0.06000367357,0.1173622021,0.07999632583,0.002195230828
8.36,0.09727109894,-0.09568278447,-0.1191647748,0.02644036279,0.002637792114,0.999996521,0.0264142499,0.9996510828,0,0,1.370770679,1.647108795,-1.448962768,1.46155401,0.03715605638,0.09762345214,0.1408295847,-1.312500069,1.590534699,1.287865791,1.443408117,-0.06584692738,0.03892012566,-0.5223248911,0.07727780167,-0.003448333627,-0.0304349351,0.1695483428,0.1168658465,-0.1067826112,-0.07129364155,-0.09181062262,0.03673234215,0.01102620796,0.08879288563,0.04604638079,0.01821464571,-0.03271197479,0.008667130504,0.01986266754,0.008667130504,0.002637795173,0.0606851112,0.1173622021,0.07931488833,0.002227347655
8.37,0.09607720587,-0.09541812568,-0.1196152206,0.02649166864,0.002637792114,0.999996521,0.0264142499,0.9996510828,0,0,1.371543457,1.647074312,-1.449267118,1.463249493,0.03832471484,0.09655562602,0.1401166482,-1.313418175,1.590902022,1.287976053,1.444296045,-0.06538646358,0.03910227212,-0.5226520108,0.07735733601,-0.003687012035,-0.03025857321,0.1699489157,0.1169843308,-0.1071356422,-0.07138116754,-0.09205602525,0.03693448017,0.01104027823,0.08892017841,0.04621813836,0.01839211794,-0.03285983901,0.008668502568,0.01997598146,0.008668502568,0.002637795173,0.06136916123,0.1173622021,0.07863083842,0.002261830991
8.38,0.09487874837,-0.09515294572,-0.1200786038,0.02654458891,0.002637792114,0.999996521,0.0264142499,0.9996510828,0,0,1.372317031,1.647037442,-1.449569704,1.464948982,0.03949455815,0.0954842696,0.1394028366,-1.314338735,1.591271367,1.288086456,1.445185247,-0.06492428219,0.0392861933,-0.5229806092,0.07733705012,-0.00393437938,-0.03004817951,0.1699210551,0.1171311537,-0.1071634795,-0.07146859054,-0.09218436192,0.03716607249,0.01101435964,0.08859119334,0.04634715181,0.01889887343,-0.03303019143,0.008669859158,0.02008998176,0.008669859158,0.002637795173,0.06205582649,0.1173622021,0.07794417329,0.002298701111
8.39,0.09367558788,-0.09488722866,-0.1205557611,0.02659908225,0.002637792114,0.999996521,0.0264142499,0.9996510828,0,0,1.373090401,1.646998098,-1.449870185,1.466648193,0.04066586969,0.09441263481,0.1386881507,-1.315260579,1.591643028,1.288196599,1.446071159,-0.06446081068,0.03947518203,-0.5233109111,0.07728286215,-0.004188600737,-0.02982836213,0.1697474021,0.1172963452,-0.1070813575,-0.07155644306,-0.0922741087,0.03741118262,0.01097485791,0.08809857104,0.04646461729,0.0195282457,-0.03321018291,0.008671197548,0.02020476169,0.008671197548,0.002637795173,0.06251964373,0.1173622021,0.07725481355,0.002338044905
8.4,0.09246758836,-0.09462095896,-0.1210463542,0.02665511003,0.002637792114,0.999996521,0.0264142499,0.9996510828,0,0,1.37386323,1.646956212,-1.450168469,1.468345667,0.04183883314,0.09334182123,0.1379725862,-1.31618332,1.59201714,1.288306348,1.446952145,-0.0639961645,0.03967046449,-0.523643013,0.07737260213,-0.004437648699,-0.02965818154,0.1701844736,0.1174473597,-0.1074646308,-0.07165819683,-0.09253764657,0.03762828029,0.01099281591,0.08823241448,0.04665351763,0.01972261526,-0.03336800342,0.008672516535,0.02032036395,0.008672516535,0.002637795173,0.06267923687,0.1173622021,0.07656268125,0.002379930913
8.41,0.09125461713,-0.09435412147,-0.1215500475,0.02671263388,0.002637792114,0.999996521,0.0264142499,0.9996510828,0,0,1.374636956,1.646911836,-1.450465051,1.470047512,0.04301330674,0.09226717492,0.1372560043,-1.317108696,1.592393423,1.288416276,1.447834469,-0.06352962933,0.03986769064,-0.523976693,0.07746570813,-0.004689316333,-0.02948867949,0.170633252,0.1176074815,-0.1078575523,-0.0717658223,-0.09280732805,0.03785030767,0.01101201692,0.08836945488,0.04684776752,0.01992162246,-0.03352935258,0.008673819535,0.02043670069,0.008673819535,0.002637795173,0.06284054301,0.1173622021,0.07586770037,0.0024243074
8.42,0.09003654486,-0.09408670142,-0.1220665073,0.02677161574,0.002637792114,0.999996521,0.0264142499,0.9996510828,0,0,1.375411613,1.646864943,-1.450759938,1.471753844,0.04418938155,0.0911885994,0.136538346,-1.31803677,1.592771926,1.288526396,1.448718164,-0.06306115165,0.04006690687,-0.5243119865,0.07756205667,-0.004943674869,-0.02931965529,0.1710934244,0.1177762907,-0.1082598859,-0.07187905293,-0.0930830209,0.03807716394,0.01103240115,0.08850962036,0.04704721394,0.02012516323,-0.03369416047,0.008675106444,0.02055378797,0.008675106444,0.002637795173,0.06300360672,0.1173622021,0.07516979681,0.002471200563
8.43,0.08881324553,-0.09381868442,-0.1225954029,0.02683201781,0.002637792114,0.999996521,0.0264142499,0.9996510828,0,0,1.376187233,1.646815506,-1.451053134,1.473464779,0.04536714446,0.09010600054,0.1358195555,-1.3189676,1.593152697,1.28863672,1.44960326,-0.06259067951,0.0402681585,-0.5246489281,0.07766152554,-0.005200793717,-0.02915091147,0.1715646806,0.1179533724,-0.108671397,-0.07199762523,-0.09336459365,0.03830874875,0.01105390956,0.08865283947,0.04725170515,0.02033313413,-0.0338623575,0.008676377147,0.02067164155,0.008676377147,0.002637795173,0.0631684714,0.1173622021,0.07446889838,0.002520637312
8.44,0.08758459644,-0.09355005646,-0.1231364058,0.02689380258,0.002637792114,0.999996521,0.0264142499,0.9996510828,0,0,1.376963849,1.646763498,-1.451344643,1.475180425,0.04654667818,0.08901928657,0.1350995793,-1.319901246,1.593535785,1.288747259,1.450489788,-0.06211816246,0.04047148984,-0.5249875517,0.07319930576,-0.0385184222,0.01281195801,0.1718144762,0.08441336213,-0.1104477232,-0.03445468006,-0.09321770753,0.03849760753,0.01080514273,0.08872712975,0.04762024968,0.02052391687,-0.03342770759,0.008677631524,0.02079027691,0.008677631524,0.002637795173,0.06333517933,0.1173622021,0.07376493475,0.002572645249
8.45,0.08635047814,-0.09328080389,-0.12368919,0.02695693283,0.002637792114,0.999996521,0.0264142499,0.9996510828,0,0,1.377695842,1.646378314,-1.451216524,1.47689857,0.0473908118,0.08791480934,0.1347550325,-1.320833423,1.593920761,1.288855311,1.451377059,-0.06164195996,0.04067672901,-0.5253218288,0.07170584067,-0.05029215306,0.02742516637,0.1722260292,0.07294931991,-0.1113586794,-0.02147497271,-0.0933572186,0.03872145845,0.01073268613,0.08885131008,0.04788975584,0.02073218439,-0.03338820326,0.008676359385,0.02090955204,0.008676359385,0.003162636799,0.06342181212,0.1168373606,0.07332025807,0.002957829471
8.46,0.08511077445,-0.09301091344,-0.1242534321,0.02702137161,0.002637792114,0.999996521,0.0264142499,0.9996510828,0,0,1.3784129,1.645875392,-1.450942272,1.47862083,0.048120305,0.08680122255,0.1345402827,-1.321766995,1.594307975,1.288962638,1.452265573,-0.0611630624,0.04088405085,-0.5256557108,0.07180195369,-0.05056624606,0.02747886321,0.1727285443,0.07324093241,-0.1118078759,-0.02160733129,-0.09365294851,0.03896615317,0.01075534741,0.08900337129,0.04810847194,0.02095194027,-0.03356229049,0.008674208219,0.02102958265,0.008674208219,0.003872934376,0.06354807889,0.1161270632,0.07296510909,0.003460751001
8.47,0.08386537238,-0.09274037222,-0.1248288109,0.02708708225,0.002637792114,0.999996521,0.0264142499,0.9996510828,0,0,1.37913092,1.64536973,-1.450667483,1.480348116,0.04885271433,0.08568314379,0.1343242094,-1.322703525,1.594697637,1.289070191,1.453155606,-0.06068197769,0.04109357026,-0.5259913337,0.07187380669,-0.05084811391,0.02754271148,0.1731238645,0.07354442315,-0.112175442,-0.02173823694,-0.09392152589,0.03922126907,0.01076706832,0.08903457796,0.04831834905,0.02126369588,-0.03374399549,0.008672053186,0.02115043776,0.008672053186,0.004586496876,0.06375308627,0.1154135008,0.07260832764,0.003966413462
8.48,0.08261416217,-0.09246916768,-0.1254150079,0.02715402838,0.002637792114,0.999996521,0.0264142499,0.9996510828,0,0,1.379849658,1.644861249,-1.450392056,1.482079354,0.04958815856,0.08456138937,0.134106827,-1.32364274,1.59508985,1.289177862,1.454045952,-0.06019879419,0.04130620721,-0.5263287737,0.07176714723,-0.05115441963,0.02766710385,0.1727314354,0.07389500641,-0.1119376485,-0.02184506749,-0.09397364826,0.03952196986,0.01069903295,0.08822488617,0.04844213615,0.0221797913,-0.03395915565,0.008669893446,0.02127215041,0.008669893446,0.005303387197,0.06408291513,0.1146966106,0.0722951096,0.004474894601
8.49,0.08135703722,-0.09219728765,-0.1260117069,0.02722217389,0.002637792114,0.999996521,0.0264142499,0.9996510828,0,0,1.380567329,1.644349704,-1.450115385,1.483806669,0.05032710862,0.08344201288,0.1338883764,-1.324582476,1.595485069,1.289284852,1.454928201,-0.05971437283,0.04152800513,-0.5266683652,0.07186957691,-0.05144267378,0.02772520505,0.1732613284,0.07420426923,-0.1124105843,-0.0219827542,-0.09428364037,0.03977910584,0.01072366081,0.08838097698,0.04867397187,0.02241419671,-0.03414095175,0.008667723726,0.02139486176,0.008667723726,0.006023666413,0.06480319448,0.1139763315,0.07229017777,0.004986438797
8.5,0.08009389407,-0.09192472032,-0.1266185945,0.02729148296,0.002637792114,0.999996521,0.0264142499,0.9996510828,0,0,1.381286025,1.643835278,-1.449838133,1.485539282,0.05106915132,0.08231790704,0.1336685488,-1.325525313,1.59588286,1.289392089,1.455812011,-0.05922763311,0.04175214709,-0.5270097748,0.07197399024,-0.05173546556,0.02778456766,0.1738001616,0.0745188348,-0.1128912645,-0.0221225783,-0.09459854711,0.04004027323,0.01074898055,0.08853957161,0.04890983223,0.02265235815,-0.03432557875,0.008665549981,0.02151843814,0.008665549981,0.006747393799,0.065526922,0.1132526043,0.07220560356,0.005500865535
8.51,0.0788246324,-0.09165145423,-0.1272353593,0.02736192006,0.002637792114,0.999996521,0.0264142499,0.9996510828,0,0,1.382005765,1.643317923,-1.449560287,1.487277284,0.05181433966,0.08118899439,0.133447323,-1.326471298,1.596283263,1.289499579,1.456697406,-0.05873853479,0.04197867068,-0.5273530305,0.07208029534,-0.05203268446,0.02784512024,0.1743476472,0.07483852299,-0.1133794656,-0.02226449128,-0.09491824474,0.04030537579,0.01077493961,0.0887006036,0.04914957519,0.02289417639,-0.03451297133,0.008663372177,0.02164289292,0.008663372177,0.007474626837,0.06625415517,0.1125253714,0.07204049792,0.006018220191
8.52,0.07754915499,-0.09137747828,-0.1278616927,0.02743344993,0.002637792114,0.999996521,0.0264142499,0.9996510828,0,0,1.382726568,1.642797596,-1.449281836,1.48902076,0.05256272489,0.08005519974,0.1332246781,-1.327420481,1.596686317,1.289607328,1.457584412,-0.05824703904,0.04220761244,-0.5276981603,0.07218840131,-0.05233422062,0.02790679221,0.1749034993,0.07516315522,-0.1138749653,-0.02240844485,-0.09524261024,0.04057431779,0.01080148612,0.08886400693,0.04939305997,0.02313955285,-0.03470306451,0.008661190294,0.02176823919,0.008661190294,0.008205421234,0.0669849497,0.1117945771,0.07179395068,0.006538547035
8.53,0.07626736768,-0.09110278171,-0.1284972884,0.0275060376,0.002637792114,0.999996521,0.0264142499,0.9996510828,0,0,1.383448452,1.642274254,-1.449002768,1.490769795,0.05331435645,0.07891645009,0.1330005937,-1.328372907,1.59709206,1.289715343,1.458473052,-0.05775310844,0.04243900797,-0.5280451909,0.07229821822,-0.0526399648,0.02796951381,0.1754674349,0.07549255453,-0.1143775432,-0.02255439096,-0.09557152132,0.04084700405,0.01082856885,0.08902971604,0.04964014708,0.02338838963,-0.03489579366,0.008659004323,0.02189448974,0.008659004323,0.008939830936,0.06771935954,0.1110601676,0.07146503102,0.007061889242
8.54,0.07497917936,-0.09082735412,-0.1291418427,0.02757964837,0.002637792114,0.999996521,0.0264142499,0.9996510828,0,0,1.384171434,1.641747854,-1.448723073,1.49252447,0.05406928199,0.07777267465,0.1327750498,-1.329328622,1.59750053,1.289823629,1.45936335,-0.05725670697,0.04267289186,-0.5283941488,0.07240965716,-0.05294980841,0.02803321613,0.176039173,0.07582654547,-0.1148869804,-0.02270228182,-0.09590485649,0.04112333989,0.0108561373,0.08919766579,0.04989069831,0.02364058943,-0.03509109447,0.008656814267,0.02202165707,0.008656814267,0.00967790814,0.06845743688,0.1103220905,0.07105278816,0.00758828889
8.55,0.07368450196,-0.09055118544,-0.1297950542,0.02765424784,0.002637792114,0.999996521,0.0264142499,0.9996510828,0,0,1.384895531,1.641218356,-1.448442741,1.494284861,0.05482754745,0.07662380485,0.132548027,-1.330287671,1.597911763,1.28993219,1.460255326,-0.05675779999,0.04290929776,-0.5287450598,0.07252263017,-0.05326364347,0.02809783109,0.1766184353,0.0761649542,-0.1154030597,-0.02285206986,-0.09624249498,0.0414032312,0.0108841416,0.08936779147,0.05014457672,0.02389605564,-0.03528890298,0.008654620144,0.02214975341,0.008654620144,0.01041970331,0.06919923219,0.1095802955,0.07055625184,0.008117786974
8.56,0.07238325041,-0.09027426598,-0.1304566243,0.02772980188,0.002637792114,0.999996521,0.0264142499,0.9996510828,0,0,1.385620757,1.64068572,-1.448161763,1.496051046,0.05558919699,0.07546977425,0.1323195063,-1.331250096,1.598325796,1.290041031,1.461149004,-0.05625635422,0.04314825832,-0.5290979488,0.07263431096,-0.05358164408,0.02816425301,0.1771923361,0.07650832444,-0.115915753,-0.02300320937,-0.09658085435,0.04168718901,0.01091121292,0.08952659177,0.05040017062,0.02416436141,-0.03548961026,0.00865242198,0.0222787907,0.00865242198,0.01116526519,0.06994479422,0.1088347337,0.06997443294,0.008650423409
8.57,0.07107534261,-0.08999658634,-0.1311262564,0.02780627664,0.002637792114,0.999996521,0.0264142499,0.9996510828,0,0,1.3863471,1.640149903,-1.44788012,1.497822969,0.05635428023,0.07431061672,0.1320894742,-1.332215904,1.598742668,1.290150143,1.46204427,-0.05575235251,0.04338990193,-0.5294528449,0.07249845019,-0.05392847023,0.02832752146,0.1767572662,0.07690259363,-0.1156563568,-0.02315600954,-0.0966227804,0.04201962155,0.01081857889,0.08861402011,0.05055087052,0.02520362631,-0.03569357515,0.00865021974,0.02240878242,0.00865021974,0.01191464083,0.07068734266,0.1080848645,0.06930583033,0.009186239849
8.58,0.06976069939,-0.08971813749,-0.1318036566,0.02788363856,0.002637792114,0.999996521,0.0264142499,0.9996510828,0,0,1.387072085,1.639610619,-1.447596845,1.499590542,0.05712330617,0.07315405315,0.1318579141,-1.333182132,1.599162864,1.290258329,1.46293041,-0.05524684381,0.04364193819,-0.5298097807,0.07185817712,-0.05432717458,0.02886985904,0.1770297879,0.07700256761,-0.1162373373,-0.02428199258,-0.09637685187,0.0422415477,0.01048133867,0.08870061875,0.05103699176,0.02542313518,-0.03505876794,0.008648006504,0.02253987447,0.008648006504,0.01266787557,0.07087033494,0.1073321236,0.06855259574,0.009725524552
8.59,0.06843924455,-0.08943891072,-0.1324885336,0.02796185435,0.002637792114,0.999996521,0.0264142499,0.9996510828,0,0,1.387790666,1.639067347,-1.447308146,1.50136084,0.05789333184,0.07199167978,0.1316150941,-1.3341459,1.599585279,1.290363143,1.463817417,-0.05473647389,0.04389616954,-0.5301603683,0.07197250189,-0.05465616816,0.02894046251,0.1776345833,0.07735760096,-0.1167784734,-0.02444280824,-0.09672607898,0.04253389083,0.01050810946,0.08887443238,0.05130315053,0.02569283727,-0.03526020314,0.008645768398,0.02267171398,0.008645768398,0.01342501308,0.07077709405,0.1065749862,0.06779545837,0.0102687963
8.6,0.06711090476,-0.08915889766,-0.1331805985,0.02804089102,0.002637792114,0.999996521,0.0264142499,0.9996510828,0,0,1.388510391,1.638520785,-1.447018742,1.503137185,0.05866690785,0.07082389505,0.1313706661,-1.335113161,1.600010618,1.290468224,1.464706161,-0.05422344239,0.04415309792,-0.5305129704,0.07208789714,-0.05498862517,0.02901168187,0.1782455331,0.07771621662,-0.117325202,-0.02460532458,-0.09707897082,0.04282931705,0.0105350511,0.08905005874,0.05157197313,0.02596535445,-0.03546376975,0.008643526445,0.0228045357,0.008643526445,0.01418609537,0.0707697247,0.1058139041,0.06703437622,0.01081535798
8.61,0.06577560958,-0.08887809027,-0.1338795646,0.02812071585,0.002637792114,0.999996521,0.0264142499,0.9996510828,0,0,1.38923127,1.637970899,-1.446728625,1.504919641,0.05944407002,0.06965064303,0.1311246128,-1.336083951,1.600438911,1.290573574,1.465596661,-0.05370772265,0.04441275146,-0.5308676081,0.07220428294,-0.05532444122,0.02908345294,0.1788623756,0.07807825101,-0.1178773173,-0.02476949311,-0.09743541274,0.04312773542,0.01056211869,0.08922743708,0.05184332981,0.02624059322,-0.0356694074,0.008641280733,0.02293835012,0.008641280733,0.01495116281,0.07084926557,0.1050488368,0.06626930892,0.01136524423
8.62,0.06443329141,-0.08859648083,-0.1345851479,0.0282012964,0.002637792114,0.999996521,0.0264142499,0.9996510828,0,0,1.389953313,1.637417654,-1.44643779,1.506708264,0.06022485253,0.06847186985,0.1308769179,-1.337058305,1.600870189,1.290679195,1.466488936,-0.05318928936,0.04467515739,-0.5312243022,0.07232158033,-0.05566351259,0.02915571237,0.1794848518,0.07844354212,-0.1184346149,-0.02493526562,-0.09779529084,0.04342905553,0.010589268,0.08940650709,0.05211709209,0.02651846075,-0.03587705608,0.008639031361,0.02307316747,0.008639031361,0.01572025412,0.07101677229,0.1042797456,0.06550021775,0.01191848864
8.63,0.0630838855,-0.08831406193,-0.135297067,0.02828260051,0.002637792114,0.999996521,0.0264142499,0.9996510828,0,0,1.390676529,1.636861019,-1.446146233,1.508503113,0.06100928795,0.06728752371,0.1306275652,-1.338036258,1.601304479,1.290785088,1.467383001,-0.05266811843,0.044940342,-0.5315830727,0.0724397113,-0.05600573616,0.02922839766,0.1801127045,0.07881192948,-0.1189968923,-0.02510259415,-0.09815849197,0.0437331875,0.01061645547,0.08958720889,0.05239313278,0.02679886486,-0.03608665609,0.008636778438,0.0232089977,0.008636778438,0.01649340641,0.07127331682,0.1035065935,0.06472706561,0.01247512377
8.64,0.06172732988,-0.08803082651,-0.1360150427,0.02836459631,0.002637792114,0.999996521,0.0264142499,0.9996510828,0,0,1.391400926,1.636300962,-1.445853949,1.51030424,0.06179740725,0.06609755478,0.1303765393,-1.339017843,1.601741811,1.290891253,1.468278873,-0.05214418711,0.04520833065,-0.5319439393,0.07255859881,-0.05635100948,0.02930144713,0.1807456793,0.07918325415,-0.1195639484,-0.02527143103,-0.09852490373,0.04404004201,0.01064363817,0.08976948302,0.05267132597,0.02708171404,-0.03629814807,0.008634522087,0.02334585049,0.008634522087,0.01727065517,0.07161998696,0.1027293449,0.06394981699,0.01303518113
8.65,0.06036356538,-0.08774676781,-0.1367387985,0.02844725222,0.002637792114,0.999996521,0.0264142499,0.9996510828,0,0,1.392126512,1.635737452,-1.445560935,1.512111697,0.06258923979,0.0649019153,0.130123825,-1.340003092,1.602182212,1.290997689,1.469176568,-0.05161747385,0.04547914779,-0.5323069208,0.07264967196,-0.05670252813,0.02938559367,0.1812466415,0.0795658728,-0.1200277228,-0.02543521094,-0.09885742724,0.04435548518,0.0106556867,0.08980524523,0.05293503611,0.02747415504,-0.03651586467,0.008632262439,0.02348373524,0.008632262439,0.01805203432,0.07205788568,0.1019479659,0.06316843798,0.01359869123
8.66,0.05899253556,-0.08746187937,-0.13746806,0.02853053691,0.002637792114,0.999996521,0.0264142499,0.9996510828,0,0,1.392853009,1.635170427,-1.445267079,1.513924163,0.06338489852,0.06370163807,0.1298694729,-1.340991666,1.602625767,1.291104246,1.47007462,-0.05108812349,0.04575388934,-0.5326720794,0.07258500781,-0.05707464768,0.02952917592,0.1810009928,0.07999821491,-0.119903827,-0.02556377908,-0.09898919635,0.04470595373,0.01058473854,0.08902817017,0.05311021603,0.02845874624,-0.03675863527,0.00862999882,0.02362267842,0.00862999882,0.01883757619,0.07261710396,0.1011334508,0.06238289626,0.01416571651
8.67,0.05761418673,-0.08717615508,-0.1382025557,0.02861441936,0.002637792114,0.999996521,0.0264142499,0.9996510828,0,0,1.393578859,1.63459968,-1.444971787,1.515734173,0.06418488067,0.0625025998,0.1296138351,-1.341981558,1.603072826,1.291210093,1.470964902,-0.05055702133,0.0460384768,-0.5330396658,0.07270551714,-0.05742788361,0.02960297763,0.1816465443,0.0803781577,-0.120482849,-0.02573527576,-0.09936288816,0.04502014267,0.01061132307,0.08921002128,0.0533942886,0.02875180047,-0.03697402794,0.008627726919,0.02376278292,0.008627726919,0.01962731154,0.07340683946,0.1001777029,0.06159316106,0.01473646298
8.68,0.0562284679,-0.08688958909,-0.1389420164,0.02869886884,0.002637792114,0.999996521,0.0264142499,0.9996510828,0,0,1.394305914,1.634025401,-1.444675757,1.517550639,0.06498866224,0.06129777131,0.1293564823,-1.342975187,1.603523027,1.291316207,1.471857002,-0.05002307844,0.04632599481,-0.533409406,0.07282648565,-0.05778375827,0.02967690413,0.1822962252,0.08076042576,-0.1210658615,-0.02590807394,-0.09973933228,0.04533669771,0.01063773567,0.08939317091,0.05368002706,0.02904696885,-0.03719106019,0.008625452236,0.02390394439,0.008625452236,0.02042126959,0.07420079766,0.09930813266,0.06079920316,0.01531074182
8.69,0.05483533074,-0.08660217591,-0.1396861752,0.02878385486,0.002637792114,0.999996521,0.0264142499,0.9996510828,0,0,1.395034179,1.633447564,-1.444378988,1.519373601,0.0657962665,0.0600871127,0.1290974016,-1.34397258,1.603976394,1.291422584,1.472750934,-0.04948627817,0.0466164645,-0.5337813166,0.07294784135,-0.0581421723,0.02975089781,0.1829497939,0.08114486794,-0.1216526727,-0.02608212715,-0.1001184202,0.04565553211,0.01066393688,0.08957756276,0.0539673121,0.02934416247,-0.03740967407,0.008623174947,0.02404617113,0.008623174947,0.02121947802,0.07499900624,0.09852584283,0.06000099487,0.0158885794
8.7,0.05343472961,-0.08631391031,-0.1404347679,0.02886934725,0.002637792114,0.999996521,0.0264142499,0.9996510828,0,0,1.395763657,1.632866142,-1.444081479,1.521203099,0.06660771518,0.05887058597,0.1288365803,-1.344973765,1.60443295,1.291529223,1.473646709,-0.04894660505,0.04690990612,-0.5341554134,0.07286819019,-0.05852228269,0.0299543332,0.1835198157,0.08147059748,-0.1222541075,-0.02651296404,-0.1003463903,0.04595730398,0.01059583344,0.08974442252,0.05431546861,0.02962590564,-0.03740996281,0.008620895239,0.02418947119,0.008620895239,0.022021963,0.07580149136,0.09783195152,0.05919851005,0.01647000113
8.71,0.05202662148,-0.08602478738,-0.1411875327,0.02895531611,0.002637792114,0.999996521,0.0264142499,0.9996510828,0,0,1.396492339,1.632280919,-1.443781936,1.523038297,0.06742242115,0.05764804489,0.1285714507,-1.345977228,1.604892523,1.291635182,1.474544154,-0.04840345036,0.04720616518,-0.534529513,0.07233641691,-0.0589481546,0.03044877981,0.1838979557,0.08166254405,-0.1228847509,-0.02751958376,-0.1002314269,0.04621776445,0.01031576162,0.08987075612,0.05479783458,0.02986982817,-0.03691750172,0.008618607821,0.02433378799,0.008618607821,0.02282874917,0.07655193794,0.09717125191,0.05844806366,0.01705522395
8.72,0.05061096592,-0.0857348025,-0.1419442103,0.02904173183,0.002637792114,0.999996521,0.0264142499,0.9996510828,0,0,1.397215703,1.631691438,-1.443477448,1.524877277,0.06823904659,0.05641919739,0.1282962548,-1.346979543,1.6053547,1.291738339,1.475442861,-0.04785547202,0.04750486346,-0.534898688,0.07245415608,-0.05931426159,0.03052581002,0.1845609096,0.08205263473,-0.1234837573,-0.02770322556,-0.1006143056,0.04654225747,0.01033850528,0.09005879374,0.05508924964,0.03017121331,-0.03713539947,0.008616300592,0.02447898367,0.008616300592,0.02363985969,0.07706561953,0.09636014154,0.05793438185,0.0176447055
8.73,0.04918772509,-0.08544395135,-0.1427045437,0.02912856505,0.002637792114,0.999996521,0.0264142499,0.9996510828,0,0,1.397940245,1.631098295,-1.44317219,1.526722886,0.06905957294,0.05518435981,0.1280192226,-1.347985686,1.605820123,1.291841724,1.476343449,-0.04730457952,0.04780657559,-0.535270042,0.07257198556,-0.05968252185,0.03060270201,0.1852268138,0.08244432143,-0.1240858337,-0.02788796988,-0.1009993854,0.0468686835,0.01036087064,0.09024785911,0.05538173862,0.03047426081,-0.03735462583,0.008613991488,0.02462527266,0.008613991488,0.02445531625,0.07748746199,0.09554468513,0.05751253909,0.01823784811
8.74,0.04775686371,-0.0851522299,-0.1434682785,0.02921578674,0.002637792114,0.999996521,0.0264142499,0.9996510828,0,0,1.398665965,1.63050147,-1.442866163,1.528575154,0.06988401616,0.05394350148,0.1277403429,-1.34899568,1.60628881,1.291945333,1.477245928,-0.04675076213,0.0481113182,-0.5356435883,0.07259325233,-0.06006442348,0.03071999798,0.1854044452,0.08287073886,-0.1242996774,-0.02804630207,-0.1012553512,0.04721590544,0.01032572448,0.08990172528,0.05561435115,0.03117135963,-0.0375887957,0.008611680738,0.02477266193,0.008611680738,0.02527513906,0.07781629164,0.09472486247,0.05718370907,0.01883467333
8.75,0.04631834902,-0.08485963441,-0.1442351628,0.02930336811,0.002637792114,0.999996521,0.0264142499,0.9996510828,0,0,1.399391897,1.629900826,-1.442558963,1.530429198,0.07071272354,0.0527005047,0.1274598799,-1.350008233,1.606760969,1.29204859,1.478144945,-0.04619461862,0.0484230318,-0.5360194762,0.07260605401,-0.06044899532,0.03084056167,0.1855412008,0.08330190683,-0.1244816589,-0.02820207837,-0.1015008865,0.04756627025,0.01028528941,0.08950681169,0.0558427286,0.03190637034,-0.03782439775,0.008609365809,0.02492121079,0.008609365809,0.02609934689,0.07796454439,0.09371710009,0.05685190139,0.01943531757
8.76,0.04487215078,-0.08456616144,-0.1450049471,0.02939128067,0.002637792114,0.999996521,0.0264142499,0.9996510828,0,0,1.400117958,1.629296336,-1.442250557,1.53228461,0.07154574261,0.05145568811,0.1271778591,-1.351023242,1.607236632,1.292151443,1.479040013,-0.04563619134,0.0487420955,-0.5363977202,0.07272362635,-0.06082274505,0.03091673689,0.18621315,0.08369831035,-0.1250906767,-0.02838821385,-0.1018904253,0.04789764482,0.01030641955,0.08969386957,0.05613798178,0.03221743937,-0.03804596478,0.008607046741,0.02507092893,0.008607046741,0.02692795707,0.07806697453,0.09257661496,0.05643759607,0.02003980752
8.77,0.04341824123,-0.08427180779,-0.1457773845,0.02947949622,0.002637792114,0.999996521,0.0264142499,0.9996510828,0,0,1.400845194,1.628688108,-1.44194139,1.534146742,0.07238272572,0.05020478134,0.1268939769,-1.352042146,1.607715608,1.292254507,1.479936952,-0.04507481152,0.04906426989,-0.5367781799,0.07284103575,-0.06119826143,0.03099255952,0.1868871579,0.08409575565,-0.1257020478,-0.02857524692,-0.1022817439,0.04823061469,0.01032703797,0.08988171347,0.0564338688,0.03252985402,-0.03826862691,0.008604726809,0.02522176499,0.008604726809,0.02776098551,0.07826866738,0.09152876523,0.05602108162,0.02064803497
8.78,0.04195659507,-0.08397657059,-0.1465522303,0.02956798682,0.002637792114,0.999996521,0.0264142499,0.9996510828,0,0,1.401573604,1.628076126,-1.441631465,1.536015613,0.07322368327,0.04894776087,0.1266082245,-1.353064964,1.608197914,1.292357778,1.480835769,-0.04451047283,0.04938956843,-0.5371608661,0.0729582205,-0.06157545076,0.03106797849,0.187563006,0.08449410603,-0.1263155958,-0.02876313169,-0.1026747417,0.04856509811,0.01034711196,0.09007029208,0.05673028149,0.03284353072,-0.03849233071,0.008602406281,0.0253737249,0.008602406281,0.02859844669,0.07857085132,0.09057475753,0.05560235079,0.02126001759
8.79,0.04048718941,-0.08368044723,-0.1473292425,0.02965672483,0.002637792114,0.999996521,0.0264142499,0.9996510828,0,0,1.402303187,1.627460371,-1.441320785,1.537891243,0.07406862433,0.04768460491,0.1263205931,-1.354091711,1.608683565,1.292461249,1.481736472,-0.04394317002,0.04971800374,-0.5375457894,0.0730751198,-0.06195422,0.03114294359,0.1882404779,0.08489322633,-0.1269311461,-0.02895182261,-0.1030693192,0.04890101383,0.01036660944,0.09025955452,0.05702711294,0.03315838654,-0.03871702314,0.008600085435,0.02552681435,0.008600085435,0.02944035374,0.07897476387,0.08971580974,0.05518139703,0.02187577209
8.8,0.0390100038,-0.08338343536,-0.1481081814,0.02974568289,0.002637792114,0.999996521,0.0264142499,0.9996510828,0,0,1.403033938,1.626840829,-1.441009355,1.539773648,0.0749175566,0.04641529345,0.1260310749,-1.355122404,1.609172575,1.292564915,1.482639067,-0.04337289889,0.05004958761,-0.5379329597,0.07319167381,-0.06233447675,0.03121740546,0.1889193597,0.08529298291,-0.1275485257,-0.02914127443,-0.1034653774,0.04923828118,0.01038549897,0.09044945035,0.05732425752,0.03347433925,-0.03894265146,0.008597764556,0.02568103877,0.008597764556,0.03028671837,0.07948165115,0.08895315037,0.05475821448,0.02249531429
8.81,0.03752502015,-0.08308553293,-0.14888881,0.02983483391,0.002637792114,0.999996521,0.0264142499,0.9996510828,0,0,1.403765855,1.626217484,-1.440697181,1.541662842,0.07577048643,0.04513980819,0.1257396622,-1.356157058,1.609664958,1.29266877,1.483543562,-0.04279965631,0.050384331,-0.5383223862,0.07330782359,-0.06271612927,0.03129131557,0.1895994397,0.08569324367,-0.1281675631,-0.0293314422,-0.1038628181,0.04957682005,0.01040374978,0.09063992954,0.05762161089,0.03379130727,-0.03916916329,0.008595443941,0.02583640334,0.008595443941,0.03113755094,0.08009276725,0.08828801798,0.05433279795,0.02311865906
8.82,0.03603222274,-0.08278673813,-0.1496708936,0.0299241511,0.002637792114,0.999996521,0.0264142499,0.9996510828,0,0,1.404498933,1.625590323,-1.440384268,1.543558836,0.07662741886,0.04385813256,0.1254463478,-1.357195686,1.610160726,1.292772807,1.484449961,-0.0422234402,0.05072224407,-0.5387140778,0.07318599965,-0.06312196672,0.03151925699,0.1901365421,0.08603463515,-0.1287634318,-0.0298076237,-0.1040797253,0.04989529485,0.01031292927,0.09076499267,0.05798130508,0.03412031774,-0.03915037789,0.008593123893,0.025992913,0.008593123893,0.03199286047,0.08080937367,0.08772166058,0.05390514295,0.02374582035
8.83,0.0345315982,-0.08248704944,-0.1504541999,0.03001360793,0.002637792114,0.999996521,0.0264142499,0.9996510828,0,0,1.405230793,1.624959103,-1.440069076,1.545460202,0.07748776521,0.04257049824,0.1251482715,-1.358236483,1.610659679,1.292875937,1.485357611,-0.04164362715,0.05106344725,-0.5391055816,0.072424812,-0.06359631349,0.03213173325,0.1895392459,0.08631964589,-0.1286299888,-0.03080679428,-0.1037092302,0.05020104951,0.009897581481,0.08982062597,0.05835833166,0.03516314081,-0.03865354822,0.008590798337,0.02615050009,0.008590798337,0.03274522458,0.08163162571,0.08712200356,0.05336781569,0.02437704002
8.84,0.03302313544,-0.0821864656,-0.1512384993,0.03010317816,0.002637792114,0.999996521,0.0264142499,0.9996510828,0,0,1.405955041,1.62432314,-1.439747758,1.547355594,0.07835096167,0.04128419835,0.1248402036,-1.359273576,1.61116169,1.292974913,1.486255817,-0.04106004383,0.05141507866,-0.5394921171,0.07253453507,-0.06398164217,0.03220737288,0.1902197807,0.08672163498,-0.129253974,-0.03100355374,-0.104105128,0.0505418078,0.009910707526,0.09000807474,0.05865610363,0.03548469626,-0.03887542599,0.008588450105,0.02630909821,0.008588450105,0.03317736721,0.08242879736,0.08572366331,0.05250353074,0.02501300316
8.85,0.03150682566,-0.08188498559,-0.1520235644,0.03019283585,0.002637792114,0.999996521,0.0264142499,0.9996510828,0,0,1.406680386,1.623683324,-1.439425684,1.549257792,0.07921817802,0.03999165861,0.124530168,-1.360314627,1.611667108,1.29307402,1.487155898,-0.0404734828,0.05176992562,-0.5398808713,0.07264362909,-0.06436800058,0.03228228105,0.1909007253,0.08712363958,-0.1298789846,-0.03120084357,-0.1045020103,0.05088351316,0.00992307001,0.09019589878,0.05895367302,0.03580694976,-0.03909795398,0.008586103386,0.02646884989,0.008586103386,0.03361175785,0.08312564762,0.08442385219,0.05163474979,0.02565281958
8.86,0.02998266235,-0.08158260867,-0.1528091704,0.03028255532,0.002637792114,0.999996521,0.0264142499,0.9996510828,0,0,1.407406823,1.623039644,-1.439102862,1.551166799,0.08008941442,0.03869286877,0.1242181596,-1.361359647,1.612175943,1.29317325,1.488057857,-0.03988394607,0.05212799512,-0.5402718509,0.0727520413,-0.06475530008,0.03235641251,0.1915818812,0.08752553565,-0.1305048578,-0.03139861865,-0.1048997838,0.05122608829,0.009934642088,0.09038405123,0.05925094157,0.03612982253,-0.03932108287,0.008583758518,0.02662975906,0.008583758518,0.03404839836,0.08372089872,0.08322384649,0.05076146909,0.02629649958
8.87,0.02845064119,-0.08127933436,-0.1535950951,0.03037231118,0.002637792114,0.999996521,0.0264142499,0.9996510828,0,0,1.408134343,1.622392091,-1.438779298,1.553082618,0.08096466978,0.03738782019,0.1239041734,-1.362408645,1.612688204,1.293272597,1.488961698,-0.03929143665,0.05248929334,-0.5406650617,0.07285971984,-0.0651434527,0.03242972287,0.192263052,0.08792720065,-0.1311314326,-0.0315968342,-0.1052983559,0.05156945647,0.009945397557,0.09057248564,0.05954781229,0.03645323648,-0.03954476368,0.008581415851,0.02679182939,0.008581415851,0.03448728997,0.08421326583,0.08212493006,0.04988368619,0.02694405258
8.88,0.02691076012,-0.08097516241,-0.1543811185,0.03046207831,0.002637792114,0.999996521,0.0264142499,0.9996510828,0,0,1.40886294,1.621740656,-1.438455,1.555005248,0.08184394178,0.03607650586,0.1235882051,-1.363461629,1.613203898,1.293372051,1.489867423,-0.03869595853,0.05285382571,-0.5410605093,0.07296661379,-0.06553237115,0.03250216857,0.1929440438,0.08832851354,-0.1317585495,-0.03179544576,-0.1056976349,0.05191354152,0.009955310851,0.09076115599,0.05984418947,0.03677711418,-0.03976894774,0.008579075741,0.02695506429,0.008579075741,0.03492843329,0.0846014577,0.08112839368,0.04900139988,0.02759548711
8.89,0.02536301922,-0.08067009284,-0.1551670233,0.0305518319,0.002637792114,0.999996521,0.0264142499,0.9996510828,0,0,1.409592606,1.621085332,-1.438129979,1.556934689,0.08272722692,0.03475892037,0.1232702506,-1.364518605,1.613723034,1.293471604,1.490775034,-0.03809751663,0.05322159685,-0.5414581988,0.07307267307,-0.06592196878,0.03257370693,0.1936246648,0.08872935481,-0.1323860504,-0.03199440922,-0.1060975297,0.05225826782,0.009964357047,0.09095001666,0.06013997869,0.03710137891,-0.03999358676,0.008576738551,0.02711946698,0.008576738551,0.03537182828,0.08488417723,0.08023553447,0.04811461024,0.02825081082
8.9,0.02380742076,-0.0803641259,-0.1559525945,0.03064154738,0.002637792114,0.999996521,0.0264142499,0.9996510828,0,0,1.410323333,1.620426113,-1.437804242,1.558870935,0.08361452046,0.03343505986,0.1229503065,-1.36557958,1.614245617,1.293571247,1.491684534,-0.03749611685,0.05359261064,-0.5418581347,0.07317784856,-0.06631215961,0.03264429609,0.1943047254,0.08912960646,-0.1330137789,-0.0321936808,-0.10649795,0.05260356031,0.009972511855,0.09113902249,0.06043508682,0.03742595461,-0.04021863274,0.008574404655,0.02728504039,0.008574404655,0.03581747429,0.0850601221,0.07944765526,0.04722331854,0.02891003051
8.91,0.02224396915,-0.0800572621,-0.1567376196,0.03073120051,0.002637792114,0.999996521,0.0264142499,0.9996510828,0,0,1.411055112,1.619762991,-1.437477799,1.560813983,0.08450581653,0.03210492207,0.1226283697,-1.36664456,1.614771652,1.293670972,1.492595925,-0.03689176598,0.05396687018,-0.542260321,0.07314881055,-0.0666366515,0.03268736061,0.1941533158,0.08967915415,-0.1329549587,-0.03243200052,-0.1066840226,0.05297367449,0.009873884743,0.09039723315,0.06062054109,0.0384435327,-0.0404598038,0.008572074431,0.02745178726,0.008572074431,0.03626537007,0.08512798538,0.078766064,0.04632752733,0.02957315211
8.92,0.02067267089,-0.07974950218,-0.1575218888,0.0308207673,0.002637792114,0.999996521,0.0264142499,0.9996510828,0,0,1.4117866,1.619096625,-1.437150925,1.562755516,0.08540260807,0.03077537249,0.1223040497,-1.3677114,1.615301389,1.293769711,1.493499897,-0.03628556057,0.05435130551,-0.542664919,0.07322450839,-0.06699334479,0.03272781633,0.1946407601,0.09013180696,-0.1334226245,-0.03266123751,-0.1070351192,0.0533250426,0.009855125231,0.09036810139,0.06088934485,0.03893039008,-0.04068761342,0.008569749291,0.02761976773,0.008569749291,0.03671551374,0.0854026281,0.07828448496,0.04542724031,0.03023951862
8.93,0.01909353459,-0.07944084712,-0.1583051943,0.03091022404,0.002637792114,0.999996521,0.0264142499,0.9996510828,0,0,1.412518845,1.618426691,-1.436823647,1.564701923,0.08630392614,0.02944114624,0.1219774373,-1.368781751,1.615834639,1.293868263,1.494403578,-0.03567666712,0.05474060941,-0.5430717952,0.07333003634,-0.06736332225,0.03277074562,0.1953172122,0.09055143005,-0.1340469445,-0.03288414021,-0.1074355463,0.05367113788,0.00985955081,0.09055153319,0.06118215592,0.03925908958,-0.04091190394,0.008567429954,0.02778893748,0.008567429954,0.03716790285,0.08584233217,0.07783209569,0.04452246243,0.03090945207
8.94,0.0175065709,-0.07913129814,-0.1590873313,0.03099954732,0.002637792114,0.999996521,0.0264142499,0.9996510828,0,0,1.413252145,1.617753058,-1.436495939,1.566655096,0.08720944044,0.0281006768,0.1216485959,-1.369856107,1.616371351,1.293966858,1.495309093,-0.03506484556,0.05513320031,-0.5434809142,0.07247908043,-0.06782224618,0.03345497368,0.195572737,0.09073723423,-0.1347095191,-0.03429514834,-0.1071470643,0.05392013693,0.009451809717,0.09068159115,0.06175700931,0.03946352129,-0.04012355334,0.008565116691,0.02795928508,0.008565116691,0.03762253434,0.08639675724,0.07737746403,0.0436131998,0.03158308529
8.95,0.01591179253,-0.0788208567,-0.159868097,0.03108871401,0.002637792114,0.999996521,0.0264142499,0.9996510828,0,0,1.413976936,1.617074835,-1.43616139,1.568610823,0.08811681278,0.02675358161,0.1213056444,-1.370927577,1.616910552,1.294061376,1.496215909,-0.03444727547,0.05552783552,-0.5438821498,0.07254439023,-0.06819594795,0.03352134148,0.1962306563,0.09114743914,-0.1353360952,-0.03456625336,-0.1075201776,0.05426256562,0.00943821607,0.09086409692,0.06205757193,0.03978610811,-0.04030779978,0.008562784792,0.02813048538,0.008562784792,0.03852101381,0.0873005396,0.07647898488,0.04269945935,0.03226130775
8.96,0.0143092142,-0.07850952446,-0.1606472914,0.03117770124,0.002637792114,0.999996521,0.0264142499,0.9996510828,0,0,1.41470238,1.616392876,-1.435826176,1.57057313,0.08902828717,0.02540022065,0.1209599819,-1.372002779,1.617453178,1.294155758,1.49712455,-0.03382669975,0.0559256966,-0.5442852278,0.07264160633,-0.06856642613,0.03356404663,0.1969014872,0.09156472502,-0.135960702,-0.03479663174,-0.1079171014,0.05460847349,0.009437814663,0.09104834587,0.06234710724,0.04011283548,-0.04052715659,0.008560458827,0.02830285268,0.008560458827,0.03943922331,0.08821874911,0.07556077572,0.04178124985,0.03188296542
8.97,0.0126988526,-0.07819730334,-0.1614247168,0.03126648644,0.002637792114,0.999996521,0.0264142499,0.9996510828,0,0,1.415428796,1.615707212,-1.435490536,1.572542144,0.08994393442,0.02404061363,0.1206120156,-1.37308195,1.617999262,1.294250136,1.498035034,-0.03320322868,0.05632682496,-0.5446904993,0.07273767334,-0.06893666832,0.03360524876,0.1975705412,0.09198090629,-0.1365845021,-0.03502727832,-0.1083139434,0.05495442947,0.009436372362,0.0912324315,0.06263533534,0.04043935607,-0.04074658263,0.008558140076,0.02847639957,0.008558140076,0.0403618923,0.08914141809,0.07463810708,0.04085858086,0.03133688068
8.98,0.01108072641,-0.07788419548,-0.162200178,0.03135504733,0.002637792114,0.999996521,0.0264142499,0.9996510828,0,0,1.416156173,1.615017845,-1.435154483,1.57451785,0.09086374349,0.02267476861,0.1202617428,-1.374165089,1.618548807,1.2943445,1.498947358,-0.03257687532,0.05673121852,-0.5450979651,0.07283255059,-0.06930659392,0.03364491207,0.1982376481,0.09239587711,-0.1372073523,-0.03525815042,-0.1087106203,0.05530036312,0.009433870551,0.0914163129,0.06292217308,0.04076559881,-0.04096603393,0.008555828957,0.02865112711,0.008555828957,0.04128901007,0.09006853586,0.07371098965,0.03993146309,0.03078733639
8.99,0.00945485623,-0.07757020322,-0.1629734823,0.03144336188,0.002637792114,0.999996521,0.0264142499,0.9996510828,0,0,1.416884498,1.614324779,-1.434818034,1.576500226,0.09178770226,0.02130269509,0.1199091613,-1.375252196,1.61910181,1.294438839,1.499861521,-0.03194765359,0.05713887451,-0.5455076255,0.07280268968,-0.06963638883,0.0336924715,0.1981109474,0.09293000252,-0.1371696233,-0.03549075784,-0.1089062591,0.05566591712,0.009325812708,0.09070526448,0.06310099888,0.04176484914,-0.04119703195,0.008553525894,0.02881970449,0.008553525894,0.04222056482,0.09100009061,0.07277943525,0.03899990835,0.03023433276
9,0.007821264586,-0.07725532913,-0.1637444395,0.03153140839,0.002637792114,0.999996521,0.0264142499,0.9996510828,0,0,1.417612525,1.613628415,-1.434481109,1.578481336,0.09271700228,0.01993099886,0.1195542537,-1.376341258,1.61965847,1.294532097,1.500768574,-0.0313166436,0.057556523,-0.5459195958,0.07285742771,-0.0700129978,0.03375407061,0.1985456649,0.09335865888,-0.1376017412,-0.03569842138,-0.1092435221,0.05601682144,0.009290533902,0.0906269316,0.06335451125,0.04228700275,-0.04141812968,0.008551230896,0.02898468988,0.008551230896,0.04315654363,0.09166601394,0.07184345678,0.03833398481,0.02967767359
9.01,0.006179975891,-0.07693957602,-0.1645128617,0.03161916539,0.002637792114,0.999996521,0.0264142499,0.9996510828,0,0,1.418341099,1.612928285,-1.434143569,1.580466792,0.09365058887,0.01855498145,0.1191972695,-1.377433693,1.620218638,1.294625002,1.501674843,-0.03068309849,0.05797939302,-0.5463337771,0.0729460573,-0.07040307635,0.03381438234,0.1992053835,0.09374867716,-0.1382221607,-0.03590244612,-0.1096379206,0.05636177025,0.009284088171,0.09080475504,0.06363705162,0.04261560027,-0.04163558007,0.008548943585,0.02915082113,0.008548943585,0.04409693254,0.09215248698,0.07090306823,0.03784751144,0.02911750537
9.02,0.004531016421,-0.07662294686,-0.1652785636,0.03170661172,0.002637792114,0.999996521,0.0264142499,0.9996510828,0,0,1.41907056,1.612224254,-1.433805425,1.582458846,0.09458807564,0.01717275984,0.1188382451,-1.378530073,1.620782255,1.294717843,1.50258289,-0.03004672797,0.05840554903,-0.5467501329,0.07303332241,-0.07079276456,0.03387330292,0.1998625323,0.09413684013,-0.138841122,-0.03610622644,-0.1100318246,0.05670641418,0.009276512854,0.09098220442,0.0639178914,0.04294364704,-0.04185286256,0.008546664392,0.02931807629,0.008546664392,0.04504171647,0.09252251533,0.06995828465,0.03747748266,0.02855388767
9.03,0.002874414296,-0.07630544489,-0.1660413624,0.03179372651,0.002637792114,0.999996521,0.0264142499,0.9996510828,0,0,1.419800893,1.611516327,-1.433466692,1.584457472,0.09552944405,0.01578434862,0.1184771828,-1.379630391,1.62134932,1.294810608,1.503492713,-0.02940754906,0.0588349855,-0.5471686615,0.07311918678,-0.07118198536,0.03393080088,0.2005169528,0.09452304917,-0.13945849,-0.03630972145,-0.1104251546,0.05705068568,0.009267792505,0.09115924171,0.06419695394,0.0432710749,-0.04206993493,0.008544393772,0.0294864554,0.008544393772,0.04599087932,0.09277476053,0.06900912215,0.03722523694,0.02798682353
9.04,0.001210199451,-0.07598707351,-0.1668010777,0.03188048915,0.002637792114,0.999996521,0.0264142499,0.9996510828,0,0,1.420532085,1.610804507,-1.433127384,1.586462641,0.09647467454,0.01438976372,0.1181140856,-1.380734642,1.621919826,1.294903286,1.504404305,-0.02876557952,0.05926769625,-0.5475893609,0.07290899761,-0.07162976639,0.03422313629,0.2010404639,0.09481200128,-0.1400873326,-0.03683188298,-0.1106081715,0.05734352683,0.009112337648,0.09132485718,0.06458214756,0.04355381986,-0.04200883693,0.008542132189,0.02965595827,0.008542132189,0.04694440394,0.09290788573,0.06805559789,0.03709211113,0.02741631667
9.05,-0.0004615963871,-0.07566783635,-0.1675575316,0.03196687932,0.002637792114,0.999996521,0.0264142499,0.9996510828,0,0,1.421261175,1.610088209,-1.432785152,1.588473046,0.09742279455,0.01298889039,0.1177457667,-1.381840724,1.622493262,1.29499441,1.505317554,-0.02811975805,0.05970323445,-0.5480094492,0.07221434445,-0.07217412189,0.03490143579,0.2013519653,0.09494392458,-0.1407374312,-0.03787660097,-0.1104470088,0.05755214561,0.008717052641,0.09147257378,0.06514138328,0.0437628975,-0.04149218161,0.008539870805,0.02982642164,0.008539870805,0.04790227204,0.0930174687,0.06709772995,0.03701785288,0.0268428814
9.06,-0.002140939725,-0.07534773723,-0.1683105487,0.03205287699,0.002637792114,0.999996521,0.0264142499,0.9996510828,0,0,1.421983318,1.609366468,-1.432436138,1.590486565,0.0983722338,0.01158151608,0.1173670007,-1.382945194,1.623068783,1.29508158,1.506232279,-0.02746834421,0.06014086342,-0.5484243711,0.07229041076,-0.07256303878,0.03495892258,0.2019963726,0.09532384731,-0.1413517942,-0.03808478179,-0.1108347361,0.05789377459,0.008702145524,0.09164886019,0.06541496749,0.04408601879,-0.04170385083,0.008537594943,0.02999757706,0.008537594943,0.04886446428,0.09333946301,0.06613553735,0.0367458451,0.02626735995
9.07,-0.003827795328,-0.07502678018,-0.1690599559,0.0321384624,0.002637792114,0.999996521,0.0264142499,0.9996510828,0,0,1.422706222,1.608640838,-1.432086549,1.592506529,0.09932547227,0.01016799814,0.1169861529,-1.384053542,1.623647721,1.295168602,1.507148768,-0.02681419454,0.06058172361,-0.5488414096,0.07222094521,-0.0729728073,0.03510726115,0.2017064531,0.09578189321,-0.1411861421,-0.03820746435,-0.1109885813,0.05825216613,0.008555657453,0.09075792874,0.06555785295,0.04521668588,-0.04192352817,0.008535329515,0.03016985024,0.008535329515,0.04983096073,0.09366404585,0.06516904053,0.0363476977,0.0256884222
9.08,-0.005522126242,-0.07470496942,-0.1698055827,0.03222361608,0.002637792114,0.999996521,0.0264142499,0.9996510828,0,0,1.423428432,1.60791111,-1.431735476,1.594523594,0.1002832912,0.008756136717,0.1166040783,-1.385163427,1.624230243,1.295254158,1.508056347,-0.02615861601,0.06103389047,-0.5492606449,0.07228102817,-0.07336156618,0.03516998031,0.2022589008,0.0961652521,-0.1417248304,-0.03840506164,-0.1113521033,0.05859351403,0.008526430352,0.09083117672,0.06581589041,0.04561482903,-0.04213336789,0.008533070871,0.03034330851,0.008533070871,0.05080174022,0.09458126569,0.06419826069,0.0354187319,0.02510590054
9.09,-0.007223893821,-0.07438230936,-0.1705472612,0.03230831883,0.002637792114,0.999996521,0.0264142499,0.9996510828,0,0,1.424151242,1.607177494,-1.431383776,1.596546183,0.1012449437,0.007338888413,0.1162200277,-1.386276948,1.624816178,1.295339423,1.508964659,-0.0255004571,0.06149003876,-0.5496819785,0.07235263541,-0.07374741712,0.03522268624,0.2028923715,0.09653885388,-0.142331878,-0.03860974526,-0.1117357326,0.05893248728,0.008507840932,0.091000534,0.06608340887,0.04593861632,-0.04234191587,0.00853082331,0.03051788627,0.00853082331,0.0517767806,0.09555630679,0.06322321994,0.03444369152,0.0245199654
9.1,-0.008933057752,-0.07405880461,-0.1712848257,0.03239255175,0.002637792114,0.999996521,0.0264142499,0.9996510828,0,0,1.424874769,1.60644002,-1.43103155,1.598575106,0.1022103323,0.005915569633,0.1158339302,-1.387394306,1.625405503,1.295424501,1.509874664,-0.02483962302,0.06194942492,-0.5501053977,0.07242264083,-0.07413227484,0.03527375237,0.2035221277,0.09690988495,-0.1429364839,-0.03881382867,-0.1121182699,0.05927062674,0.008488030672,0.09116923068,0.06634863409,0.04626131668,-0.042549973,0.008528587704,0.0306935758,0.008528587704,0.05275605877,0.0965355857,0.06224394141,0.03346441335,0.02393064053
9.11,-0.01064957608,-0.07373445995,-0.1720181131,0.03247629621,0.002637792114,0.999996521,0.0264142499,0.9996510828,0,0,1.425598995,1.605698697,-1.430678812,1.600610328,0.1031794311,0.004486204794,0.1154457919,-1.388515489,1.625998209,1.295509381,1.510786357,-0.02417613667,0.06241203809,-0.5505308974,0.07249101606,-0.07451606761,0.0353231529,0.2041480294,0.09727825875,-0.1435385261,-0.03901727302,-0.1124996429,0.05960786982,0.008466989527,0.09133723287,0.06661149926,0.04658286723,-0.04275750101,0.00852636455,0.0308703755,0.00852636455,0.0537395507,0.09751907836,0.06126044911,0.03248092142,0.02333793426
9.12,-0.01237340522,-0.07340928037,-0.1727469627,0.03255953387,0.002637792114,0.999996521,0.0264142499,0.9996510828,0,0,1.426323905,1.604953536,-1.430325581,1.602651808,0.1041522137,0.003050819533,0.1150556192,-1.389640485,1.626594288,1.295594051,1.511699729,-0.02351002168,0.06287786676,-0.5509584724,0.07255773351,-0.07489872442,0.03537086285,0.2047699389,0.09764389016,-0.1441378839,-0.03922003991,-0.1128797798,0.05994415451,0.008444708033,0.09150450714,0.06687193886,0.04690320579,-0.04296446198,0.008524154351,0.03104828359,0.008524154351,0.05472723142,0.09850675981,0.06027276803,0.0314932407,0.02274185556
9.13,-0.01410450001,-0.07308327103,-0.1734712165,0.03264224665,0.002637792114,0.999996521,0.0264142499,0.9996510828,0,0,1.427049482,1.604204549,-1.429971872,1.604699507,0.1051286526,0.001609440694,0.1146634188,-1.390769283,1.627193729,1.295678498,1.512614774,-0.02284130229,0.06334689882,-0.551388117,0.07262276642,-0.07528017497,0.03541685806,0.2053877207,0.09800669554,-0.1447344382,-0.03942209134,-0.1132586098,0.06027941944,0.008421177301,0.09167102045,0.0671298886,0.04722227092,-0.04317081836,0.008521957611,0.0312272981,0.008521957611,0.05571907504,0.09949860417,0.05928092404,0.03050139708,0.02214241402
9.14,-0.01584281371,-0.07275643725,-0.1741907186,0.03272441678,0.002637792114,0.999996521,0.0264142499,0.9996510828,0,0,1.42777571,1.603451747,-1.429617703,1.606753385,0.1061087196,0.0001620963123,0.1142691979,-1.391901869,1.627796523,1.29576271,1.513531484,-0.02217000341,0.06381912153,-0.5518198252,0.07256839243,-0.07567275429,0.03554330906,0.2057431108,0.09837022403,-0.145144809,-0.03970629553,-0.1135238526,0.06060709461,0.008330778587,0.09158165245,0.06737983632,0.04771982726,-0.04328912223,0.008519774841,0.03140741686,0.008519774841,0.05671505479,0.1004945847,0.05828494392,0.02950541733,0.02153961982
9.15,-0.01758829803,-0.07242878456,-0.174905316,0.03280602676,0.002637792114,0.999996521,0.0264142499,0.9996510828,0,0,1.428501394,1.60269502,-1.42926227,1.608810816,0.1070924218,-0.001289351778,0.1138721349,-1.393037107,1.628402594,1.295846018,1.514447301,-0.02149620504,0.0642963198,-0.5522527165,0.07148436572,-0.07616025975,0.03638610571,0.2051000708,0.09860259577,-0.1450948162,-0.04108368106,-0.1130040607,0.0608390643,0.00778255156,0.09080985885,0.06782771901,0.04856490142,-0.04243847186,0.008517603481,0.03158861892,0.008517603481,0.05767646894,0.1013522426,0.05732352942,0.02850532912,0.02093354887
9.16,-0.01934090318,-0.07210031864,-0.1756148577,0.03288705936,0.002637792114,0.999996521,0.0264142499,0.9996510828,0,0,1.429216238,1.601933417,-1.428898409,1.610861816,0.1080784478,-0.00274029994,0.1134612981,-1.394167148,1.629010985,1.295923843,1.515355399,-0.02081792785,0.06478196881,-0.5526771012,0.0715399581,-0.07653781475,0.03643053519,0.2057036575,0.09895813126,-0.1456844131,-0.04128785309,-0.113374244,0.06116982212,0.007752452167,0.09096998129,0.06807817092,0.04888105347,-0.04263596409,0.008515417867,0.03177060292,0.008515417867,0.05817855301,0.1016994786,0.05682144535,0.02750116098,0.02032515823
9.17,-0.02110057784,-0.07177104535,-0.1763191954,0.03296749765,0.002637792114,0.999996521,0.0264142499,0.9996510828,0,0,1.429931637,1.601168039,-1.428534104,1.612918853,0.1090680291,-0.004197144071,0.1130484196,-1.39530089,1.629622683,1.296001368,1.516265099,-0.02013714615,0.06527077935,-0.5531034608,0.07159380941,-0.07691388302,0.03647313912,0.206302663,0.09931054805,-0.1462708002,-0.04149111543,-0.1137428658,0.06149931803,0.00772108355,0.09112922785,0.06832587487,0.04919568101,-0.04283271826,0.008513247782,0.03195367867,0.008513247782,0.05868266234,0.1020491503,0.05631733602,0.02649294231,0.01971346001
9.18,-0.02286726925,-0.07144097072,-0.1770181835,0.03304732498,0.002637792114,0.999996521,0.0264142499,0.9996510828,0,0,1.430647575,1.6003989,-1.428169372,1.61498188,0.1100611345,-0.005659852072,0.1126335084,-1.396438319,1.630237676,1.296078579,1.517176391,-0.0194538874,0.06576273616,-0.553531788,0.07164589785,-0.07728839777,0.0365138967,0.2068969631,0.09965976975,-0.1468538661,-0.04169343112,-0.1141098596,0.06182749385,0.007688440134,0.09128756827,0.06857077274,0.04950872595,-0.04302869977,0.008511093749,0.03213784324,0.008511093749,0.05918878183,0.1024012397,0.05581121653,0.02548070334,0.01909846683
9.19,-0.0246409232,-0.07111010094,-0.1777116784,0.03312652498,0.002637792114,0.999996521,0.0264142499,0.9996510828,0,0,1.431364034,1.599626016,-1.427804234,1.617050849,0.1110577322,-0.007128390734,0.1122165741,-1.397579418,1.630855951,1.296155463,1.518089267,-0.01876817967,0.06625782342,-0.553962075,0.07169620242,-0.07766129299,0.03655278789,0.2074864361,0.1000057215,-0.1474335013,-0.04189476368,-0.11447516,0.06215429203,0.007654516892,0.09144497275,0.06881280765,0.04982013091,-0.04322387435,0.008508956296,0.03232309351,0.008508956296,0.05969689593,0.1027557279,0.05530310243,0.02446447513,0.01848019189
9.2,-0.02642148404,-0.07077844237,-0.1783995393,0.03320508154,0.002637792114,0.999996521,0.0264142499,0.9996510828,0,0,1.432080996,1.598849403,-1.427438706,1.619125714,0.1120577895,-0.008602725747,0.1117976265,-1.398724169,1.631477494,1.296232008,1.519003717,-0.01808005159,0.06675602473,-0.5543943137,0.07174470288,-0.07803250337,0.03658979351,0.208070962,0.1003483297,-0.1480095975,-0.04209507706,-0.1148387022,0.06247965566,0.007619309344,0.09160141186,0.069051924,0.05012983926,-0.04341820814,0.008506835951,0.03250942619,0.008506835951,0.06020698871,0.103112596,0.05479300965,0.02344428957,0.01785864897
9.21,-0.02820889474,-0.07044600151,-0.1790816277,0.03328297887,0.002637792114,0.999996521,0.0264142499,0.9996510828,0,0,1.432798443,1.598069078,-1.427072808,1.621206423,0.1130612728,-0.01008282172,0.1113766757,-1.399872556,1.632102291,1.296308201,1.519919731,-0.01738953235,0.06725732312,-0.5548284958,0.07179137976,-0.07840196435,0.03662489515,0.2086504233,0.1006875223,-0.1485820481,-0.04229433566,-0.1152004223,0.06280352844,0.007582813553,0.09175685663,0.06928806742,0.05043779513,-0.04361166763,0.008504733245,0.0326968378,0.008504733245,0.06071904384,0.1034718242,0.05428095453,0.02242017932,0.01723385241
9.22,-0.0300030969,-0.07011278504,-0.1797578077,0.03336020143,0.002637792114,0.999996521,0.0264142499,0.9996510828,0,0,1.433516357,1.597285059,-1.426706559,1.623292927,0.114068148,-0.0115686422,0.1109537324,-1.401024561,1.632730326,1.296384029,1.520837299,-0.01669665168,0.06776170107,-0.5552646125,0.07174866888,-0.07878369907,0.03672768968,0.2085592652,0.1010887767,-0.1485816569,-0.04241915121,-0.1154006829,0.06312976902,0.007443768694,0.09113274478,0.06942446275,0.05134529561,-0.04380289526,0.00850264871,0.03288532471,0.00850264871,0.06123304456,0.1038333923,0.0537669538,0.02139217787,0.01660581713
9.23,-0.03180403076,-0.06977879978,-0.1804279458,0.03343673398,0.002637792114,0.999996521,0.0264142499,0.9996510828,0,0,1.434233844,1.596497222,-1.426339282,1.62537852,0.1150790357,-0.01305445877,0.1105295408,-1.402178567,1.633361624,1.296458467,1.521748627,-0.01600240705,0.06827515403,-0.5557026414,0.07174670425,-0.0791561526,0.03679466595,0.2087880413,0.1014551241,-0.1488557698,-0.04257706575,-0.1156755587,0.06345140485,0.007352709125,0.09088510464,0.06960558417,0.05195932424,-0.04399190536,0.008500580411,0.03307490028,0.008500580411,0.06174897378,0.1046396806,0.05325102458,0.0207240769,0.01597451944
9.24,-0.03361163524,-0.06944405271,-0.1810919109,0.03351256155,0.002637792114,0.999996521,0.0264142499,0.9996510828,0,0,1.434951311,1.59570566,-1.425971335,1.6274664,0.116093587,-0.01454301647,0.1101037702,-1.403335323,1.633996138,1.296531994,1.522657478,-0.01530635121,0.06879474727,-0.5561425605,0.07145093394,-0.07954870234,0.03706312715,0.2092004413,0.1017279305,-0.1494229955,-0.043176483,-0.1158074436,0.06373216919,0.007185372662,0.09103155521,0.06993370062,0.05220238138,-0.04384151268,0.008498530128,0.03326554801,0.008498530128,0.06226681399,0.105675361,0.05273318437,0.02035403527,0.01534000539
9.25,-0.03542584797,-0.06910855095,-0.1817495746,0.03358766947,0.002637792114,0.999996521,0.0264142499,0.9996510828,0,0,1.43566582,1.594910173,-1.425600704,1.629558405,0.1171108663,-0.01603724643,0.1096720054,-1.404493397,1.634633459,1.296603848,1.523567794,-0.0146070142,0.06931677108,-0.5565809756,0.07064622281,-0.07998386917,0.03769001068,0.2093813744,0.1019129333,-0.1499978591,-0.04438649272,-0.1156030572,0.06395592171,0.006825996091,0.09117505026,0.07040930135,0.05234811764,-0.04317983947,0.008496491314,0.03345713485,0.008496491314,0.06293530092,0.1067148279,0.05206469755,0.020163781,0.0147026837
9.26,-0.0372466053,-0.06877230177,-0.1824008106,0.03366204332,0.002637792114,0.999996521,0.0264142499,0.9996510828,0,0,1.436372283,1.594110334,-1.425223804,1.631652219,0.1181299956,-0.01753722502,0.1092281404,-1.405649428,1.635273019,1.296672108,1.524479544,-0.01390292119,0.06984025226,-0.557012774,0.07067902346,-0.08034404982,0.03771923189,0.2099327578,0.1022360385,-0.1505531551,-0.04458419505,-0.1159507466,0.06427038787,0.006781099953,0.09132145911,0.07063011187,0.0526475165,-0.04336183549,0.008494451971,0.0336494777,0.008494451971,0.06397851776,0.1077580451,0.0510214811,0.02003851232,0.01406312448
9.27,-0.03907384235,-0.06843531258,-0.1830454955,0.033735669,0.002637792114,0.999996521,0.0264142499,0.9996510828,0,0,1.437079073,1.593306894,-1.424846611,1.633751546,0.119152356,-0.01904275657,0.1087822985,-1.406808935,1.635915723,1.296739919,1.525392759,-0.01319662007,0.07036672742,-0.5574463924,0.07070994549,-0.08070210534,0.03774642825,0.2104784833,0.1025553524,-0.1511042544,-0.04478058461,-0.1162962745,0.06458303784,0.006734922673,0.09146672687,0.07084763457,0.05294482873,-0.04354278732,0.008492433493,0.03384286995,0.008492433493,0.06502544719,0.1088049749,0.04997455206,0.01977104045,0.0134204206
9.28,-0.04090749297,-0.06809759093,-0.1836835079,0.03380853267,0.002637792114,0.999996521,0.0264142499,0.9996510828,0,0,1.437786172,1.592499873,-1.424469147,1.635856331,0.1201779095,-0.02055379911,0.1083344926,-1.407971898,1.636561553,1.296807268,1.526307426,-0.01248814372,0.07089617571,-0.5578818203,0.07073897553,-0.0810579764,0.0377715862,0.2110184486,0.1028708129,-0.1516510614,-0.04497562812,-0.1166395832,0.06489381999,0.006687464342,0.09161082811,0.07106182368,0.0532400035,-0.0437226651,0.008490436422,0.03403730692,0.008490436422,0.06607605133,0.1098555794,0.04892394831,0.01936017333,0.01277459023
9.29,-0.04274748987,-0.06775914451,-0.1843147293,0.03388062077,0.002637792114,0.999996521,0.0264142499,0.9996510828,0,0,1.438493562,1.591689293,-1.424091431,1.637966516,0.1212066177,-0.02207030973,0.1078847363,-1.409138294,1.637210491,1.296874143,1.527223534,-0.01177752549,0.07142857575,-0.5583190469,0.07073769574,-0.08141669248,0.03781949433,0.211317639,0.1032069217,-0.1519899398,-0.04514112469,-0.1169257987,0.06520298093,0.006601884046,0.09147566663,0.07123757008,0.05374974504,-0.04389966025,0.008488461302,0.03423278376,0.008488461302,0.06713029161,0.1109098201,0.04786970842,0.01880473274,0.01212565203
9.3,-0.04459376453,-0.06741998114,-0.1849390433,0.03395192002,0.002637792114,0.999996521,0.0264142499,0.9996510828,0,0,1.439200939,1.590875126,-1.423713236,1.640079692,0.1222386869,-0.02359020912,0.1074333251,-1.410307552,1.637862521,1.296940162,1.528138291,-0.01106514979,0.0719660732,-0.5587580435,0.07067087398,-0.08178390514,0.03792107793,0.2110841981,0.1035946177,-0.1518679773,-0.04524077607,-0.1170858486,0.06550999151,0.006432014145,0.09071328837,0.07133166523,0.05474515444,-0.04406993059,0.00848650787,0.03442929723,0.00848650787,0.06825934022,0.11180762,0.04681187163,0.01803234333,0.01147362222
9.31,-0.04644624733,-0.06708010878,-0.1855563363,0.03402241744,0.002637792114,0.999996521,0.0264142499,0.9996510828,0,0,1.439907648,1.590057287,-1.423334026,1.642190534,0.1232746331,-0.0251088889,0.1069809173,-1.41147841,1.638517621,1.297004482,1.529045424,-0.01035183314,0.07251352474,-0.5591987428,0.07069425224,-0.08213188108,0.03794026423,0.2116063094,0.1038989582,-0.1524013218,-0.04542950179,-0.1174206422,0.06581348569,0.006380049458,0.09084957593,0.07153621961,0.0550367724,-0.04424380033,0.008484574897,0.03462684294,0.008484574897,0.06953406404,0.1121892698,0.04575047785,0.01697094915,0.0108185223
9.32,-0.04830486748,-0.06673953551,-0.186166497,0.03409210032,0.002637792114,0.999996521,0.0264142499,0.9996510828,0,0,1.44061459,1.589235968,-1.422954623,1.644306597,0.1243136226,-0.02663290211,0.1065266223,-1.412652617,1.639175756,1.297068282,1.529953919,-0.009636470939,0.07306389247,-0.5596411808,0.07071569787,-0.08247743422,0.03795736302,0.2121223135,0.1041992131,-0.152930041,-0.04561674155,-0.1177529907,0.0661149012,0.006326810058,0.09098461427,0.07173728077,0.05532604498,-0.04441646005,0.008482665572,0.03482540774,0.008482665572,0.07066780031,0.112573034,0.04468556762,0.01590603852,0.01016038744
9.33,-0.05016955313,-0.06639826953,-0.1867694165,0.03416095623,0.002637792114,0.999996521,0.0264142499,0.9996510828,0,0,1.441321747,1.588411194,-1.422575049,1.64642782,0.1253556148,-0.02816220252,0.1060704549,-1.413830147,1.639836905,1.29713155,1.530863766,-0.008919098131,0.07361715292,-0.5600853454,0.07073520105,-0.08282050927,0.03797236453,0.2126321189,0.1044953271,-0.1534540468,-0.04580246477,-0.1180828403,0.06641418993,0.006272298575,0.09111838069,0.07193480908,0.05561292474,-0.04458788214,0.008480780439,0.0350249861,0.008480780439,0.07165934844,0.1129588879,0.04361718213,0.01483765263,0.009499238432
9.34,-0.05204023132,-0.06605631918,-0.1873649885,0.03422897302,0.002637792114,0.999996521,0.0264142499,0.9996510828,0,0,1.442029099,1.587582989,-1.422195326,1.648554141,0.126400568,-0.02969674299,0.1056124303,-1.415010975,1.640501047,1.297194273,1.531774949,-0.008199750041,0.07417328216,-0.5605312242,0.06972792819,-0.08324840407,0.03872509012,0.2126750283,0.1046390256,-0.1539867187,-0.04721012506,-0.1169328577,0.06361061459,0.002214600366,0.09126300669,0.07539436196,0.05568176591,-0.04731662173,0.008478920043,0.0352255723,0.008478920043,0.07250752278,0.1133468062,0.04254536316,0.01376583326,0.008835096533
9.35,-0.05391682806,-0.06571369291,-0.1879531091,0.03429613883,0.002637792114,0.999996521,0.0264142499,0.9996510828,0,0,1.442726378,1.586750505,-1.421808075,1.650680892,0.1274469583,-0.03123661018,0.105140329,-1.416180304,1.641137153,1.297216419,1.532687579,-0.007445806421,0.07473009982,-0.5610043905,0.06952893375,-0.08360559097,0.03889087217,0.2130771596,0.1048974833,-0.154506497,-0.04764983374,-0.117077724,0.06372820273,0.001905374369,0.09139734907,0.07579019075,0.05591602385,-0.04745767847,0.008477060005,0.03541720141,0.008477060005,0.07352984897,0.1136094329,0.04147015278,0.01269062298,0.008198990387
9.36,-0.05579926833,-0.06537039928,-0.1885336768,0.03436244207,0.002637792114,0.999996521,0.0264142499,0.9996510828,0,0,1.443421668,1.585914449,-1.421419166,1.652811663,0.1284959331,-0.03278167515,0.1046638307,-1.417351081,1.641774435,1.297235473,1.533601553,-0.006687904513,0.07528926006,-0.5614789672,0.06953840617,-0.08394229691,0.03890262647,0.213567555,0.1051822623,-0.1550188088,-0.04783680384,-0.1175363513,0.06452786223,0.002475774445,0.09152792311,0.07546353375,0.0561917641,-0.0470151444,0.008475220629,0.03560925162,0.008475220629,0.07460840711,0.1139827512,0.04039159424,0.01161206464,0.00756170836
9.37,-0.05768747609,-0.06502644698,-0.1891065929,0.03442787146,0.002637792114,0.999996521,0.0264142499,0.9996510828,0,0,1.444117052,1.585075026,-1.42103014,1.654947339,0.1295477558,-0.03433186324,0.1041854626,-1.418526445,1.642419713,1.297260231,1.534516832,-0.005933269176,0.0758511777,-0.5619491187,0.06944796926,-0.08429478169,0.03901082822,0.2131391502,0.1055642425,-0.1547265159,-0.04790272147,-0.1177876936,0.06532550593,0.002880815684,0.09056322263,0.07500551223,0.05732831827,-0.04655228588,0.008473407581,0.0358039156,0.008473407581,0.07569026978,0.1145065459,0.03930973117,0.01053020177,0.006916429737
9.38,-0.05958137436,-0.0646818448,-0.1896717606,0.03449241596,0.002637792114,0.999996521,0.0264142499,0.9996510828,0,0,1.444811532,1.584232078,-1.420640032,1.65707873,0.1306033982,-0.0358791284,0.1037064354,-1.419704321,1.643072968,1.297289039,1.535422464,-0.005183214054,0.07642446088,-0.5624146415,0.06944558455,-0.0846269443,0.03902664592,0.2135401478,0.1058495255,-0.1551623672,-0.04807436732,-0.1182259078,0.06612769788,0.00343375562,0.09059620973,0.07466244523,0.05767562613,-0.04609327407,0.008471618648,0.03600118666,0.008471618648,0.07677539286,0.1155549207,0.03822460769,0.00944507849,0.006263174678
9.39,-0.06148088516,-0.06433660165,-0.1902290861,0.03455606484,0.002637792114,0.999996521,0.0264142499,0.9996510828,0,0,1.445505987,1.583385809,-1.420249765,1.659214132,0.1316618934,-0.03743075207,0.1032256917,-1.420886581,1.643734245,1.297323377,1.536328427,-0.004436589601,0.07700121715,-0.5628755743,0.0694494263,-0.08495474899,0.03903208844,0.214010401,0.1061219719,-0.1556596015,-0.04825411462,-0.1186795231,0.06693161608,0.004003789056,0.09071868511,0.07432246746,0.05794862246,-0.04562937375,0.008469856945,0.03620108246,0.008469856945,0.07786373169,0.1166432596,0.03713626845,0.008356739457,0.005601897699
9.4,-0.06338592963,-0.06399072652,-0.1907784778,0.03461880765,0.002637792114,0.999996521,0.0264142499,0.9996510828,0,0,1.446200482,1.582536261,-1.419859444,1.661354236,0.1327231132,-0.03898734808,0.1027431506,-1.422073376,1.644403562,1.297363414,1.537235613,-0.003693364927,0.07758070337,-0.563331868,0.06945133148,-0.08527970849,0.03903534774,0.2144739433,0.1063899533,-0.1561516063,-0.04843208318,-0.1191313626,0.06773686471,0.004577206748,0.09083976469,0.07397495221,0.05821890609,-0.04515957593,0.008468123246,0.03640361126,0.008468123246,0.07895524107,0.117734769,0.03604475866,0.007265229871,0.004932581538
9.41,-0.06529642798,-0.06364422855,-0.1913198466,0.03468063421,0.002637792114,0.999996521,0.0264142499,0.9996510828,0,0,1.446894995,1.581683464,-1.419469091,1.663498975,0.1337870127,-0.04054886415,0.1022588298,-1.423264689,1.64508093,1.297409187,1.538144011,-0.002953615405,0.07816289243,-0.5637834638,0.06945129631,-0.08560177394,0.0390364194,0.2149307003,0.1066534255,-0.156638306,-0.04860824584,-0.1195813625,0.06854333792,0.005153937771,0.09095942964,0.07361993249,0.05848643577,-0.04468393305,0.008466418088,0.03660877991,0.008466418088,0.08004987529,0.1188294032,0.03495012403,0.006170595445,0.004255212891
9.42,-0.06721229953,-0.06329711693,-0.1918531059,0.03474153464,0.002637792114,0.999996521,0.0264142499,0.9996510828,0,0,1.447589508,1.580827446,-1.419078727,1.665648282,0.1348535469,-0.04211524721,0.1017727473,-1.424460503,1.645766364,1.297460726,1.539053605,-0.00221741608,0.07874775679,-0.5642303031,0.06944931766,-0.08592089732,0.03903529973,0.2153805995,0.1069123459,-0.1571196263,-0.04878257596,-0.1200294591,0.06935092921,0.005733909923,0.09107766156,0.07325744386,0.05875117103,-0.04420249957,0.008464742009,0.03681659498,0.008464742009,0.08114758814,0.119927116,0.03385241078,0.005072882397,0.003569779512
9.43,-0.06913346278,-0.06294940097,-0.1923781716,0.03480149932,0.002637792114,0.999996521,0.0264142499,0.9996510828,0,0,1.448284001,1.579968237,-1.418688374,1.667802088,0.1359226704,-0.04368644347,0.1012849215,-1.425660798,1.646459873,1.297518065,1.539964382,-0.001484841641,0.0793352685,-0.5646723281,0.06861105062,-0.08630678354,0.03964579605,0.2154470118,0.1070642044,-0.1576004783,-0.04994111795,-0.1113738452,0.03955961119,-0.03080319115,0.09121651199,0.1028613963,0.05917926201,-0.07944988361,0.008463095543,0.03702706268,0.008463095543,0.0822483329,0.1210278608,0.03275166561,0.003972137434,0.00287627022
9.44,-0.07105983538,-0.06260109009,-0.192894962,0.03486051892,0.002637792114,0.999996521,0.0264142499,0.9996510828,0,0,1.448970112,1.57910517,-1.418291916,1.669956558,0.1369933124,-0.04526244825,0.1007855104,-1.426774536,1.646855469,1.297210033,1.540876547,-0.000456227678,0.07992706112,-0.5654668269,0.06808038111,-0.08667116011,0.04005714196,0.2149839951,0.107340968,-0.1574599184,-0.05055671758,-0.1067012866,0.02369069214,-0.05047444668,0.09050215664,0.1186473161,0.06015643345,-0.09840309337,0.008461459304,0.03714171619,0.008461459304,0.08333762181,0.1217888971,0.03200507034,0.003225542371,0.002480674108
9.45,-0.07299133417,-0.06225219377,-0.1934033978,0.0349185844,0.002637792114,0.999996521,0.0264142499,0.9996510828,0,0,1.449650915,1.578238458,-1.417891344,1.672106398,0.1380667221,-0.04683704744,0.1002799432,-1.427841549,1.647092376,1.296705289,1.541781569,0.000730245483,0.08052862545,-0.5664508579,0.06804213987,-0.08698631948,0.0400846976,0.2151301696,0.1076216105,-0.1576765909,-0.05068922429,-0.1072586973,0.02516015314,-0.04902137151,0.09026962718,0.1174899903,0.0606389399,-0.09709497122,0.008459841048,0.03720532094,0.008459841048,0.08445873033,0.1219224255,0.03136148901,0.003077573741,0.002243767187
9.46,-0.07492787523,-0.06190272161,-0.1939034024,0.03497568699,0.002637792114,0.999996521,0.0264142499,0.9996510828,0,0,1.450331337,1.577368595,-1.417490497,1.6742577,0.1391429382,-0.04841381334,0.09977305095,-1.428914136,1.647343977,1.296215075,1.542684265,0.001905145386,0.08113501485,-0.5674218076,0.06802889875,-0.08729314656,0.04007778419,0.2155525919,0.1078643078,-0.1581392853,-0.05085945982,-0.1079471324,0.02689179549,-0.04718921741,0.09037900092,0.1161035774,0.06084419852,-0.09547747405,0.008458253306,0.03727366895,0.008458253306,0.08556828674,0.1220380759,0.03054689503,0.002961924316,0.001992165655
9.47,-0.07686937387,-0.06155268327,-0.1943949014,0.03503181822,0.002637792114,0.999996521,0.0264142499,0.9996510828,0,0,1.451011626,1.576495663,-1.417089719,1.676413226,0.1402215813,-0.0499952062,0.09926445635,-1.429993607,1.647612895,1.295743183,1.543588055,0.003066181161,0.08174345684,-0.5683765823,0.06801376753,-0.08759679673,0.04006862859,0.2159679012,0.1081022798,-0.1585963082,-0.05102767274,-0.1086357298,0.0286324947,-0.04534315781,0.09048688086,0.1147010457,0.06104613007,-0.09384435228,0.008456697351,0.03734760864,0.008456697351,0.08668068364,0.1223101131,0.02957478166,0.002689887786,0.0017232477
9.48,-0.07881574467,-0.06120208851,-0.1948778231,0.03508696988,0.002637792114,0.999996521,0.0264142499,0.9996510828,0,0,1.451691764,1.575619695,-1.416689033,1.678572905,0.1413026041,-0.05158116928,0.09875417962,-1.431079965,1.64789922,1.295289751,1.544492924,0.004213191617,0.08235391814,-0.5693150258,0.06799674727,-0.08789722713,0.04005723085,0.2163760371,0.1083354919,-0.1590475947,-0.05119383916,-0.1093243961,0.03038201967,-0.04348343549,0.0905932516,0.1132825764,0.06124470544,-0.09219581894,0.008455173708,0.03742717132,0.008455173708,0.08779587209,0.122739484,0.02844422166,0.002260517423,0.001436922753
9.49,-0.08076690151,-0.06085094717,-0.1953520982,0.03514113406,0.002637792114,0.999996521,0.0264142499,0.9996510828,0,0,1.452371731,1.574740723,-1.416288461,1.680736665,0.142385959,-0.05317164523,0.09824224123,-1.432173208,1.648203041,1.294854917,1.545398856,0.005346017381,0.08296636519,-0.570236984,0.06797783958,-0.08819439583,0.0400435917,0.2167769419,0.1085639107,-0.1594930815,-0.0513579358,-0.110013038,0.03214013612,-0.04161029797,0.09069809814,0.1118483566,0.06143989642,-0.09053209221,0.008453682896,0.03751238772,0.008453682896,0.08891380273,0.1233271145,0.02715430882,0.001672887319,0.001133102557
9.5,-0.08272275759,-0.06049926915,-0.1958176596,0.03519430311,0.002637792114,0.999996521,0.0264142499,0.9996510828,0,0,1.453051509,1.573858779,-1.415888025,1.682904435,0.1434715981,-0.05476657604,0.09772866187,-1.433273339,1.648524442,1.294438814,1.546305837,0.006464500947,0.08358076416,-0.571142305,0.06795704666,-0.08848826175,0.04002771254,0.2171705594,0.108787504,-0.1599327068,-0.05151993991,-0.1107015617,0.03390660662,-0.03972399732,0.09080140592,0.110398578,0.06163167582,-0.08885339536,0.008452225433,0.03760328796,0.008452225433,0.09003442583,0.1240739093,0.02570415819,0.0009260927167,0.0008117011955
9.51,-0.08468322544,-0.06014706445,-0.1962744432,0.03524646968,0.002637792114,0.999996521,0.0264142499,0.9996510828,0,-0.5944881588,1.45373108,1.572973896,-1.415487748,1.68507614,0.1445594732,-0.05636590311,0.09721346247,-1.434380354,1.648863508,1.294041574,1.547213851,0.007568486727,0.08419708092,-0.5720308389,0.06788730015,-0.08878964135,0.04007431825,0.2169937351,0.1090764195,-0.1598604017,-0.0515942576,-0.06745339528,-0.1172802745,-0.2210074181,0.09021295802,0.2567291581,0.0639534914,-0.2705991175,0.008450801832,0.0376999015,0.008450801832,0.0911576913,0.1249807518,0.02409290645,1.925032196e-05,0.0004726351293
9.52,-0.08664821699,-0.05979434312,-0.1967223868,0.0352976267,0.002637792114,0.999996521,0.02047101083,0.9997904469,0,-0.5944881588,1.454409953,1.572086,-1.415087005,1.687246078,0.1456502374,-0.05796450713,0.0966975199,-1.435054888,1.647690705,1.2918315,1.548115981,0.01013577831,0.08483661583,-0.5747368301,0.06690846909,-0.08916005778,0.04078742603,0.2165520072,0.10924785,-0.1599258359,-0.05276560951,0.01907317505,-0.4109059142,-0.5733018255,0.08985370839,0.5397180335,0.07084652821,-0.6227044821,0.008449411278,0.03731006967,0.008449411278,0.09228354864,0.1201181925,0.02271645511,0.004881809417,0.001645437874
9.53,-0.08861764352,-0.0594411153,-0.1971614311,0.03534776738,0.002637792114,0.999996521,0.01452704828,0.9998944769,0,-0.594488252,1.455079038,1.571194399,-1.41467913,1.689411598,0.1467427159,-0.05956376549,0.0961698638,-1.434864157,1.643581646,1.286098481,1.549014518,0.01553295864,0.08554508111,-0.5809638749,0.06645710171,-0.0894787454,0.04108222962,0.2167325573,0.1094162766,-0.1603506282,-0.05341676777,0.02356743062,-0.4155746056,-0.5796547436,0.08996658597,0.5436960319,0.07453351937,-0.6292787694,0.008448033097,0.03597738474,0.008448033097,0.09302487232,0.1153017085,0.0219751312,0.00969829316,0.005754497016
9.54,-0.09059141575,-0.05908739118,-0.1975915191,0.03539688521,0.002637792114,0.999996521,0.008582571391,0.9999631691,0,-0.5944881588,1.455743609,1.570299612,-1.414268308,1.691578923,0.1478368786,-0.06116727177,0.09563569613,-1.434628482,1.6394259,1.280301934,1.549914184,0.02096991896,0.0862904163,-0.5872566626,0.06642502438,-0.08975927149,0.04106050084,0.2170973104,0.1096227821,-0.1607702228,-0.05357337098,0.02873878011,-0.4235051251,-0.5899487319,0.09006093534,0.5505594168,0.0786582598,-0.6402291009,0.008446680453,0.03463267911,0.008446680453,0.09359031563,0.1104877134,0.02140968725,0.01451228789,0.009910243073
9.55,-0.09256944386,-0.05873318103,-0.1980125962,0.03544497396,0.002637792114,0.999996521,0.002637792114,0.999996521,0,0,1.456407859,1.569402019,-1.413857703,1.693749896,0.1489331065,-0.062774974,0.09509996242,-1.434341095,1.635190849,1.274402447,1.550814793,0.02647551313,0.0870769989,-0.5936589536,0.06639114114,-0.09003629746,0.04103650377,0.2174546013,0.109824339,-0.1611837238,-0.05372770908,-0.1208800925,0.06975176321,0.002697812706,0.09015370587,0.0743377945,0.06503254875,-0.04660976087,0.008445363737,0.03326565148,0.008445363737,0.09415697816,0.1056761577,0.02084302409,0.01932384326,0.01414529432
9.56,-0.09455163747,-0.05837849515,-0.1984246103,0.03549202768,0.002637792114,0.999996521,0.002637792114,0.999996521,0,0,1.45707177,1.568501656,-1.413447338,1.695924442,0.1500313498,-0.06438681123,0.09456268532,-1.435549895,1.635888366,1.274429425,1.55171633,0.02721889108,0.08772732439,-0.5941250512,0.06635545798,-0.09030978772,0.04101024335,0.2178043862,0.110020923,-0.1615910787,-0.05387976246,-0.1211348833,0.0699990641,0.00263055826,0.09024488592,0.0744217638,0.06526251298,-0.04671485658,0.008444083443,0.03347654134,0.008444083443,0.09472483401,0.1068118703,0.0202751676,0.01818813039,0.01344777669
9.57,-0.09653790569,-0.05802334394,-0.1988275119,0.03553804072,0.002637792114,0.999996521,0.002637792114,0.999996521,0,0,1.457735325,1.567598558,-1.413037235,1.698102486,0.1511315591,-0.06600272202,0.0940238877,-1.436761244,1.636588357,1.27445573,1.552618779,0.02796310871,0.08837994952,-0.5945921998,0.06631798136,-0.09057970757,0.04098172518,0.2181466231,0.1102125114,-0.1619922365,-0.05402951211,-0.1213862912,0.07024343454,0.002562397499,0.09033446429,0.07450153564,0.06548907097,-0.0468181651,0.008442840063,0.03368828993,0.008442840063,0.09529385716,0.1079499174,0.01970614382,0.01705008294,0.01274778605
9.58,-0.09852815717,-0.05766773783,-0.1992212539,0.03558300768,0.002637792114,0.999996521,0.002637792114,0.999996521,0,0,1.458398505,1.566692761,-1.412627418,1.700283952,0.1522336842,-0.06762264439,0.09348359258,-1.437975107,1.637290791,1.274481354,1.553522124,0.02870812407,0.08903484023,-0.5950603814,0.06624416447,-0.09085543464,0.04101090181,0.2179762297,0.1104651796,-0.1619285181,-0.05409470803,-0.1215044121,0.07041241674,0.00232835724,0.08979584645,0.07454518186,0.06621188771,-0.04697559688,0.008441634083,0.03390088894,0.008441634083,0.09586402142,0.1090902468,0.01913597892,0.01590975325,0.01204535171
9.59,-0.1005223001,-0.05731168729,-0.1996057915,0.03562692347,0.002637792114,0.999996521,0.002637792114,0.999996521,0,0,1.459060946,1.565784207,-1.412217309,1.702463715,0.153338336,-0.06924192957,0.0929426455,-1.439190151,1.637994916,1.274504638,1.554420082,0.02945357589,0.08969695911,-0.5955301374,0.06617285905,-0.09112592344,0.04103171955,0.2178540121,0.1107062243,-0.1619091105,-0.05416490942,-0.1216288153,0.0705733667,0.002095911097,0.08932113523,0.0746006709,0.06687928552,-0.04713787433,0.008440465001,0.03411409975,0.008440465001,0.09672134806,0.1099467583,0.01856469921,0.01505324133,0.01134122754
9.6,-0.1025202422,-0.05695520288,-0.1999810826,0.03566978327,0.002637792114,0.999996521,0.002637792114,0.999996521,0,0,1.459722675,1.564872948,-1.411806992,1.704642255,0.1544453982,-0.07086102067,0.0924009964,-1.440406439,1.638700649,1.274525597,1.555313294,0.0301995826,0.09036575196,-0.5960015162,0.06613074942,-0.09138417354,0.04099699316,0.2181745834,0.1108834855,-0.1622923957,-0.05430555124,-0.1218641297,0.07079180731,0.002004805469,0.0894024844,0.07468434074,0.06709853699,-0.0472524724,0.008439333441,0.03432789659,0.008439333441,0.09795994624,0.1104252633,0.01799233111,0.0145747356,0.01063549387
9.61,-0.1045218908,-0.05659829516,-0.2003470874,0.03571158254,0.002637792114,0.999996521,0.002637792114,0.999996521,0,0,1.460383982,1.563959106,-1.411397022,1.706824001,0.1555542331,-0.07248394463,0.09185794089,-1.441625081,1.639408567,1.274545645,1.556207318,0.030946426,0.09103673733,-0.5964740409,0.06483512679,-0.09173934154,0.04191118848,0.2179141076,0.1109540074,-0.1626602846,-0.05589525087,-0.1213645137,0.07087504174,0.001523903982,0.08955135651,0.07515416992,0.06699516798,-0.04619782234,0.008438240762,0.03454246273,0.008438240762,0.09936405837,0.1107414399,0.01741890118,0.01425855821,0.009927575798
9.62,-0.1065271528,-0.05624097477,-0.2007037688,0.03575231703,0.002637792114,0.999996521,0.002637792114,0.999996521,0,0,1.461032334,1.563041713,-1.41097791,1.709003142,0.1566637732,-0.07411054747,0.09129898838,-1.442838726,1.640117318,1.274560884,1.557102832,0.0316979677,0.09170668901,-0.5969360191,0.06464851183,-0.09200248778,0.04197838783,0.2181565502,0.1111117312,-0.1630329789,-0.05619488927,-0.1215116186,0.07107249724,0.001387590313,0.08963791747,0.07527158054,0.06717006694,-0.04617895006,0.00843715865,0.03475736648,0.00843715865,0.1009306286,0.1108982647,0.01632666794,0.01410173337,0.00921882538
9.63,-0.108535935,-0.05588325238,-0.2010510919,0.03579198277,0.002637792114,0.999996521,0.002637792114,0.999996521,0,0,1.461678819,1.562121688,-1.410558126,1.711184707,0.1577748905,-0.07574087726,0.09073703949,-1.444053842,1.640828043,1.27457476,1.557999211,0.03245068351,0.09237838968,-0.5973978086,0.06459720898,-0.09225091128,0.04193919243,0.2184541558,0.1112755975,-0.1634004091,-0.05633322176,-0.1217353007,0.07128125436,0.001292963669,0.08971531368,0.07534199853,0.06737624739,-0.0462862015,0.008436113193,0.03497297383,0.008436113193,0.1023507751,0.1112045386,0.01517572109,0.01379545968,0.008508100408
9.64,-0.1105481434,-0.05552513869,-0.2013890243,0.03583057605,0.002637792114,0.999996521,0.002637792114,0.999996521,0,0,1.462324791,1.561199179,-1.410138734,1.713369249,0.1588876464,-0.07737488135,0.09017370727,-1.445271195,1.641540855,1.27458769,1.558896364,0.03320410349,0.09305215216,-0.5978606706,0.06454423565,-0.09249554433,0.04189774588,0.218744051,0.1114343587,-0.1637613809,-0.05646906499,-0.1219554247,0.07148682578,0.001197458572,0.08979106941,0.07540823657,0.06757883413,-0.04639171294,0.008435108001,0.03518932188,0.008435108001,0.1036079429,0.1116767359,0.01402281111,0.01332326267,0.007795287864
9.65,-0.1125636841,-0.05516664445,-0.2017175363,0.03586809349,0.002637792114,0.999996521,0.002637792114,0.999996521,0,0,1.462970233,1.560274223,-1.409719757,1.715556689,0.16000199,-0.07901249516,0.08960901662,-1.446490749,1.642255724,1.274599664,1.559794275,0.03395818586,0.0937279405,-0.5983245877,0.06446130799,-0.09274397184,0.04191455225,0.2185210175,0.1116575223,-0.1636522681,-0.0565145312,-0.1220636914,0.07167663605,0.001007599533,0.08923381745,0.07537595692,0.06828449909,-0.04647279856,0.008434143527,0.03540640137,0.008434143527,0.1047013989,0.1123155088,0.0128679919,0.01268449012,0.007080419606
9.66,-0.1145824626,-0.05480778042,-0.2020366005,0.03590453194,0.002637792114,0.999996521,0.002637792114,0.999996521,0,0,1.463614846,1.559346783,-1.409300611,1.7177419,0.1611185653,-0.08064901784,0.08904387131,-1.447711386,1.64297249,1.27460974,1.560686613,0.03471194543,0.09441078549,-0.5987893157,0.06438105261,-0.09298664344,0.04192119253,0.2183580203,0.1118668942,-0.1635990369,-0.05656756095,-0.1221819475,0.07186394891,0.0008291569388,0.08875621177,0.0753527805,0.06892093395,-0.04655281161,0.008433219441,0.0356241622,0.008433219441,0.1054632375,0.1132886819,0.0117113175,0.0117113175,0.006363653246
9.67,-0.1166043845,-0.05444855742,-0.2023461919,0.03593988856,0.002637792114,0.999996521,0.002637792114,0.999996521,0,0,1.464258657,1.558416917,-1.408881399,1.71992548,0.1622372342,-0.08228500821,0.0884781957,-1.448933206,1.643691129,1.274618032,1.561574175,0.03546547323,0.09509999483,-0.5992548438,0.06432387825,-0.09321856681,0.04187316537,0.2186257126,0.1120109937,-0.1639416612,-0.05669380376,-0.1223902644,0.07205861357,0.0007309386278,0.08882386941,0.07540749265,0.06911467637,-0.04665001,0.008432336331,0.03584259668,0.008432336331,0.1060424746,0.114447158,0.01055284213,0.01055284213,0.005645013757
9.68,-0.1186293548,-0.05408898626,-0.202646288,0.03597416078,0.002637792114,0.999996521,0.002637792114,0.999996521,0,0,1.464901896,1.557484731,-1.408462668,1.722111737,0.1633573441,-0.08392442483,0.08791125766,-1.450157108,1.644411716,1.274625341,1.562462414,0.03621954816,0.09579114159,-0.5997213439,0.06426508304,-0.09344659297,0.04182292777,0.2188856391,0.1121499444,-0.1642777183,-0.05681750241,-0.1225949359,0.0722500032,0.0006319088502,0.08888988782,0.07545803605,0.06930472025,-0.04674541594,0.008324382781,0.03606172954,0.008324382781,0.1066225851,0.1156073806,0.009392620122,0.009392620122,0.004924427621
9.69,-0.1206572785,-0.05372907782,-0.202936869,0.03600734633,0.002637792114,0.999996521,0.002637792114,0.999996521,0,0,1.465544546,1.556550265,-1.408044439,1.724300593,0.1644788436,-0.08556720201,0.08734308264,-1.451383058,1.645134216,1.27463166,1.563351313,0.03697412852,0.09648418879,-0.6001887981,0.06384148189,-0.09369917408,0.0420504523,0.2189706962,0.1122611434,-0.1646018938,-0.0573554949,-0.1194596137,0.06214793234,-0.01175929058,0.08897934155,0.08516515852,0.06997250174,-0.05887242448,0.008026143819,0.0362815512,0.008026143819,0.1072035416,0.1167692954,0.008230705941,0.008230705941,0.004201927589
9.7,-0.1226880604,-0.05336884297,-0.2032179173,0.03603944321,0.002637792114,0.999996521,0.002637792114,0.999996521,0,0,1.466182961,1.555613274,-1.407623934,1.7264903,0.165601455,-0.08721322095,0.08676952769,-1.452577654,1.645755695,1.274514067,1.564241106,0.03782578011,0.09718391381,-0.6007775223,0.06270743299,-0.09400406232,0.04282216878,0.2187230679,0.1123244917,-0.1649113258,-0.05870476085,-0.1102875185,0.03355017139,-0.04616705693,0.08911652692,0.1121728015,0.07146673622,-0.09256549628,0.007726972532,0.03646903591,0.007726972532,0.1079328425,0.1177853223,0.007067154157,0.00721467938,0.003580448266
9.71,-0.124721605,-0.05300829259,-0.2034894177,0.03607044969,0.002637792114,0.999996521,0.002637792114,0.999996521,0,0,1.466810036,1.554673233,-1.407195712,1.728677531,0.1667246999,-0.0888623342,0.08618248008,-1.453680529,1.646091197,1.274052397,1.565132271,0.03894750812,0.09789858117,-0.6017031773,0.06264036294,-0.09422161629,0.04276803137,0.2189599365,0.11245,-0.1652309593,-0.05882520449,-0.1112143272,0.03617748625,-0.04323022283,0.08917853016,0.1098241275,0.07147511304,-0.08970366955,0.007426572812,0.03656481844,0.007426572812,0.1090979779,0.1183678892,0.00590201943,0.006632112017,0.003244946552
9.72,-0.1267578169,-0.05264743761,-0.2037513579,0.03610036434,0.002637792114,0.999996521,0.002637792114,0.999996521,0,0,1.467436439,1.553731017,-1.406768032,1.73086713,0.1678491999,-0.0905146438,0.08559422804,-1.454792672,1.646452971,1.273620095,1.566024057,0.0400457494,0.0986133323,-0.602600214,0.06254810201,-0.09444421686,0.04277957822,0.2186400266,0.1126500647,-0.1650334555,-0.05884100265,-0.1120335841,0.03880039156,-0.04042984609,0.08854296391,0.1073927942,0.07205199205,-0.08679062332,0.007125420028,0.03666907391,0.007125420028,0.1102646415,0.1189512201,0.004735356505,0.006048780554,0.002883171689
9.73,-0.1287966003,-0.05228628895,-0.2040037276,0.036129186,0.002637792114,0.999996521,0.002637792114,0.999996521,0,0,1.46806192,1.552786575,-1.406340236,1.733053531,0.1689757006,-0.09216497835,0.08500581801,-1.455913008,1.646840975,1.273215796,1.566909486,0.04111967734,0.09933385222,-0.6034681202,0.06246230284,-0.09465906415,0.04276764975,0.2184837594,0.1128207549,-0.164988583,-0.05888418543,-0.1128910142,0.04143801605,-0.03760938887,0.08811901594,0.1050005096,0.07245725306,-0.08386646978,0.006823480076,0.0367817844,0.006823480076,0.1114327784,0.1195352877,0.003567220186,0.005464712395,0.002495167774
9.74,-0.1308378595,-0.05192485754,-0.2042465191,0.03615691381,0.002637792114,0.999996521,0.002637792114,0.999996521,0,0,1.468686543,1.551839984,-1.40591256,1.735238368,0.1701039081,-0.09381486418,0.08441697616,-1.457041918,1.647255356,1.272839702,1.567790677,0.04216968243,0.1000584248,-0.6043067849,0.06239153229,-0.09486341076,0.04270662153,0.2186989537,0.1129313889,-0.1652896255,-0.0589946873,-0.1138226793,0.0440900266,-0.03468619645,0.08817312216,0.1026511617,0.0724653923,-0.08095330218,0.006520784026,0.03690299845,0.006520784026,0.1126023339,0.1201200646,0.002397665333,0.004879934969,0.002080787613
9.75,-0.1328814987,-0.05156315432,-0.2044797274,0.03618354716,0.002637792114,0.999996521,0.002637792114,0.999996521,0,0,1.469310459,1.55089135,-1.405485494,1.737425358,0.171233222,-0.09546776044,0.08382702928,-1.458180145,1.647696256,1.27249284,1.568672408,0.04319619405,0.1007830787,-0.605116318,0.06231930153,-0.09506371651,0.0426434279,0.218906368,0.1130368592,-0.1655839583,-0.05910250853,-0.1147532183,0.04674721571,-0.03175329551,0.08822558818,0.1002895312,0.07246918348,-0.07802801493,0.006217378331,0.0370327701,0.006217378331,0.1137732531,0.1207055233,0.001226746839,0.004294475722,0.001639887347
9.76,-0.1349274221,-0.05120119024,-0.2047033497,0.03620908576,0.002637792114,0.999996521,0.002637792114,0.999996521,-0.5944881821,0,1.469933652,1.549940713,-1.405059059,1.739614421,0.1723635906,-0.09712360002,0.0832360042,-1.459327677,1.648163728,1.272175307,1.569554664,0.04419908936,0.1015077705,-0.6058965981,0.146922071,0.4214820576,-0.4783762648,0.219105998,0.5989171634,-0.06004843819,-0.6536157166,-0.1156825022,0.0494091875,-0.02881113597,0.08827641185,0.0979159947,0.07246864015,-0.07509106465,0.00591327615,0.03717112031,0.00591327615,0.114945481,0.1212916363,5.451962229e-05,0.003708362113,0.00117241519
9.77,-0.1369755338,-0.05083897626,-0.2049173858,0.03623352957,-0.00330708062,0.9999945316,0.002637792114,0.999996521,-0.5944882287,0,1.471402872,1.554155533,-1.409842822,1.741805481,0.1783527622,-0.0977240844,0.07669984703,-1.460484502,1.64865782,1.271887196,1.570437428,0.04517824931,0.1022324569,-0.6066475088,0.1458177204,0.4216741903,-0.4766370797,0.2192978413,0.5984684807,-0.05734133841,-0.6535716289,-0.1166104026,0.05207554582,-0.02586016903,0.08832559142,0.09553093126,0.07246377699,-0.0721429099,0.007341223921,0.03731806908,0.007341223921,0.1101740808,0.1218783763,0.004825920428,0.003121621606,0.0006783233149
9.78,-0.1390257379,-0.0504765233,-0.2051218379,0.03625687884,-0.009251836943,0.9999572008,0.002637792114,0.999996521,-0.5944881588,0,1.472861049,1.558372275,-1.414609193,1.74399846,0.184337447,-0.09829749779,0.07016413074,-1.461650606,1.649178575,1.271628594,1.571320684,0.04613355862,0.1029570947,-0.6073689379,0.1421761211,0.4221782995,-0.4739746106,0.2189989819,0.5976906536,-0.0529428273,-0.6545224264,-0.1047508708,0.01575243467,-0.06929624637,0.08845919924,0.1288396113,0.07542143474,-0.1153079372,0.008450200277,0.03747363544,0.008450200277,0.1054038791,0.1224657157,0.009596122822,0.002534281659,0.0001575678567
9.79,-0.1410779386,-0.05011384233,-0.2053167106,0.03627913412,-0.01519626559,0.9998845301,0.002637792114,0.999996521,-0.5944881588,0,1.474282811,1.562594058,-1.419348939,1.74618845,0.1903143536,-0.09882692606,0.06361890648,-1.462698115,1.6493361,1.270935632,1.572205276,0.04742195474,0.103711309,-0.6085220172,0.1391247442,0.422680228,-0.4717721573,0.2183474885,0.5970052197,-0.04795952988,-0.6546157364,-0.09902882396,-0.001732970644,-0.09036489782,0.08774010271,0.1447886117,0.07747972733,-0.1362112113,0.008463694784,0.03751259998,0.008463694784,0.1006348214,0.1226377925,0.01436518054,0.002362204716,4.35100076e-08
9.8,-0.1431320402,-0.04975094426,-0.2055020113,0.03630029622,-0.02114015718,0.9997765219,0.002637792114,0.999996521,-0.5944881588,0,1.475674058,1.566820861,-1.42406666,1.748371924,0.1962844058,-0.09930652136,0.05707274912,-1.463688403,1.64931877,1.270031983,1.573082677,0.04886984085,0.1044861063,-0.6098841293,0.1369549136,0.4231314126,-0.4699933216,0.2182326731,0.5963215482,-0.04376773868,-0.6542991421,-0.09901718188,-0.001898680394,-0.09069368669,0.08741637292,0.1448723517,0.07786183031,-0.136625323,0.008478161689,0.03749544897,0.008478161689,0.09586685257,0.1226377925,0.01913314914,0.002362204716,1.737321645e-05
9.81,-0.145187947,-0.04938784004,-0.2056777494,0.03632036623,-0.02708330165,0.9996331801,0.002637792114,0.999996521,-0.5944883451,0,1.477043607,1.571052175,-1.428766594,1.750554251,0.2022476213,-0.09974419875,0.0505297577,-1.464678575,1.649299783,1.269125046,1.57395684,0.05031856437,0.1052647246,-0.6112503826,0.1347867858,0.4235560887,-0.4682438019,0.218394238,0.5955533463,-0.03984692841,-0.6540063246,-0.09933224706,-0.001153975006,-0.08984003495,0.08745721517,0.1441250968,0.07787760847,-0.1359643971,0.008493621005,0.03747781717,0.008493621005,0.09109991804,0.1226377925,0.02390008346,0.002362204716,3.636002038e-05
9.82,-0.1472455633,-0.04902454057,-0.205843937,0.03633934555,-0.03302549081,0.9994545097,0.002637792114,0.999996521,-0.5944881588,0,1.478391475,1.575287736,-1.433449032,1.752738194,0.2082031547,-0.100142668,0.04398969445,-1.465671898,1.649288243,1.268226646,1.574831413,0.05175981534,0.1060435007,-0.6126100265,0.1326362297,0.4239856139,-0.4665129733,0.2185490485,0.5947493216,-0.03592447038,-0.6536814219,-0.09964505995,-0.0004077602723,-0.0889805747,0.08749643813,0.1433688863,0.07788898912,-0.1352957163,0.008510074651,0.03746263573,0.008510074651,0.08633396118,0.1226377925,0.02866604009,0.002362204716,4.789977044e-05
9.83,-0.1493047939,-0.04866105676,-0.2060005888,0.03635723584,-0.03896651094,0.9992405171,0.002637792114,0.999996521,-0.5944881588,0,1.479717837,1.579527592,-1.438114161,1.754923684,0.2141506479,-0.1005019127,0.03745288023,-1.466668348,1.649284166,1.26733684,1.575706377,0.0531935042,0.1068223906,-0.6139629837,0.1304815253,0.4243934053,-0.4647970251,0.2186961648,0.5939081551,-0.03200211885,-0.6533249278,-0.09995558495,0.0003398508091,-0.0881154527,0.08753404278,0.1426038649,0.07789598854,-0.1346194079,0.008527525735,0.03744990951,0.008527525735,0.08156893105,0.1226377925,0.03343107,0.002362204716,5.197737316e-05
9.84,-0.1513655434,-0.04829739948,-0.2061477218,0.03637403904,-0.04490615394,0.9989912098,0.002637792114,0.999996521,-0.5944881588,0,1.481022653,1.583771526,-1.442762132,1.757110646,0.2200897295,-0.1008219339,0.03091963095,-1.467667904,1.649287564,1.266455685,1.576581717,0.05461954285,0.1076013505,-0.6153091778,0.1280281864,0.4248688526,-0.4630791478,0.2188355982,0.5929492859,-0.02772694822,-0.6528773333,-0.1002637872,0.001088745327,-0.08724481658,0.08757003055,0.141830179,0.07789862414,-0.1339356008,0.008545975926,0.03743964307,0.008545975926,0.07680477119,0.1226377925,0.03819522965,0.002362204716,4.857886507e-05
9.85,-0.1534277167,-0.0479335796,-0.2062853555,0.03638975737,-0.05084420988,0.9987065967,0.002637792114,0.999996521,-0.5944881588,0,1.482302935,1.588020214,-1.447392923,1.759299002,0.2260192223,-0.1010992034,0.02439085762,-1.468670542,1.649298452,1.265583237,1.577457418,0.05603784464,0.1083803367,-0.6166485338,0.125851587,0.425268375,-0.4613949531,0.2189676636,0.5920213028,-0.02377616631,-0.6524461094,-0.1005696326,0.001838810511,-0.08636881485,0.08760440328,0.141047977,0.07789691441,-0.1332444252,0.008565424079,0.03743184056,0.008565424079,0.07204142711,0.1226377925,0.04295857351,0.002362204716,3.76914118e-05
9.86,-0.1554912189,-0.04756960794,-0.2064135118,0.03640439335,-0.05678046891,0.9983866878,0.002637792114,0.999996521,-0.5944881588,0,1.48356145,1.592272898,-1.452006873,1.761488678,0.2319394354,-0.1013369651,0.01786639653,-1.469676238,1.64931684,1.264719549,1.578333462,0.05744832441,0.1091593059,-0.617980978,0.1233976619,0.4256030322,-0.4594522076,0.2182139706,0.5912194903,-0.01915182901,-0.6522279263,-0.100271993,0.001925979668,-0.08680610824,0.08672876786,0.140717239,0.07918451274,-0.132964545,0.008585875648,0.03742650581,0.008585875648,0.06727884445,0.1226377925,0.04772115594,0.002362204716,1.930330669e-05
9.87,-0.1575559554,-0.04720549533,-0.2065322151,0.03641794977,-0.06271472123,0.9980314944,0.002637792114,0.999996521,0,0,1.484795427,1.596528928,-1.456601395,1.763670818,0.2378516303,-0.1015284834,0.01134411726,-1.470678958,1.6493361,1.263851488,1.579200749,0.0588554968,0.109951151,-0.6193106235,0.06114382449,-0.09746713097,0.05340054664,0.2176089175,0.1125079821,-0.1594442182,-0.06310972815,-0.09877014078,0,-0.08992377346,0.08664531094,0.1419401098,0.08100574799,-0.1345022472,0.008607324136,0.03742147622,0.008607324136,0.06251696919,0.1227581571,0.05261946825,0.002362204716,4.35100076e-08
9.88,-0.1596218318,-0.04684125253,-0.2066414925,0.03643042969,-0.06271472123,0.9980314944,0.002637792114,0.999996521,0,0,1.485406865,1.595554257,-1.456067389,1.765846907,0.2389767101,-0.1031229255,0.01071301998,-1.47166666,1.6493361,1.26295225,1.580067203,0.0602748979,0.1107612085,-0.620655646,0.06104442415,-0.09761978338,0.05331343868,0.2177204141,0.1125619276,-0.1596599947,-0.06318551913,-0.0988317966,2.220446049e-14,-0.08991229949,0.08667413209,0.1418173805,0.08103104464,-0.1346964095,0.008604215439,0.03741028118,0.008604215439,0.06370062929,0.123174162,0.05202763853,0.002362204716,4.35100076e-08
9.89,-0.1616887539,-0.04647689031,-0.2067413732,0.03644183648,-0.06271472123,0.9980314944,0.002637792114,0.999996521,0,0,1.486017309,1.594578059,-1.455534255,1.768024111,0.2401023294,-0.1047195255,0.01008116479,-1.472654978,1.6493361,1.262053127,1.580933944,0.0616930717,0.1115715189,-0.6220026101,0.06094380976,-0.09776827479,0.053224014,0.2178243762,0.1126108471,-0.1598693402,-0.06325846499,-0.0988908001,-2.220446049e-14,-0.08989684551,0.0867013772,0.1416874249,0.08105199968,-0.1348846684,0.008601151245,0.03739915091,0.008601151245,0.06488488857,0.123417825,0.05143550922,0.002362204716,4.351000737e-08
9.9,-0.163756628,-0.04611241937,-0.2068318891,0.03645217377,-0.06271472123,0.9980314944,0.002637792114,0.999996521,0,0,1.486626748,1.593600376,-1.455002015,1.770202355,0.2412284378,-0.1063182189,0.009448580141,-1.473643886,1.6493361,1.261154159,1.581800958,0.06310994595,0.1123820389,-0.6233514567,0.06084200171,-0.0979126047,0.05313229687,0.2179208266,0.1126547585,-0.1600722567,-0.06332856947,-0.09894715604,-2.220446049e-14,-0.08987743354,0.08672705021,0.1415502974,0.08106863171,-0.1350670264,0.008598131969,0.03738808592,0.008598131969,0.06606969329,0.1234889264,0.0508431072,0.002362204716,4.35100076e-08
9.91,-0.1658253606,-0.04574785039,-0.2069130744,0.03646144548,-0.06271472123,0.9980314944,0.002637792114,0.999996521,0,0,1.487235168,1.59262125,-1.454470692,1.772381563,0.2423549854,-0.1079189415,0.008815294446,-1.474633357,1.6493361,1.260255384,1.582668228,0.06452544893,0.1131927252,-0.624702127,0.06073902066,-0.09805277379,0.05303831212,0.2180097897,0.1126936813,-0.1602687483,-0.06339583709,-0.09900086993,2.220446049e-14,-0.08985408658,0.0867511555,0.1414060543,0.08108096047,-0.1352434878,0.00859515802,0.03737708673,0.00859515802,0.06725498987,0.1233872724,0.05025045923,0.002362204716,4.351000782e-08
9.92,-0.1678948585,-0.045383194,-0.2069849661,0.0364696558,-0.06271472123,0.9980314944,0.002637792114,0.999996521,0,0,1.487842558,1.591640723,-1.453940309,1.774561661,0.2434819222,-0.1095216289,0.008181336075,-1.475623366,1.6493361,1.259356844,1.58353574,0.06593950947,0.1140035348,-0.6260545619,0.06063488743,-0.09818878393,0.05294208506,0.2180912923,0.112727636,-0.1604588206,-0.06346027316,-0.09905194797,0,-0.08982682864,0.08677369786,0.1412547535,0.08108900681,-0.1354140583,0.008592229796,0.03736615385,0.008592229796,0.06844072497,0.1231126948,0.04965759202,0.002362204716,4.35100076e-08
9.93,-0.1699650291,-0.04501846079,-0.2070476032,0.03647680923,-0.06271472123,0.9980314944,0.002637792114,0.999996521,0,0,1.488448907,1.590658835,-1.453410888,1.776742574,0.2446091986,-0.1111262171,0.007546733344,-1.476613885,1.6493361,1.258458575,1.584403477,0.067352057,0.1148144249,-0.6274087025,0.06053268974,-0.09833078331,0.0528488322,0.217328537,0.1129435849,-0.1598269324,-0.06333505898,-0.09898054857,2.220446049e-14,-0.09015192739,0.08569763542,0.1410688046,0.08204206407,-0.1354557133,0.008589347689,0.03735528778,0.008589347689,0.06962684545,0.1226650508,0.04906453211,0.002362204716,4.35100076e-08
9.94,-0.1720357799,-0.04465366132,-0.2071010276,0.03648291051,-0.06271472123,0.9980314944,0.002637792114,0.999996521,0,0,1.489054234,1.589675527,-1.452882399,1.77891586,0.2457386345,-0.1127244865,0.006913382754,-1.477603691,1.6493361,1.257557056,1.585260453,0.06876274505,0.1156348455,-0.6287632596,0.06042688194,-0.09845862592,0.05274807349,0.217352479,0.1129781684,-0.1599627515,-0.06338211928,-0.09901876161,0,-0.09013959154,0.08565640353,0.1409050588,0.08209274148,-0.1356051313,0.008586511722,0.03734446261,0.008586511722,0.0708132984,0.1226377925,0.04787773697,0.002362204716,4.351000737e-08
9.95,-0.1741070191,-0.04428880607,-0.2071452834,0.0364879647,-0.06271472123,0.9980314944,0.002637792114,0.999996521,0,0,1.489658502,1.588690941,-1.452354919,1.781089384,0.2468684161,-0.114324114,0.006279561561,-1.478593878,1.6493361,1.25665566,1.586117017,0.07017179564,0.1164557729,-0.6301193109,0.05914731604,-0.09870413178,0.05358197806,0.2168403329,0.1130017015,-0.1601052629,-0.064804474,-0.09808234656,-2.220446049e-14,-0.09092390989,0.08580054605,0.1402934991,0.08361674524,-0.1347547233,0.008583722645,0.03733370373,0.008583722645,0.07200003116,0.1226377925,0.04649026817,0.002362204716,4.351000737e-08
9.96,-0.1761786552,-0.0439239055,-0.2071804172,0.03649197713,-0.06271472123,0.9980314944,0.002637792114,0.999996521,0,0,1.490249976,1.587703899,-1.451819099,1.783257788,0.2479984332,-0.1159251666,0.005631516821,-1.479574702,1.6493361,1.255746421,1.586975023,0.07157473063,0.1172919404,-0.6314668581,0.05873362072,-0.09885557422,0.05372086255,0.2167464901,0.1130194839,-0.1602674038,-0.06521282965,-0.09786789948,0,-0.09109468143,0.08584910561,0.1399979298,0.08400260463,-0.1346401335,0.008580951067,0.03732297093,0.008580951067,0.07291847277,0.123109238,0.04486375372,0.002362204716,4.35100076e-08
9.97,-0.1782505972,-0.04355896999,-0.2072064781,0.0364949534,-0.06271472123,0.9980314944,0.002637792114,0.999996521,0,0,1.490837312,1.586715344,-1.45128189,1.785425253,0.249128628,-0.1175278407,0.004979388524,-1.480553381,1.6493361,1.254835474,1.587833514,0.07297470993,0.1181319664,-0.6328132595,0.05862224006,-0.09897128991,0.05361518338,0.2167939187,0.1130316544,-0.1604314867,-0.06526446003,-0.09790412745,0,-0.09104922288,0.08586303226,0.1398096009,0.08398843774,-0.1347787764,0.008578219499,0.03731229688,0.008578219499,0.07392299745,0.1237028057,0.04335770603,0.002362204716,4.35100076e-08
9.98,-0.1803227547,-0.04319400987,-0.2072235178,0.0364968994,-0.06271472123,0.9980314944,0.002637792114,0.999996521,0,0,1.491423534,1.585725631,-1.450745738,1.787593192,0.2502589445,-0.1191321555,0.004326743924,-1.481532422,1.6493361,1.253924982,1.588692144,0.07437280594,0.1189718508,-0.6341610472,0.05850990007,-0.0990828765,0.05350737271,0.2168341454,0.1130390032,-0.1605892502,-0.06531323855,-0.09793782921,0,-0.09099996247,0.08587545932,0.1396146214,0.08397002504,-0.1349116571,0.008575536008,0.03730169302,0.008575536008,0.07510093567,0.1242964352,0.04202483764,0.002362204716,4.35100076e-08
9.99,-0.1823950376,-0.04282903541,-0.2072315903,0.03649782131,-0.06271472123,0.9980314944,0.002637792114,0.999996521,0,0,1.492008633,1.584734802,-1.450210665,1.789761533,0.2513893346,-0.120738048,0.003673611539,-1.4825118,1.6493361,1.253014982,1.589550899,0.07576895215,0.1198115511,-0.6355101638,0.05839826276,-0.09919100626,0.05339814488,0.2167819288,0.1130610731,-0.1606566553,-0.06533915176,-0.097957583,-2.220446049e-14,-0.09098387508,0.08577364608,0.139409753,0.08404559023,-0.1350248279,0.008572900935,0.03729115978,0.008572900935,0.07645227459,0.1248901006,0.04086523358,0.002362204716,4.35100076e-08
10,-0.1844673568,-0.04246405683,-0.207230752,0.03649772558,-0.06271472123,0.9980314944,0.002637792114,0.999996521,0,0,1.492592616,1.583742892,-1.449676683,1.791929352,0.2525199453,-0.1223446146,0.003020220021,-1.483491376,1.6493361,1.252105144,1.590408635,0.07716304968,0.120652007,-0.6368604121,0.05829931049,-0.09929997183,0.05329243368,0.2160285575,0.1132378378,-0.1600335862,-0.06519799871,-0.09788092611,4.440892099e-14,-0.09126711041,0.08474984554,0.1391730735,0.08491783062,-0.1350168069,0.008570314621,0.03728069485,0.008570314621,0.07793605955,0.1254837764,0.03990992272,0.002362204716,4.351000782e-08
10.01,-0.1865396232,-0.04209908427,-0.2072210621,0.03649661894,-0.06271472123,0.9980314944,0.002637792114,0.999996521,0,0,1.493175609,1.582749892,-1.449143759,1.794089638,0.2536523237,-0.1239449504,0.002368240034,-1.484470186,1.6493361,1.251192472,1.591256133,0.07855478041,0.1215011853,-0.6382105802,0.05818463719,-0.09939841199,0.05317840255,0.2160499437,0.1132315148,-0.1601747646,-0.06523656527,-0.09790588523,-2.220446049e-14,-0.09120992397,0.08475580646,0.1389616162,0.0848871282,-0.1351296287,0.008567777491,0.03727027665,0.008567777491,0.07912337911,0.126077437,0.03931626228,0.002362204716,4.351000737e-08
10.02,-0.1886117487,-0.0417341278,-0.2072025818,0.03649450842,-0.06271472123,0.9980314944,0.002637792114,0.999996521,0,0,1.493757455,1.581755908,-1.448611975,1.796250137,0.2547846388,-0.1255466981,0.001715874381,-1.485449244,1.6493361,1.250280373,1.592103691,0.07994439658,0.1223500566,-0.6395618765,0.05806909254,-0.09949277238,0.05306235744,0.2160643232,0.1132204905,-0.1603097291,-0.06527233584,-0.09792837112,0,-0.09114905463,0.0847603333,0.1387437968,0.0848522775,-0.1352367746,0.008565289795,0.03725993023,0.008565289795,0.08031061793,0.1266710573,0.0387226422,0.002362204716,4.35100076e-08
10.03,-0.1906836457,-0.04136919742,-0.2071753752,0.03649140132,-0.06271472123,0.9980314944,0.002637792114,0.999996521,0,0,1.494338146,1.58076098,-1.448081351,1.798410781,0.2559168437,-0.1271497954,0.001063151023,-1.486428528,1.6493361,1.249368883,1.592951295,0.08133183454,0.1231985793,-0.6409142442,0.05739473887,-0.09963999579,0.05339756477,0.2157973822,0.1132152464,-0.1604202983,-0.0659512712,-0.09748906635,0,-0.09146026454,0.08483076334,0.1383089567,0.0855166404,-0.1348725818,0.008562851835,0.03724965597,0.008562851835,0.08149772585,0.1272646122,0.03812908758,0.002362204716,4.35100076e-08
10.04,-0.1927552273,-0.04100430307,-0.2071395086,0.0364873052,-0.06271472123,0.9980314944,0.002637792114,0.999996521,0,0,1.494912094,1.57976458,-1.447547376,1.800568755,0.2570489962,-0.1287539984,0.000403638311,-1.487403419,1.6493361,1.24845428,1.593799602,0.08271492411,0.1240537457,-0.64226297,0.05633142718,-0.09982378884,0.05404659788,0.2153335188,0.1132141038,-0.1605147493,-0.0670775414,-0.09672844378,2.220446049e-14,-0.09202676639,0.08494704324,0.1377179563,0.08666347623,-0.1341799071,0.008560450059,0.03723943659,0.008560450059,0.08246437254,0.1276377952,0.03731534201,0.002362204716,4.35100076e-08
10.05,-0.1948264073,-0.04063945459,-0.207095051,0.03648222795,-0.06271472123,0.9980314944,0.002637792114,0.999996521,0,0,1.495475408,1.578766343,-1.44700691,1.80272209,0.2581811372,-0.1303591458,-0.000267137103,-1.488370703,1.6493361,1.247534012,1.594649073,0.08409210367,0.1249203805,-0.6436047691,0.05621210567,-0.09990762369,0.05392647209,0.2153277576,0.1131913501,-0.1606351367,-0.06710763121,-0.09674347723,-4.440892099e-14,-0.09195234525,0.08494810938,0.1374761233,0.08661408764,-0.1342706845,0.008558075208,0.03722926097,0.008558075208,0.08305772283,0.1276377952,0.03612864386,0.002362204716,4.351000737e-08
10.06,-0.1968971,-0.04027466175,-0.2070420735,0.0364761777,-0.06271472123,0.9980314944,0.002637792114,0.999996521,0,0,1.496037529,1.577767266,-1.446467645,1.804875367,0.2593130507,-0.1319654972,-0.0009382134151,-1.489338138,1.6493361,1.246614489,1.595498554,0.08546686491,0.1257865214,-0.6449474759,0.05609919469,-0.09998864412,0.05380741175,0.2151053842,0.1132132136,-0.1605405178,-0.0670829337,-0.09672943735,4.440892099e-14,-0.09196659506,0.08466750387,0.1372191565,0.08680602097,-0.134317597,0.008555751048,0.03721915968,0.008555751048,0.08365093354,0.1276377952,0.03494222488,0.002362204716,4.351000782e-08
10.07,-0.1989672206,-0.03990993425,-0.20698065,0.03646916289,-0.06271472123,0.9980314944,0.002637792114,0.999996521,0,0,1.496598521,1.57676738,-1.445929571,1.807026421,0.2604451829,-0.1335709024,-0.001609042752,-1.490305432,1.6493361,1.245694823,1.596345229,0.08683905647,0.1266545816,-0.6462906519,0.05599993615,-0.1000673606,0.05369260197,0.214447932,0.113331626,-0.160013254,-0.06694790205,-0.09665755502,-2.220446049e-14,-0.09216810005,0.08381027973,0.1369393354,0.08749682362,-0.1342786561,0.008553477961,0.03720912645,0.008553477961,0.08431602877,0.1276377952,0.03375613366,0.002362204716,4.351000737e-08
10.08,-0.2010366851,-0.03954528168,-0.2069108567,0.03646119221,-0.06271472123,0.9980314944,0.002637792114,0.999996521,0,0,1.49715852,1.575766706,-1.445392645,1.8091709,0.2615784991,-0.1351710349,-0.002278521773,-1.491272008,1.6493361,1.244773142,1.597183332,0.08820844983,0.1275295498,-0.6476334385,0.05587810719,-0.1001379705,0.0535667483,0.2144246842,0.1132957918,-0.1601178944,-0.06696799863,-0.09666434715,0,-0.09208585993,0.08380578949,0.136682495,0.08743531441,-0.134350141,0.008551256455,0.03719914812,0.008551256455,0.0853084259,0.1276377952,0.03257041839,0.002362204716,4.35100076e-08
10.09,-0.2031054101,-0.03918071356,-0.2068327725,0.03645227466,-0.06271472123,0.9980314944,0.002637792114,0.999996521,0,0,1.497717301,1.574765327,-1.444856977,1.811315147,0.262711457,-0.1367722139,-0.002948201759,-1.492238651,1.6493361,1.243852283,1.59802139,0.08957527478,0.128403903,-0.6489769399,0.05575562656,-0.1002046304,0.05343905172,0.2143948533,0.1132555186,-0.1602165546,-0.06698535487,-0.09666883564,0,-0.09200014914,0.08379996329,0.1364198798,0.08736982098,-0.1344162197,0.008549086463,0.03718924507,0.008549086463,0.08647338364,0.1276377952,0.0313851268,0.002362204716,4.35100076e-08
10.1,-0.2051733131,-0.03881623931,-0.2067464784,0.03644241952,-0.06271472123,0.9980314944,0.002637792114,0.999996521,0,0,1.498274858,1.57376328,-1.444322587,1.813459096,0.2638440122,-0.1383743794,-0.003618055308,-1.49320534,1.6493361,1.242932282,1.598859389,0.09093947358,0.1292776012,-0.6503211021,0.05563251681,-0.1002673652,0.05330954576,0.2143585001,0.1132108503,-0.1603092725,-0.06699999196,-0.09667103973,0,-0.09191100943,0.08379281344,0.1361515759,0.08730038672,-0.1344769295,0.008546968226,0.03717941758,0.008546968226,0.0878107002,0.1276377952,0.03020030616,0.002362204716,4.35100076e-08
10.11,-0.2072403126,-0.03845186827,-0.2066520581,0.03643163634,-0.06271472123,0.9980314944,0.002637792114,0.999996521,0,0,1.498831183,1.572760607,-1.443789491,1.815602681,0.2649761207,-0.1399774721,-0.004288055227,-1.49417205,1.6493361,1.242013172,1.599697317,0.09230098933,0.1301506051,-0.6516658714,0.05550880055,-0.1003262009,0.05317826437,0.2143156874,0.1131618319,-0.160396088,-0.06701193199,-0.09667097936,0,-0.09181848353,0.08378435267,0.1358776708,0.08722705616,-0.1345323097,0.008544901976,0.0371696659,0.008544901976,0.08932015166,0.1276377952,0.02901600326,0.002362204716,4.35100076e-08
10.12,-0.2093063275,-0.03808760965,-0.2065495978,0.03641993494,-0.06271472123,0.9980314944,0.002637792114,0.999996521,0,0,1.499386271,1.571757345,-1.443257709,1.817745838,0.2661077391,-0.141581433,-0.004958174547,-1.49513876,1.6493361,1.241094987,1.600535161,0.09365976604,0.1310228756,-0.6530111945,0.05395333549,-0.1005257063,0.05422285141,0.2135604982,0.1131573083,-0.1604229679,-0.06866319603,-0.09551038447,0,-0.09265072333,0.08396434781,0.1350585684,0.08888926296,-0.133423097,0.008542887937,0.03715999029,0.008542887937,0.0910014923,0.1276377952,0.02783226443,0.002362204716,4.35100076e-08
10.13,-0.211371278,-0.03772347259,-0.2064391861,0.03640732546,-0.06271472123,0.9980314944,0.002637792114,0.999996521,0,0,1.499925804,1.570752088,-1.44271548,1.819881443,0.2672393121,-0.1431856627,-0.005644806507,-1.496093864,1.6493361,1.24016848,1.601374804,0.09501035173,0.1319117682,-0.6543454254,0.05374583474,-0.100590098,0.05417586658,0.2131361812,0.1131830728,-0.1601746933,-0.0687012838,-0.09538891547,-2.220446049e-14,-0.0927592365,0.08353408612,0.1347173969,0.08930727913,-0.1333251447,0.008540891634,0.03715035194,0.008540891634,0.09240000204,0.1276377952,0.02664913526,0.002362204716,4.35100076e-08
10.14,-0.213435085,-0.03735946613,-0.2063209139,0.03639381829,-0.06271472123,0.9980314944,0.002637792114,0.999996521,0,0,1.500463262,1.569746187,-1.442173722,1.822012805,0.2683711429,-0.1447874096,-0.006331819345,-1.497047753,1.6493361,1.239240887,1.602210145,0.0963575257,0.132804841,-0.6556786769,0.05364567691,-0.1006404482,0.05404876302,0.2125667152,0.1132474095,-0.159735516,-0.06857292347,-0.09532235571,0,-0.09288791185,0.08283294977,0.1344009991,0.08982644638,-0.1332617503,0.008538945985,0.03714077828,0.008538945985,0.09345306003,0.1276377952,0.02546666126,0.002362204716,4.351000782e-08
10.15,-0.2154976704,-0.03699559919,-0.2061948749,0.03637942412,-0.06271472123,0.9980314944,0.002637792114,0.999996521,0,0,1.500999719,1.568739782,-1.441633234,1.824138472,0.269503617,-0.1463847648,-0.00701754858,-1.498000976,1.6493361,1.238312008,1.603038475,0.09770153569,0.1337031055,-0.6570112944,0.05351865817,-0.1006842858,0.05391156665,0.2125020045,0.1131841177,-0.1598058346,-0.068574836,-0.09531263159,2.220446049e-14,-0.09278151025,0.08281848086,0.134103362,0.08973466095,-0.1332944246,0.008537053791,0.03713126629,0.008537053791,0.09432976052,0.1276377952,0.02428488721,0.002362204716,4.351000782e-08
10.16,-0.2175589569,-0.03663188057,-0.206061165,0.0363641539,-0.06271472123,0.9980314944,0.002637792114,0.999996521,0,0,1.501534906,1.567732939,-1.441094118,1.826263492,0.2706354581,-0.1479828231,-0.00770329694,-1.498954103,1.6493361,1.237384193,1.60386666,0.09904256931,0.1346004521,-0.6583442386,0.05339120479,-0.1007243688,0.05377272051,0.2124312225,0.1131167102,-0.1598704923,-0.06857411304,-0.09530080449,-2.220446049e-14,-0.09267190471,0.08280279215,0.1338006086,0.08963912981,-0.1333220466,0.008535214767,0.03712183249,0.008535214767,0.0953778254,0.1276377952,0.02310385732,0.002362204716,4.35100076e-08
10.17,-0.2196188685,-0.03626831899,-0.2059198828,0.03634801888,-0.06271472123,0.9980314944,0.002637792114,0.999996521,0,0,1.502068818,1.566725696,-1.440556391,1.828387804,0.2717666252,-0.1495815281,-0.00838903807,-1.499907111,1.6493361,1.236457474,1.604694688,0.1003805754,0.1354968434,-0.6596774591,0.05326333884,-0.1007607316,0.05363226113,0.2123544435,0.1130452398,-0.1599295405,-0.06857078262,-0.09528689834,2.220446049e-14,-0.09255914424,0.08278589872,0.1334928348,0.08953990577,-0.1333446661,0.008533429092,0.03711247705,0.008533429092,0.09659694444,0.1276377952,0.02192361528,0.002362204716,4.351000782e-08
10.18,-0.2216773297,-0.03590492304,-0.2057711291,0.03633103058,-0.06271472123,0.9980314944,0.002637792114,0.999996521,0,0,1.502601451,1.565718088,-1.440020068,1.830511348,0.2728970776,-0.1511808235,-0.009074745897,-1.50085998,1.6493361,1.235531883,1.605522547,0.1017155037,0.1363922425,-0.6610109058,0.05313508235,-0.1007934098,0.05349022538,0.2122717436,0.1129697609,-0.1599830323,-0.06856487375,-0.0952709378,0,-0.09244327881,0.08276781609,0.1331801377,0.08943704282,-0.1333623347,0.008531696937,0.03710320015,0.008531696937,0.09798678721,0.1276377952,0.02074420417,0.002362204716,4.35100076e-08
10.19,-0.2237342665,-0.03554170118,-0.2056150073,0.03631320083,-0.06271472123,0.9980314944,0.002637792114,0.999996521,0,0,1.503132802,1.564710154,-1.439485166,1.832634066,0.2740267752,-0.1527806538,-0.009760394634,-1.501812689,1.6493361,1.23460745,1.606350225,0.1030473051,0.1372866129,-0.6623445291,0.05300645727,-0.1008224406,0.05334665051,0.2121832008,0.1128903289,-0.1600310233,-0.06855641634,-0.09525294823,-2.220446049e-14,-0.09232435933,0.08274856013,0.1328626156,0.08933059615,-0.133375106,0.008530018461,0.03709400193,0.008530018461,0.09954700355,0.1276377952,0.01956566653,0.002362204716,4.35100076e-08
10.2,-0.2257896056,-0.03517866178,-0.2054516233,0.03629454171,-0.06271472123,0.9980314944,0.002637792114,0.999996521,0,0,1.503662867,1.56370193,-1.4389517,1.834755898,0.2751556785,-0.154380964,-0.0104459588,-1.502765219,1.6493361,1.233684206,1.60717771,0.1043759313,0.1381799189,-0.6636782802,0.05369602481,-0.08979092632,0.04354478248,0.2113219731,0.1230777147,-0.155988823,-0.08177995865,-0.09461757402,4.440892099e-14,-0.09284402072,0.08226676266,0.1322505257,0.09056271934,-0.1327271525,0.008528393818,0.03708488254,0.008528393818,0.1012772239,0.1276377952,0.01838804424,0.002362204716,4.351000782e-08
10.21,-0.2278432751,-0.03481581307,-0.2052810855,0.03627506558,-0.06271472123,0.9980314944,0.002637792114,0.999996521,0,0,1.504199827,1.56280402,-1.438516252,1.836869118,0.2763864557,-0.1559408523,-0.01126375838,-1.503711394,1.6493361,1.232755766,1.608000378,0.1056984365,0.139085546,-0.6650055517,0.05451697219,-0.07697107223,0.0322174642,0.2104133448,0.1348703481,-0.1513651174,-0.09716063078,-0.09388919622,0,-0.09342651482,0.08181705214,0.1315899939,0.09190856747,-0.1319854793,0.008527132098,0.03707581207,0.008527132098,0.1025163635,0.1276377952,0.01748364107,0.002362204716,4.351000737e-08
10.22,-0.2298952039,-0.03445316315,-0.2051035047,0.03625478511,-0.06271472123,0.9980314944,0.002637792114,0.999996521,0,0,1.504744997,1.56203431,-1.438194077,1.838973251,0.2777351592,-0.1574545034,-0.01223536469,-1.504650286,1.6493361,1.231821501,1.608818548,0.1070143365,0.1400046317,-0.6663254065,0.05439517211,-0.07697555089,0.03210698357,0.2103113369,0.1347528134,-0.151395582,-0.09716417361,-0.09386438733,-2.220446049e-14,-0.0932980823,0.08179400158,0.1312569033,0.09178766838,-0.1319828445,0.008526265711,0.03706678922,0.008526265711,0.103104197,0.1276377952,0.01689580715,0.002362204716,4.351000737e-08
10.23,-0.2319453221,-0.03409072001,-0.204918994,0.03623371323,-0.06271472123,0.9980314944,0.002637792114,0.999996521,0,0,1.505288948,1.561264554,-1.437873007,1.841076364,0.2790826873,-0.1589684593,-0.01320700643,-1.50558893,1.6493361,1.23088852,1.609636488,0.1083269055,0.1409225084,-0.6676452349,0.05427301102,-0.07697742351,0.03199577141,0.2102038569,0.1346308379,-0.1514210916,-0.09716423507,-0.09383770603,0,-0.09316676721,0.08176986383,0.1309194193,0.09166333986,-0.1319755946,0.008525430025,0.0370578468,0.008525430025,0.1036915118,0.1276377952,0.01630849192,0.002362204716,4.35100076e-08
10.24,-0.233993561,-0.03372849148,-0.2047276694,0.03621186316,-0.06271472123,0.9980314944,0.002637792114,0.999996521,0,0,1.505831678,1.56049478,-1.43755305,1.843178403,0.2804289957,-0.1604826702,-0.01417864878,-1.506527307,1.6493361,1.229956852,1.610454187,0.1096360997,0.1418391418,-0.6689649909,0.05415051044,-0.07697672444,0.03188385268,0.2100909921,0.1345044973,-0.1514417085,-0.09716086135,-0.0938091808,0,-0.09303262582,0.08174465664,0.1305776467,0.09153564447,-0.1319637917,0.008524625106,0.03704898489,0.008524625106,0.1042782882,0.1276377952,0.01572171505,0.002362204716,4.35100076e-08
10.25,-0.2360398532,-0.03336648529,-0.2045296488,0.0361892484,-0.06271472123,0.9980314944,0.002637792114,0.999996521,0,0,1.506373184,1.559725013,-1.437234211,1.845279313,0.2817740406,-0.1619970873,-0.01515025739,-1.507465399,1.6493361,1.229026526,1.611271634,0.1109418762,0.1427544982,-0.6702846288,0.05402769188,-0.07697348905,0.03177125245,0.209972832,0.1343738689,-0.1514574969,-0.09715410006,-0.09377884088,2.220446049e-14,-0.09289571534,0.08171839813,0.1302316913,0.09140464595,-0.1319475001,0.008523851017,0.03704020358,0.008523851017,0.1048645069,0.1276377952,0.01513549592,0.002362204716,4.35100076e-08
10.26,-0.2380841321,-0.03300470902,-0.2043250532,0.03616588272,-0.06271472123,0.9980314944,0.002637792114,0.999996521,0,0,1.50691346,1.558955278,-1.436916499,1.847379041,0.2831177793,-0.1635116622,-0.01612179839,-1.508403188,1.6493361,1.228097569,1.612088818,0.1122441931,0.1436685447,-0.6716041038,0.05390457674,-0.0769677538,0.0316579959,0.209849468,0.1342390316,-0.1514685232,-0.09714400021,-0.0937467162,-4.440892099e-14,-0.09275609392,0.08169110684,0.1298816599,0.09127040923,-0.1319267857,0.008523107814,0.03703150292,0.008523107814,0.1054501489,0.1276377952,0.01454985351,0.002362204716,4.351000737e-08
10.27,-0.2401263327,-0.0326431701,-0.2041140055,0.03614178021,-0.06271472123,0.9980314944,0.002637792114,0.999996521,0,0,1.507452506,1.5581856,-1.436599919,1.849477536,0.2844601697,-0.1650263475,-0.01709323839,-1.509340655,1.6493361,1.227170008,1.612905729,0.1135430097,0.1445812488,-0.6729233716,0.05382071007,-0.07695877591,0.03155658946,0.2092408593,0.1342219847,-0.1509798352,-0.09699117474,-0.09366616295,2.220446049e-14,-0.09284381291,0.08100181956,0.1295020816,0.09172247544,-0.1317872397,0.00852239555,0.03702288296,0.00852239555,0.1060351954,0.1276377952,0.0139648065,0.002362204716,4.351000782e-08
10.28,-0.2421663911,-0.03228187582,-0.2038966315,0.03611695519,-0.06271472123,0.9980314944,0.002637792114,0.999996521,0,0,1.507990713,1.557416013,-1.436284353,1.851569944,0.2858023895,-0.1665361458,-0.01806315014,-1.510277316,1.6493361,1.22624157,1.613715747,0.1148380305,0.1454984736,-0.674241244,0.05372296229,-0.07694699838,0.03145027401,0.208794391,0.1341589361,-0.1506589732,-0.09688173538,-0.09359965715,-2.220446049e-14,-0.09285189946,0.08053814451,0.1291293184,0.09196819484,-0.1316804599,0.008521715122,0.03701432843,0.008521715122,0.1066196283,0.1276377952,0.01299860963,0.002362204716,4.35100076e-08
10.29,-0.2442042447,-0.03192083335,-0.2036730591,0.03609142229,-0.06271472123,0.9980314944,0.002637792114,0.999996521,0,0,1.508527943,1.556646543,-1.43596985,1.853657888,0.2871439789,-0.1680427355,-0.0190319675,-1.511213313,1.6493361,1.225313051,1.614521128,0.1161293237,0.1464181555,-0.6755580486,0.06064096445,-0.01492700134,-0.02376403253,0.2079339428,0.1906167948,-0.128774023,-0.1682420466,-0.09241850053,2.220446049e-14,-0.09358540316,0.08073048475,0.1282231874,0.0934768462,-0.1305274281,0.008521066294,0.03700584469,0.008521066294,0.1072034295,0.1276377952,0.0116476597,0.002362204716,4.351000782e-08
10.3,-0.2462398321,-0.03156004969,-0.2034434189,0.03606519643,-0.06271472123,0.9980314944,0.002637792114,0.999996521,0,0,1.509134353,1.556497273,-1.43620749,1.855737228,0.2890501468,-0.1693304758,-0.02071438796,-1.512137498,1.6493361,1.224377197,1.615328433,0.1174115555,0.147352924,-0.6768633229,0.06106237338,-0.01024824842,-0.02789490554,0.2077406464,0.194615932,-0.1271176059,-0.1735970137,-0.09229372835,0,-0.09350089164,0.08071570952,0.1278159651,0.09344965275,-0.1304062662,0.00852200289,0.03699741331,0.00852200289,0.1072440967,0.1276377952,0.01087600411,0.002362204716,4.35100076e-08
10.31,-0.2482730933,-0.03119953168,-0.203207844,0.0360382928,-0.06271472123,0.9980314944,0.002637792114,0.999996521,0,0,1.509744976,1.55639479,-1.436486439,1.857814634,0.2909963061,-0.1706016518,-0.0224503581,-1.513060435,1.6493361,1.223442188,1.61613559,0.1186897152,0.1482874205,-0.6781673856,0.06095635036,-0.0102143806,-0.02789253215,0.2075970115,0.1943653702,-0.127096801,-0.1735994581,-0.09225305477,0,-0.09334802111,0.08068329427,0.1274460934,0.09329552401,-0.130364849,0.008523056302,0.03698906175,0.008523056302,0.1072440967,0.1276377952,0.01015496825,0.002362204716,4.35100076e-08
10.32,-0.2503039696,-0.03083928604,-0.2029664698,0.03601072686,-0.06271472123,0.9980314944,0.002637792114,0.999996521,0,0,1.51035454,1.556292646,-1.436765365,1.859890604,0.2929399598,-0.1718726198,-0.02418635268,-1.513982966,1.6493361,1.222508708,1.616942423,0.1199641761,0.1492203757,-0.6794710341,0.06084986244,-0.01018041119,-0.02788914132,0.2074487922,0.1941094622,-0.127072464,-0.1735963807,-0.09221083192,0,-0.09319277223,0.08064998141,0.1270728349,0.09313850918,-0.1303194852,0.008524108951,0.03698079218,0.008524108951,0.1072440967,0.1276377952,0.009434477117,0.002362204716,4.35100076e-08
10.33,-0.2523324038,-0.0304793193,-0.2027194342,0.03598251438,-0.06271472123,0.9980314944,0.002637792114,0.999996521,0,0,1.510963038,1.556190842,-1.437044256,1.861965092,0.2948810545,-0.1731433445,-0.02592231649,-1.514905074,1.6493361,1.22157678,1.617748923,0.1212349045,0.1501517608,-0.6807742289,0.06074293323,-0.01014634688,-0.02788475207,0.2072960932,0.1938483418,-0.1270446625,-0.1735878826,-0.09216709405,0,-0.09303521045,0.08061579206,0.1266963044,0.0929786832,-0.1302702531,0.008525160823,0.03697260457,0.008525160823,0.1072440967,0.1276377952,0.00871454379,0.002362204716,4.35100076e-08
10.34,-0.2543583399,-0.03011963785,-0.2024668778,0.03595367139,-0.06271472123,0.9980314944,0.002637792114,0.999996521,0,0,1.511570468,1.556089379,-1.437323104,1.864038053,0.2968195379,-0.1744137911,-0.02765819531,-1.515826745,1.6493361,1.220646428,1.618555081,0.1225018675,0.1510815477,-0.6820769315,0.06068817485,-0.01011254922,-0.02786416712,0.2066220061,0.1937148976,-0.126472616,-0.1734141943,-0.09207650191,0,-0.09312706925,0.07985814963,0.1262863615,0.09346241997,-0.1300822741,0.008526211905,0.0369644989,0.008526211905,0.1072440967,0.1276377952,0.007995181045,0.002362204716,4.35100076e-08
10.35,-0.2563817234,-0.02976024792,-0.2022089433,0.0359242142,-0.06271472123,0.9980314944,0.002637792114,0.999996521,0,0,1.51217735,1.555988253,-1.437601745,1.866104273,0.2987566868,-0.1756785173,-0.02939233726,-1.51674751,1.6493361,1.219715157,1.619353663,0.1237647311,0.1520161719,-0.6833777542,0.06060661085,-0.01007816116,-0.02785059635,0.2062046399,0.1935091813,-0.1261705741,-0.1733135595,-0.09200692323,0,-0.09309233654,0.07946159601,0.1258902697,0.09361882323,-0.1299552296,0.008511716844,0.03695645879,0.008511716844,0.1072440967,0.1276377952,0.00775590539,0.002362204716,4.35100076e-08
10.36,-0.2584025013,-0.02940115556,-0.2019457761,0.03589415942,-0.06271472123,0.9980314944,0.002637792114,0.999996521,0,0,1.512783416,1.555887472,-1.437880251,1.86816632,0.3006917787,-0.176940223,-0.03112547285,-1.517667579,1.6493361,1.218784234,1.620148278,0.1250236338,0.1529523601,-0.6846773065,0.06049843348,-0.01004345626,-0.0278437458,0.2060413861,0.1932322904,-0.1261355153,-0.1732872073,-0.09195851479,0,-0.09293029221,0.0794246359,0.1255066882,0.09345010835,-0.1298912961,0.008485502906,0.03694849248,0.008485502906,0.1072440967,0.1276377952,0.00775590539,0.002362204716,4.35100076e-08
10.37,-0.260420622,-0.02904236667,-0.2016775241,0.03586352392,-0.06271472123,0.9980314944,0.002637792114,0.999996521,0,0,1.5133884,1.555787037,-1.438158689,1.870226734,0.3026241016,-0.1782015782,-0.03285834493,-1.518587164,1.6493361,1.217854931,1.620942525,0.1262787007,0.1538868612,-0.6859762195,0.05991615109,-0.009925713202,-0.02731222153,0.2056254359,0.1933289168,-0.1252238689,-0.1738122638,-0.09152328365,0,-0.09305592887,0.0794675693,0.1249342643,0.09382603094,-0.1294526105,0.008459405068,0.03694060805,0.008459405068,0.1072440967,0.1276377952,0.00775590539,0.002362204716,4.35100076e-08
10.38,-0.2624360354,-0.02868388696,-0.2014043375,0.03583232488,-0.06271472123,0.9980314944,0.002637792114,0.999996521,0,0,1.513987561,1.55568778,-1.438431811,1.872282988,0.3045573907,-0.1794538168,-0.03459646756,-1.519502397,1.6493361,1.216924372,1.621737201,0.1275280434,0.1548251215,-0.6872707456,0.05878127437,-0.0097130615,-0.02616943743,0.204917165,0.19386367,-0.123294893,-0.1749810907,-0.09063808712,2.220446049e-14,-0.0935154456,0.07960373655,0.1241403429,0.09483402173,-0.1285804567,0.008433601743,0.03693279738,0.008433601743,0.1072440967,0.1276377952,0.00775590539,0.002362204716,4.35100076e-08
10.39,-0.2644486928,-0.02832572199,-0.2011263691,0.03580057973,-0.06271472123,0.9980314944,0.002637792114,0.999996521,0,0,1.514575374,1.555590649,-1.438693505,1.87433216,0.3064960274,-0.1806867658,-0.03634627847,-1.520408778,1.6493361,1.215989217,1.622533238,0.1287694468,0.1557734617,-0.6885565501,0.05867146183,-0.009680898795,-0.02615945315,0.2047440365,0.1935764985,-0.1232552856,-0.1749409967,-0.0905862055,-2.220446049e-14,-0.09334499064,0.07956458155,0.1237454902,0.09465373229,-0.1285098292,0.008408294764,0.03692505167,0.008408294764,0.1072440967,0.1276377952,0.00775590539,0.002362204716,4.351000737e-08
10.4,-0.2664585473,-0.02796787713,-0.2008437741,0.03576830621,-0.06271472123,0.9980314944,0.002637792114,0.999996521,0,0,1.515162089,1.55549384,-1.4389551,1.8763796,0.3084317924,-0.1819193186,-0.03809568844,-1.52131464,1.6493361,1.215055767,1.623328884,0.1300069017,0.156719999,-0.6898416484,0.05856141708,-0.009648686848,-0.0261486638,0.204567239,0.1932850703,-0.1232128012,-0.1748962282,-0.09053310243,0,-0.09317267645,0.0795247215,0.1233482198,0.09447114318,-0.1284359715,0.008383094857,0.03691738861,0.008383094857,0.1072440967,0.1276377952,0.00775590539,0.002362204716,4.35100076e-08
10.41,-0.2684655534,-0.02761035757,-0.2005567101,0.03573552232,-0.06271472123,0.9980314944,0.002637792114,0.999996521,0,0,1.515747703,1.555397353,-1.439216587,1.878425272,0.3103646431,-0.1831514466,-0.03984465072,-1.522219971,1.6493361,1.214124041,1.624124131,0.1312403839,0.1576647105,-0.6911260081,0.05851237399,-0.009617608911,-0.02612061352,0.2038631186,0.1931243105,-0.1226137265,-0.1746753867,-0.09043763007,0,-0.09325925987,0.07874504892,0.122916449,0.09494986806,-0.1282124724,0.008358002,0.03690980809,0.008358002,0.1072440967,0.1276377952,0.00775590539,0.002362204716,4.35100076e-08
10.42,-0.2704696672,-0.02725316832,-0.2002653375,0.03570224636,-0.06271472123,0.9980314944,0.002637792114,0.999996521,0,0,1.516332827,1.555301177,-1.439477793,1.880463903,0.3122958862,-0.1843775839,-0.04159140459,-1.523124347,1.6493361,1.213191448,1.624911581,0.1324695484,0.1586142091,-0.6924081329,0.05842855782,-0.009585841901,-0.02610093556,0.2034471988,0.1928842424,-0.1223206957,-0.1745432315,-0.09036318318,0,-0.09320129605,0.07837307137,0.1225023174,0.09505853469,-0.1280644918,0.00833301158,0.03690229358,0.00833301158,0.1072440967,0.1276377952,0.00775590539,0.002362204716,4.35100076e-08
10.43,-0.2724708463,-0.02689631422,-0.1999698187,0.03566849689,-0.06271472123,0.9980314944,0.002637792114,0.999996521,0,0,1.516917112,1.555205319,-1.439738802,1.882498375,0.3142247286,-0.1856007909,-0.0433368369,-1.524027979,1.6493361,1.212259435,1.625695312,0.1336945716,0.1595647945,-0.6936887778,0.05831709221,-0.00955351817,-0.0260878873,0.203262399,0.1925800054,-0.1222729638,-0.1744831245,-0.09030593127,0,-0.09302543647,0.07833070278,0.1221008899,0.09486846171,-0.1279785975,0.008308125947,0.03689485416,0.008308125947,0.1072440967,0.1276377952,0.00775590539,0.002362204716,4.35100076e-08
10.44,-0.2744690503,-0.0265397999,-0.1996703189,0.03563429277,-0.06271472123,0.9980314944,0.002637792114,0.999996521,0,0,1.517500283,1.555109784,-1.439999681,1.884530999,0.3161505287,-0.1868235205,-0.04508166815,-1.524931039,1.6493361,1.211329181,1.626478619,0.1349155805,0.1605134791,-0.6949685638,0.05820548826,-0.009521170176,-0.02607412499,0.2030744259,0.1922721365,-0.1222226837,-0.1744188703,-0.09024762183,-2.220446049e-14,-0.09284800608,0.07828774645,0.1216975341,0.09467643051,-0.1278898702,0.008283347051,0.03688749704,0.008283347051,0.1072440967,0.1276377952,0.00775590539,0.002362204716,4.35100076e-08
10.45,-0.27646424,-0.02618362981,-0.1993670056,0.03559965313,-0.06271472123,0.9980314944,0.002637792114,0.999996521,0,0,1.518082338,1.555014572,-1.440260422,1.886561744,0.3180732501,-0.1880457473,-0.04682585685,-1.525833515,1.6493361,1.210400701,1.627261497,0.1361325558,0.1614602434,-0.6962474625,0.05809376908,-0.009488804135,-0.02605967252,0.2028834071,0.1919607973,-0.1221699407,-0.1743506051,-0.09018829668,4.440892099e-14,-0.0926690824,0.07824422742,0.1212923768,0.09448253279,-0.1277984103,0.008258674803,0.03688022207,0.008258674803,0.1072440967,0.1276377952,0.00775590539,0.002362204716,4.351000782e-08
10.46,-0.2784563782,-0.02582780822,-0.1990600489,0.0355645974,-0.06271472123,0.9980314944,0.002637792114,0.999996521,0,0,1.518663276,1.554919684,-1.440521019,1.888590578,0.319992858,-0.1892674468,-0.0485693629,-1.526735398,1.6493361,1.20947401,1.628043939,0.1373454796,0.1624050687,-0.6975254466,0.0570926903,-0.00930073108,-0.02505117346,0.2022110015,0.1923611044,-0.1204499862,-0.1753152691,-0.08940316883,-2.220446049e-14,-0.09302128552,0.07836410227,0.1205312412,0.09529574706,-0.1270178987,0.008234109099,0.03687302908,0.008234109099,0.1072440967,0.1276377952,0.00775590539,0.002362204716,4.351000737e-08
10.47,-0.2804454294,-0.02547233919,-0.1987496212,0.03552914528,-0.06271472123,0.9980314944,0.002637792114,0.999996521,0,0,1.519234203,1.554826677,-1.440771531,1.890612688,0.3219164691,-0.1904719466,-0.05032251559,-1.527629429,1.6493361,1.208543797,1.62882758,0.138550792,0.1633580262,-0.6987956255,0.05638713747,-0.009166634119,-0.02437218052,0.2016966351,0.1925226618,-0.1192858381,-0.1759317873,-0.08885949754,0,-0.09319260854,0.07842981,0.1198837419,0.09576801142,-0.1264657757,0.008209981796,0.03686590591,0.008209981796,0.1072440967,0.1276377952,0.00775590539,0.002362204716,4.35100076e-08
10.48,-0.2824313597,-0.02511722657,-0.1984358976,0.03549331674,-0.06271472123,0.9980314944,0.002637792114,0.999996521,0,0,1.519798074,1.55473501,-1.441015252,1.892629654,0.3238416957,-0.191664805,-0.05208183347,-1.528518024,1.6493361,1.207611871,1.629611878,0.1397496294,0.1643157063,-0.7000602833,0.05634329179,-0.009136968042,-0.02433757146,0.2010037577,0.1923326881,-0.1187013364,-0.175681232,-0.08876586224,0,-0.09325712122,0.07768049862,0.1194365722,0.09620122757,-0.1262189527,0.008186175121,0.03685885717,0.008186175121,0.1072440967,0.1276377952,0.00775590539,0.002362204716,4.35100076e-08
10.49,-0.284414137,-0.02476247404,-0.1981190554,0.03545713205,-0.06271472123,0.9980314944,0.002637792114,0.999996521,0,0,1.520361507,1.554643641,-1.441258628,1.894639692,0.3257650226,-0.1928518184,-0.05383864579,-1.529405683,1.6493361,1.2066793,1.630388683,0.1409439951,0.1652777186,-0.7013224728,0.05626405897,-0.009107303454,-0.024311766,0.2005617108,0.1920743112,-0.1183859112,-0.1755126286,-0.0886869157,0,-0.09319549735,0.07728712036,0.1190078232,0.09630936314,-0.1260445917,0.008162464372,0.03685187555,0.008162464372,0.1072440967,0.1276377952,0.00775590539,0.002362204716,4.35100076e-08
10.5,-0.286393731,-0.02440808505,-0.1977992746,0.03542061176,-0.06271472123,0.9980314944,0.002637792114,0.999996521,0,0,1.520924148,1.554552568,-1.441501746,1.896645309,0.3276857657,-0.1940356775,-0.05559377207,-1.530292552,1.6493361,1.205747345,1.631161554,0.1421340733,0.1662408122,-0.7025829187,0.05615096595,-0.009077646143,-0.02429427391,0.2003621784,0.1917500065,-0.1183305075,-0.1754251228,-0.08862325701,0,-0.09300963187,0.07724105623,0.1185951979,0.09610184828,-0.1259421692,0.008138849961,0.03684496875,0.008138849961,0.1072440967,0.1276377952,0.00775590539,0.002362204716,4.35100076e-08
10.51,-0.2883701133,-0.02405406285,-0.1974767375,0.03538377668,-0.06271472123,0.9980314944,0.002637792114,0.999996521,0,0,1.521485657,1.554461791,-1.441744689,1.898648931,0.3296032658,-0.1952189825,-0.0573480233,-1.531178785,1.6493361,1.204817248,1.631933965,0.1433200253,0.1672018307,-0.7038423404,0.05603792866,-0.009048001881,-0.02427627878,0.2001604163,0.1914232167,-0.118273223,-0.175334458,-0.08855887247,2.220446049e-14,-0.09282273807,0.07719459589,0.1181815644,0.09589301954,-0.1258376795,0.008115332333,0.03683814412,0.008115332333,0.1072440967,0.1276377952,0.00775590539,0.002362204716,4.35100076e-08
10.52,-0.2903432572,-0.0237004105,-0.197151629,0.03534664794,-0.06271472123,0.9980314944,0.002637792114,0.999996521,0,0,1.522046037,1.554371311,-1.441987451,1.900650535,0.3315174979,-0.1964017148,-0.05910136788,-1.532064374,1.6493361,1.203889021,1.632705911,0.144501841,0.1681607609,-0.7051007172,0.05592496877,-0.009018376422,-0.02425780652,0.1999565655,0.1910941206,-0.1182141525,-0.1752407922,-0.08849380769,0,-0.09263490098,0.07714776663,0.1177670553,0.09568297918,-0.1257312358,0.008091911314,0.03683140144,0.008091911314,0.1072440967,0.1276377952,0.00775590539,0.002362204716,4.351000737e-08
10.53,-0.2923131379,-0.0233471308,-0.1968241363,0.03530924692,-0.06271472123,0.9980314944,0.002637792114,0.999996521,0,0,1.522605286,1.554281127,-1.442230029,1.9026501,0.3334284391,-0.1975838563,-0.0608537758,-1.532949312,1.6493361,1.202962672,1.633477388,0.1456795115,0.1691175907,-0.7063580296,0.0558121079,-0.008988775502,-0.02423888352,0.1997507689,0.1907628994,-0.1181533926,-0.1751442865,-0.08842810894,-2.220446049e-14,-0.09244620657,0.07710059613,0.117351804,0.09547183065,-0.1256229531,0.008068586716,0.03682474047,0.008068586716,0.1072440967,0.1276377952,0.00775590539,0.002362204716,4.351000737e-08
10.54,-0.2942797326,-0.02299422639,-0.1964944493,0.03527159529,-0.06271472123,0.9980314944,0.002637792114,0.999996521,0,0,1.523163407,1.55419124,-1.442472418,1.904647608,0.3353360681,-0.1987653902,-0.06260521867,-1.533833593,1.6493361,1.20203821,1.634248394,0.1468530296,0.170072309,-0.7076142591,0.05569936757,-0.008959204839,-0.02421953668,0.1995431717,0.1904297364,-0.1180910416,-0.1750451049,-0.08836182318,0,-0.09225674176,0.07705311245,0.1169359448,0.09525967862,-0.1255129482,0.008045358335,0.03681816099,0.008045358335,0.1072440967,0.1276377952,0.00775590539,0.002362204716,4.35100076e-08
10.55,-0.2962430202,-0.02264169966,-0.1961627601,0.03523371501,-0.06271472123,0.9980314944,0.002637792114,0.999996521,0,0,1.523720401,1.554101648,-1.442714614,1.90664304,0.3372403655,-0.1999463006,-0.06435566972,-1.534717211,1.6493361,1.201115642,1.635018925,0.148022389,0.1710249058,-0.7088693886,0.05453583343,-0.008735893058,-0.0229203873,0.1982884753,0.1911109158,-0.1154340723,-0.1760782593,-0.08735950835,0,-0.09294186922,0.07660389397,0.1160362434,0.09685540029,-0.1244109709,0.008022225955,0.03681166273,0.008022225955,0.1072440967,0.1276377952,0.00775590539,0.002362204716,4.35100076e-08
10.56,-0.2982029817,-0.02228955278,-0.1958292635,0.03519562832,-0.06271472123,0.9980314944,0.002637792114,0.999996521,0,0,1.524265759,1.554014289,-1.442943817,1.908625925,0.3391514746,-0.2011006414,-0.06611645231,-1.535590806,1.6493361,1.200186224,1.635784964,0.1491827514,0.1719934598,-0.7101134983,0.05412246864,-0.008649608008,-0.02249882623,0.1976013933,0.1911309325,-0.1144046256,-0.1762666401,-0.08699480612,0,-0.09310105861,0.07620626601,0.1154577859,0.0974002195,-0.1239417043,0.007999595893,0.0368052211,0.007999595893,0.1072440967,0.1276377952,0.00775590539,0.002362204716,4.35100076e-08
10.57,-0.3001596001,-0.02193778771,-0.1954941567,0.03515735773,-0.06271472123,0.9980314944,0.002637792114,0.999996521,0,0,1.524806984,1.553927793,-1.443168806,1.910601939,0.341062784,-0.2022446876,-0.06787911871,-1.536460754,1.6493361,1.199255213,1.636547027,0.1503373293,0.172967462,-0.7113529154,0.05400960537,-0.008622847005,-0.02247823852,0.1973936987,0.1907948653,-0.1143467759,-0.1761592967,-0.08692726264,2.220446049e-14,-0.09290869239,0.07615827937,0.115040301,0.09717972038,-0.1238282926,0.007977176449,0.03679884889,0.007977176449,0.1072440967,0.1276377952,0.00775590539,0.002362204716,4.35100076e-08
10.58,-0.3021128602,-0.02158640616,-0.1951576392,0.03511892604,-0.06271472123,0.9980314944,0.002637792114,0.999996521,0,0,1.52534708,1.553841564,-1.443393588,1.912575876,0.3429707326,-0.2033881554,-0.06964071168,-1.537330027,1.6493361,1.198326126,1.63730861,0.1514877323,0.1739392592,-0.7125911983,0.05389696988,-0.008596131083,-0.02245736311,0.1971848038,0.1904575874,-0.1142877554,-0.1760499471,-0.0868593429,-2.220446049e-14,-0.09271590228,0.07611009948,0.1146227651,0.09695864265,-0.1237136593,0.007954843389,0.03679255827,0.007954843389,0.1072440967,0.1276377952,0.00775590539,0.002362204716,4.351000737e-08
10.59,-0.3040627489,-0.02123540965,-0.1948199133,0.03508035633,-0.06271472123,0.9980314944,0.002637792114,0.999996521,0,0,1.52588605,1.553755603,-1.443618162,1.914547724,0.3448753085,-0.2045310329,-0.07140121115,-1.53819862,1.6493361,1.197398967,1.638069711,0.15263396,0.1749088456,-0.7138283349,0.05378458181,-0.008569465552,-0.02243622759,0.1969748626,0.1901192948,-0.1142276681,-0.175938772,-0.086791096,2.220446049e-14,-0.09252278096,0.07606175584,0.114205316,0.09673709934,-0.1235979299,0.007932596474,0.03678634896,0.007932596474,0.1072440967,0.1276377952,0.00775590539,0.002362204716,4.35100076e-08
10.6,-0.3060092551,-0.02088479942,-0.1944811834,0.03504167198,-0.06271472123,0.9980314944,0.002637792114,0.999996521,0,0,1.526423896,1.553669908,-1.443842524,1.916517472,0.3467765014,-0.2056733096,-0.07316059887,-1.539066531,1.6493361,1.196473739,1.638830328,0.1537760131,0.1758762166,-0.7150643142,0.05367246072,-0.008542855709,-0.02241485999,0.1967640315,0.1897801862,-0.1141666197,-0.1758259552,-0.08672257172,-4.440892099e-14,-0.09232942209,0.07601327831,0.1137880925,0.09651520465,-0.1234812317,0.007910435451,0.03678022068,0.007910435451,0.1072440967,0.1276377952,0.00775590539,0.002362204716,4.351000737e-08
10.61,-0.3079523699,-0.02053457651,-0.1941416566,0.03500289661,-0.06271472123,0.9980314944,0.002637792114,0.999996521,0,0,1.52696062,1.55358448,-1.444066673,1.918485113,0.3486743033,-0.2068149758,-0.07491885842,-1.539933757,1.6493361,1.195550445,1.639590461,0.1549138941,0.1768413687,-0.7162991265,0.05356062598,-0.008516306826,-0.02239328878,0.1965524688,0.1894404624,-0.1141047175,-0.1757116835,-0.08665382051,2.220446049e-14,-0.09213592023,0.07596469711,0.1133712338,0.09629307402,-0.1233636942,0.007888360057,0.03677417313,0.007888360057,0.1072440967,0.1276377952,0.00775590539,0.002362204716,4.351000782e-08
10.62,-0.3098920863,-0.02018474171,-0.1938015425,0.03496405417,-0.06271472123,0.9980314944,0.002637792114,0.999996521,0,0,1.527496226,1.553499317,-1.444290605,1.920450637,0.3505687079,-0.207956023,-0.07667597526,-1.540800295,1.6493361,1.194629086,1.640350108,0.1560476064,0.1778042994,-0.7175327634,0.053506429,-0.008490609532,-0.0223579818,0.1960070228,0.1891869272,-0.1136780239,-0.1754678999,-0.08657075677,0,-0.0921164088,0.07543335376,0.1129291063,0.09651007629,-0.1231295821,0.007866370015,0.03676820601,0.007866370015,0.1072440967,0.1276377952,0.00775590539,0.002362204716,4.35100076e-08
10.63,-0.3118283995,-0.01983529557,-0.193461053,0.03492516885,-0.06271472123,0.9980314944,0.002637792114,0.999996521,0,0,1.528031291,1.55341441,-1.444514185,1.922410707,0.3524605772,-0.2090928032,-0.07843065425,-1.541666003,1.6493361,1.193707922,1.641104442,0.1571768975,0.1787694002,-0.7187640593,0.05345939616,-0.008465077377,-0.02232145439,0.1954222199,0.1889429739,-0.1132088622,-0.1752061852,-0.08648588253,0,-0.09211852204,0.07484357226,0.1124857032,0.09677913832,-0.1228780887,0.007844461377,0.03676230901,0.007844461377,0.1075735052,0.1276377952,0.00775590539,0.002362204716,4.35100076e-08
10.64,-0.3137613068,-0.01948623839,-0.1931204025,0.03488626516,-0.06271472123,0.9980314944,0.002637792114,0.999996521,0,0,1.528565885,1.55332976,-1.4447374,1.92436493,0.3543500069,-0.2102248918,-0.08018271611,-1.542530861,1.6493361,1.192786737,1.641852877,0.1583017545,0.1797371915,-0.7199928401,0.05220153557,-0.008236939872,-0.02099263017,0.1945680823,0.1895302461,-0.1109361669,-0.176399133,-0.08548128968,0,-0.09258305912,0.07503270105,0.1116053163,0.09781058389,-0.1219018129,0.007822633392,0.03675648078,0.007822633392,0.1082716189,0.1276377952,0.00775590539,0.002362204716,4.35100076e-08
10.65,-0.3156908077,-0.01913757024,-0.192779808,0.03484736786,-0.06271472123,0.9980314944,0.002637792114,0.999996521,0,0,1.5290879,1.55324739,-1.444947326,1.92631061,0.3562453094,-0.2113342535,-0.08194670744,-1.543385674,1.6493361,1.191860906,1.642603204,0.1594178076,0.1807152974,-0.7212118583,0.05179203166,-0.008160649223,-0.02063133855,0.1941923087,0.1894327724,-0.1103056764,-0.176620767,-0.0851697592,0,-0.0925593582,0.07504567314,0.1110697637,0.09790914193,-0.1215612252,0.007801314619,0.03675072448,0.007801314619,0.1088176101,0.1276377952,0.00775590539,0.002362204716,4.35100076e-08
10.66,-0.3176169039,-0.01878929093,-0.1924394889,0.034808502,-0.06271472123,0.9980314944,0.002637792114,0.999996521,0,0,1.52960582,1.553165784,-1.44515364,1.928252534,0.3581396371,-0.2124373103,-0.08371291511,-1.544237372,1.6493361,1.190935312,1.643353661,0.1605285053,0.1816943888,-0.7224274705,0.05168067305,-0.008137121801,-0.02060956882,0.1939839408,0.1890948211,-0.1102499596,-0.1765011931,-0.08510130258,0,-0.09236508526,0.07499692225,0.1106563891,0.09768163749,-0.1214425841,0.00778018254,0.03674504637,0.00778018254,0.1091858293,0.1276377952,0.00775590539,0.002362204716,4.35100076e-08
10.67,-0.3195395991,-0.01844140002,-0.192099667,0.03476969293,-0.06271472123,0.9980314944,0.002637792114,0.999996521,0,0,1.530122627,1.553084413,-1.445359735,1.930192373,0.3600305853,-0.2135398099,-0.08547792704,-1.545088385,1.6493361,1.190011662,1.64410363,0.1616350692,0.1826712052,-0.7236418964,0.05156972556,-0.008113676265,-0.0205877817,0.1937758223,0.1887574953,-0.1101940485,-0.1763813481,-0.08503293808,0,-0.09217125827,0.07494825868,0.1102442369,0.09745463124,-0.1213239221,0.007759125642,0.03673944823,0.007759125642,0.1094003785,0.1276377952,0.00775590539,0.002362204716,4.35100076e-08
10.68,-0.3214588996,-0.0180938968,-0.1917605666,0.03473096626,-0.06271472123,0.9980314944,0.002637792114,0.999996521,0,0,1.530638324,1.553003276,-1.445565613,1.932130131,0.3619181603,-0.2146417504,-0.08724174052,-1.545938714,1.6493361,1.189089949,1.644853113,0.1627375115,0.1836457515,-0.7248551356,0.05145920587,-0.008090317482,-0.02056600687,0.1935681247,0.1884210137,-0.1101380596,-0.1762614423,-0.08496471934,0,-0.09197797961,0.07489971476,0.1098334509,0.09722824958,-0.121205381,0.007738143617,0.03673392972,0.007738143617,0.1094619206,0.1276377952,0.00775590539,0.002362204716,4.35100076e-08
10.69,-0.3233748136,-0.01774678033,-0.1914224145,0.03469234789,-0.06271472123,0.9980314944,0.002637792114,0.999996521,0,0,1.531152916,1.552922373,-1.445771273,1.934065812,0.3638023704,-0.215743131,-0.08900435494,-1.546788361,1.6493361,1.188170169,1.64560211,0.1638358461,0.184618034,-0.7260671894,0.05138708585,-0.0080675269,-0.02053504626,0.1931627141,0.1881374916,-0.1098622713,-0.1760611596,-0.08489050481,0,-0.09189142045,0.07456016117,0.1094079307,0.0972685846,-0.1210141781,0.007717236147,0.0367284905,0.007717236147,0.1093711156,0.1276377952,0.00775590539,0.002362204716,4.35100076e-08
10.7,-0.3252873518,-0.01740004939,-0.1910854399,0.034653864,-0.06271472123,0.9980314944,0.002637792114,0.999996521,0,0,1.531666787,1.552841697,-1.445976624,1.93599744,0.3656837453,-0.2168417537,-0.09076496654,-1.547637267,1.6493361,1.187251255,1.646347712,0.1649299254,0.1855907198,-0.7272773312,0.05137127065,-0.008045531052,-0.02049087042,0.1924682158,0.1879308855,-0.1092659935,-0.1757419899,-0.08480746726,0,-0.09196195689,0.07379348972,0.108961283,0.09769913738,-0.1207139743,0.007696400499,0.03672312434,0.007696400499,0.1091836267,0.1276377952,0.00775590539,0.002362204716,4.35100076e-08
10.71,-0.3271965271,-0.01705370251,-0.1907498747,0.03461554106,-0.06271472123,0.9980314944,0.002637792114,0.999996521,0,0,1.5321805,1.552761242,-1.446181532,1.937922122,0.3675630542,-0.2179344136,-0.09252238644,-1.548485341,1.6493361,1.186331635,1.647085647,0.1660195382,0.1865677112,-0.7284844709,0.05126234734,-0.008022459706,-0.02046971021,0.1922646714,0.1875974432,-0.1092135795,-0.1756215459,-0.08474003777,-2.220446049e-14,-0.09177198191,0.07374553544,0.1085571046,0.09747384231,-0.1205929829,0.007675632775,0.0367178224,0.007675632775,0.1091759781,0.1276377952,0.00775590539,0.002362204716,4.35100076e-08
10.72,-0.3291023548,-0.01670773795,-0.1904159529,0.03457740581,-0.06271472123,0.9980314944,0.002637792114,0.999996521,0,0,1.532693123,1.552681017,-1.446386229,1.939844768,0.3694390286,-0.2190265494,-0.09427860189,-1.549332742,1.6493361,1.185413916,1.647823102,0.1671051092,0.1875424496,-0.7296904007,0.05115391569,-0.007999494393,-0.02044868352,0.1920622471,0.1872657471,-0.1091615573,-0.1755019215,-0.08467297491,2.220446049e-14,-0.09158297015,0.07369783243,0.1081548682,0.09724969718,-0.1204727145,0.007654938544,0.03671259889,0.007654938544,0.109319874,0.1276377952,0.00775590539,0.002362204716,4.351000782e-08
10.73,-0.3310048525,-0.01636215368,-0.1900839113,0.03453948528,-0.06271472123,0.9980314944,0.002637792114,0.999996521,0,0,1.533204663,1.552601022,-1.446590716,1.941765391,0.3713116861,-0.220118165,-0.09603362111,-1.550179471,1.6493361,1.184498086,1.64856008,0.1681866579,0.1885149466,-0.7308951279,0.05007708176,-0.007805664617,-0.0193086121,0.1913056231,0.1877200109,-0.1072135861,-0.1764793067,-0.08381396224,0,-0.09193994635,0.07386490667,0.107356367,0.09806871426,-0.1196486323,0.007634317449,0.03670745348,0.007634317449,0.1096146668,0.1276377952,0.00775590539,0.002362204716,4.35100076e-08
10.74,-0.3329040401,-0.01601694743,-0.1897539889,0.03450180677,-0.06271472123,0.9980314944,0.002637792114,0.999996521,0,0,1.533705433,1.552522966,-1.446783802,1.943678447,0.3731888862,-0.2211903008,-0.09779841418,-1.551017611,1.6493361,1.183578686,1.649298729,0.1692602216,0.1894956337,-0.7320916142,0.04951276811,-0.007704982953,-0.01876097087,0.1908465205,0.1877635133,-0.1062755414,-0.1768783601,-0.08337564147,0,-0.09200769478,0.07391882482,0.1067694849,0.09833365201,-0.119202908,0.00761412653,0.0367023823,0.00761412653,0.1099907421,0.1276377952,0.00775590539,0.002362204716,4.35100076e-08
10.75,-0.3347999401,-0.01567211665,-0.1894264274,0.03446439789,-0.06271472123,0.9980314944,0.002637792114,0.999996521,0,0,1.534200561,1.552445916,-1.446971412,1.945586912,0.3750665213,-0.2222530562,-0.09956719778,-1.551851367,1.6493361,1.18265861,1.650037918,0.1703279164,0.1904789703,-0.7332836433,0.04940443615,-0.007685288916,-0.01873980421,0.1906506707,0.1874411863,-0.1062310446,-0.1767636673,-0.0833105998,0,-0.09182013196,0.07387224682,0.1063720305,0.09810948107,-0.1190905316,0.007594168087,0.03669738758,0.007594168087,0.1102322615,0.1276377952,0.00775590539,0.002362204716,4.35100076e-08
10.76,-0.3366925773,-0.01532765848,-0.1891014708,0.03442728649,-0.06271472123,0.9980314944,0.002637792114,0.999996521,0,0,1.534694605,1.552369063,-1.44715881,1.947493419,0.3769409332,-0.2233153667,-0.1013348345,-1.552684473,1.6493361,1.181740408,1.65077664,0.1713916367,0.1914600651,-0.7344745486,0.04930339111,-0.007665831243,-0.01871734069,0.1904246381,0.1871299769,-0.106151415,-0.1766370391,-0.08324536173,0,-0.09165146865,0.07377845447,0.1059743733,0.09793064566,-0.1189670192,0.00757427216,0.03669247076,0.00757427216,0.1103242333,0.1276377952,0.00775590539,0.002362204716,4.35100076e-08
10.77,-0.338581979,-0.01498356983,-0.1887793656,0.03439050074,-0.06271472123,0.9980314944,0.002637792114,0.999996521,0,0,1.535187639,1.552292405,-1.447345983,1.949397665,0.378812233,-0.2243768808,-0.1031012048,-1.553516927,1.6493361,1.180823894,1.651514425,0.1724513805,0.1924393715,-0.7356642188,0.04933038645,-0.007648676137,-0.01866636695,0.1895952263,0.1869809642,-0.1053930015,-0.1762524815,-0.08316594548,-2.220446049e-14,-0.09181573512,0.07278369741,0.1055283316,0.09857860608,-0.1186074085,0.007554437846,0.03668763052,0.007554437846,0.1102606648,0.1276377952,0.00775590539,0.002362204716,4.35100076e-08
10.78,-0.340468175,-0.01463984729,-0.1884603608,0.03435406908,-0.06271472123,0.9980314944,0.002637792114,0.999996521,0,0,1.535680943,1.552215918,-1.447532647,1.951293618,0.3806820426,-0.2254308109,-0.1048637297,-1.554348586,1.6493361,1.179905736,1.652242262,0.1735066638,0.1934251576,-0.7368502929,0.04922359167,-0.007628972391,-0.0186471519,0.1894072468,0.1866665112,-0.1053545608,-0.1761421918,-0.08310285635,0,-0.09163342305,0.07273802577,0.1051405499,0.09835847616,-0.1184958341,0.0075346549,0.03668284897,0.0075346549,0.1100726578,0.1276377952,0.00775590539,0.002362204716,4.351000782e-08
10.79,-0.3423511974,-0.01429648717,-0.1881447079,0.03431802021,-0.06271472123,0.9980314944,0.002637792114,0.999996521,0,0,1.536173179,1.552139628,-1.447719119,1.95318769,0.3825487077,-0.2264843565,-0.1066251516,-1.555179615,1.6493361,1.178989402,1.652969642,0.1745580693,0.1944087423,-0.7380352512,0.04911738531,-0.007609394496,-0.01862828146,0.1892216737,0.1863554752,-0.1053173529,-0.1760343904,-0.08304052942,4.440892099e-14,-0.09145286337,0.07269284257,0.1047557501,0.0981405013,-0.118386065,0.007514934549,0.03667814441,0.007514934549,0.1100334436,0.1276377952,0.00775590539,0.002362204716,4.351000782e-08
10.8,-0.3442310811,-0.01395348551,-0.1878326609,0.03428238314,-0.06271472123,0.9980314944,0.002637792114,0.999996521,0,0,1.536664353,1.552063534,-1.447905401,1.955079907,0.3844122625,-0.22753753,-0.1083854955,-1.55601002,1.6493361,1.178074873,1.65369657,0.1756056268,0.1953901474,-0.7392191119,0.04901177948,-0.007589946873,-0.01860978805,0.1890387021,0.1860481054,-0.1052815116,-0.1759293281,-0.08297902437,-4.440892099e-14,-0.09127417149,0.07264818301,0.104374083,0.09792482581,-0.1182782646,0.007495276415,0.03667351646,0.007495276415,0.110142413,0.1276377952,0.00775590539,0.002362204716,4.351000737e-08
10.81,-0.3461078635,-0.01361083804,-0.187524476,0.03424718716,-0.06271472123,0.9980314944,0.002637792114,0.999996521,0,0,1.537154471,1.551987635,-1.448091499,1.956970294,0.3862727435,-0.2285903451,-0.1101447888,-1.556839811,1.6493361,1.177162132,1.654423052,0.1766493676,0.1963693956,-0.7404018945,0.04890678598,-0.007570633925,-0.01859170452,0.188858529,0.1857446531,-0.1052471725,-0.175827259,-0.08291840151,0,-0.09109746377,0.07260408259,0.1039957004,0.09771159521,-0.1181725984,0.007475680116,0.03666896475,0.007475680116,0.1103989665,0.1276377952,0.00775590539,0.002362204716,4.351000782e-08
10.82,-0.3479815844,-0.0132685402,-0.1872204123,0.03421246182,-0.06271472123,0.9980314944,0.002637792114,0.999996521,0,0,1.537643539,1.551911929,-1.448277416,1.958858879,0.3881301901,-0.2296428168,-0.1119030614,-1.557668995,1.6493361,1.176251157,1.655149093,0.1776893246,0.1973465116,-0.7415836205,0.04821257969,-0.007447076617,-0.01788344564,0.1883358484,0.1859216823,-0.1040405365,-0.1763881238,-0.08237457917,2.220446049e-14,-0.09124840037,0.07269734117,0.1033755539,0.09812575434,-0.1176495114,0.007456145258,0.03666352183,0.007456145258,0.1108025154,0.1276377952,0.00775590539,0.002362204716,4.351000782e-08
10.83,-0.3498522864,-0.01292658714,-0.186920731,0.03417823697,-0.06271472123,0.9980314944,0.002637792114,0.999996521,0,0,1.538125664,1.551837458,-1.448456251,1.960742238,0.3899894069,-0.2306832222,-0.1136669426,-1.55849274,1.6493361,1.175338673,1.655876066,0.1787230802,0.1983277691,-0.7427601156,0.04729511917,-0.007286461005,-0.01691344737,0.1876871669,0.1862853419,-0.1023955964,-0.1772029798,-0.08164928139,0,-0.09152351097,0.07284306467,0.1026648791,0.09877607455,-0.1169735698,0.007436888171,0.03665408518,0.007436888171,0.1112041005,0.1276377952,0.00775590539,0.002362204716,4.35100076e-08
10.84,-0.3517200145,-0.01258497369,-0.1866256959,0.03414454273,-0.06271472123,0.9980314944,0.002637792114,0.999996521,0,0,1.538598616,1.551764593,-1.448625385,1.962619109,0.3918522603,-0.2317071782,-0.1154389724,-1.559309233,1.6493361,1.174423438,1.656604497,0.179749729,0.1993155299,-0.7439298513,0.04730409343,-0.007272559631,-0.01686925413,0.1870273094,0.1861287058,-0.1018136393,-0.1768919917,-0.08158691026,2.220446049e-14,-0.09162693384,0.07206435469,0.1022519734,0.0992460627,-0.1166776333,0.007417983019,0.03664470425,0.007417983019,0.1113396694,0.1276377952,0.00775590539,0.002362204716,4.35100076e-08
10.85,-0.3535848166,-0.01224369441,-0.1863355732,0.03411140953,-0.06271472123,0.9980314944,0.002637792114,0.999996521,0,0,1.539071657,1.551691868,-1.448794078,1.964489382,0.3937135474,-0.2327253146,-0.1172078923,-1.560125102,1.6493361,1.173507169,1.657325141,0.1807722487,0.2003079905,-0.7450966277,0.0472374835,-0.007256972345,-0.01684386103,0.1867012746,0.1858890803,-0.1016094623,-0.1767315307,-0.08152873201,-4.440892099e-14,-0.09154985257,0.07177884084,0.101873512,0.09926384397,-0.1165169771,0.007399119175,0.03663538514,0.007399119175,0.1110822676,0.1276377952,0.007376013945,0.002362204716,4.351000737e-08
10.86,-0.3554467432,-0.01190274353,-0.1860506318,0.03407886804,-0.06271472123,0.9980314944,0.002637792114,0.999996521,0,0,1.539544031,1.551619298,-1.448962516,1.966356395,0.3955724382,-0.2337414092,-0.1189752076,-1.56094039,1.6493361,1.17259167,1.658042929,0.1817909838,0.2013006289,-0.7462617974,0.0471338968,-0.007240839697,-0.0168277414,0.1865420565,0.185611337,-0.101592716,-0.1766484609,-0.08147346433,2.220446049e-14,-0.09138436795,0.07173816866,0.101513663,0.09905972243,-0.1164259419,0.007380303939,0.03662614064,0.007380303939,0.1108528471,0.1276377952,0.006998093997,0.002362204716,4.351000782e-08
10.87,-0.3573058475,-0.01156211498,-0.1857711429,0.03404694924,-0.06271472123,0.9980314944,0.002637792114,0.999996521,0,0,1.54001537,1.551546889,-1.449130794,1.968221816,0.3974285515,-0.2347573363,-0.1207416922,-1.561755124,1.6493361,1.171677826,1.658760311,0.1828061204,0.2022912262,-0.7474260568,0.04703096179,-0.007224852968,-0.0168121985,0.18638682,0.1853390925,-0.101578216,-0.1765700121,-0.08141942546,0,-0.09122161172,0.0716982683,0.1011580057,0.09885901391,-0.1163380418,0.007361540049,0.03661697678,0.007361540049,0.1107691185,0.1276377952,0.00676570212,0.002362204716,4.35100076e-08
10.88,-0.3591621852,-0.01122180236,-0.18549738,0.03401568439,-0.06271472123,0.9980314944,0.002637792114,0.999996521,0,0,1.54048568,1.551474641,-1.449298916,1.970085684,0.3992819425,-0.2357731185,-0.1225073923,-1.562569318,1.6493361,1.17076561,1.659477293,0.1838177005,0.2032798163,-0.7485894373,0.04692868589,-0.007209016279,-0.01679726524,0.1862357754,0.185072617,-0.1015661065,-0.1764964639,-0.0813666782,0,-0.09106170842,0.07165917715,0.1008066947,0.09866187522,-0.1162534546,0.007342827111,0.03660789309,0.007342827111,0.1108305448,0.1276377952,0.006678304616,0.002362204716,4.35100076e-08
10.89,-0.3610158151,-0.010881799,-0.1852296194,0.03398510501,-0.06271472123,0.9980314944,0.002637792114,0.999996521,0,0,1.540954967,1.551402551,-1.449466889,1.971948042,0.4011326686,-0.2367887796,-0.124272357,-1.563382985,1.6493361,1.169854993,1.660193885,0.1848257674,0.204266435,-0.7497519718,0.04682707617,-0.007193333742,-0.0167829749,0.1860891352,0.1848121834,-0.1015565334,-0.1764280992,-0.08131528597,-2.220446049e-14,-0.09090478356,0.07162093289,0.1004598849,0.09846846438,-0.1161723598,0.007324164729,0.03659888906,0.007324164729,0.111036604,0.1276377952,0.006735382858,0.002362204716,4.35100076e-08
10.9,-0.3628667985,-0.01054209787,-0.1849681396,0.03395524294,-0.06271472123,0.9980314944,0.002637792114,0.999996521,0,0,1.541423238,1.551330617,-1.449634718,1.973808933,0.4029807905,-0.2378043449,-0.126036638,-1.564196138,1.6493361,1.168945945,1.660910094,0.1858303663,0.2052511197,-0.7509136954,0.04672613938,-0.007177809448,-0.0167693611,0.1859471142,0.1845580671,-0.1015496448,-0.1763652046,-0.08126531277,0,-0.09075096359,0.07158357356,0.1001177321,0.09827894065,-0.1160949391,0.007305552499,0.0365899642,0.007305552499,0.1113867897,0.1276377952,0.006936434122,0.002362204716,4.351000782e-08
10.91,-0.3647151997,-0.01020269165,-0.1847132218,0.03392613026,-0.06271472123,0.9980314944,0.002637792114,0.999996521,0,0,1.541890499,1.551258839,-1.449802412,1.975668404,0.4048263711,-0.2388198413,-0.12780029,-1.565008791,1.6493361,1.168038436,1.66162593,0.1868315436,0.2062339091,-0.7520746448,0.04665887331,-0.007157486444,-0.0167043203,0.1855328104,0.1844041993,-0.1011862012,-0.176221418,-0.08119101642,2.220446049e-14,-0.09076237466,0.07116383948,0.09974281017,0.09848663316,-0.1158866596,0.007286990009,0.03658111801,0.007286990009,0.1118806124,0.1276377952,0.007280972426,0.002362204716,4.351000782e-08
10.92,-0.3665610858,-0.009863572663,-0.1844651494,0.03389779937,-0.06271472123,0.9980314944,0.002637792114,0.999996521,0,0,1.542357088,1.551187264,-1.449969455,1.977523732,0.4066704131,-0.2398317034,-0.1295625042,-1.565820701,1.6493361,1.167130812,1.662337569,0.1878289717,0.2072187754,-0.7532335114,0.04529857492,-0.006902526672,-0.01506535201,0.1842055523,0.1853531482,-0.09801423723,-0.1774832008,-0.08003067929,0,-0.09156083162,0.07087883204,0.09880515377,0.1002485731,-0.1147075643,0.007268484659,0.03657233906,0.007268484659,0.1122327745,0.1276384484,0.007483050772,0.002362204716,4.35100076e-08
10.93,-0.3684045265,-0.009524732943,-0.1842242085,0.03387028292,-0.06271472123,0.9980314944,0.002637792114,0.999996521,0,0,1.542810074,1.551118239,-1.450120109,1.979365788,0.4085239446,-0.2408118457,-0.1313373362,-1.566621008,1.6493361,1.166215204,1.663046357,0.1888170233,0.2082212612,-0.754380587,0.04519760269,-0.006890202987,-0.01505270804,0.1840823254,0.1851222659,-0.09802368849,-0.1774392365,-0.07998545624,0,-0.09141686698,0.07084401843,0.09847768515,0.1000669349,-0.1146435701,0.007250519729,0.03656358484,0.007250519729,0.1118066874,0.1277404675,0.006805371475,0.002362204716,4.35100076e-08
10.94,-0.3702455947,-0.00918616418,-0.1839906875,0.03384361386,-0.06271472123,0.9980314944,0.002637792114,0.999996521,0,0,1.54326205,1.551049337,-1.450270636,1.981206611,0.4103751673,-0.2417920826,-0.1331117286,-1.567420863,1.6493361,1.165301035,1.663754797,0.1898018001,0.2092219305,-0.7555270227,0.04509728521,-0.006878036409,-0.01504082102,0.1839645412,0.1848988636,-0.0980362914,-0.1774019698,-0.07994187173,0,-0.09127655928,0.07081023629,0.09815547819,0.09988992158,-0.1145839505,0.007232594388,0.03655490877,0.007232594388,0.1115240976,0.1279853041,0.006128234089,0.002362204716,4.35100076e-08
10.95,-0.3720843659,-0.008847857731,-0.1837648775,0.03381782541,-0.06271472123,0.9980314944,0.002637792114,0.999996521,0,0,1.543713022,1.550980557,-1.450421044,1.983046257,0.4122241559,-0.2427724455,-0.1348857483,-1.568220281,1.6493361,1.164388269,1.664462899,0.1907833549,0.2102208297,-0.7566728622,0.04499762481,-0.006866030892,-0.01502972335,0.1838524234,0.1846832311,-0.09805219861,-0.1773717066,-0.07989999081,0,-0.0911400414,0.07077752475,0.09783868972,0.09971770122,-0.1145288952,0.007214708249,0.03654631034,0.007214708249,0.1113845513,0.1283725263,0.005451621333,0.002362204716,4.35100076e-08
10.96,-0.3739209189,-0.008509804624,-0.1835470717,0.03379295109,-0.06271472123,0.9980314944,0.002637792114,0.999996521,0,0,1.544162999,1.550911897,-1.450571341,1.984884781,0.4140709882,-0.2437529675,-0.1366594653,-1.569019281,1.6493361,1.163476869,1.665170675,0.1917617418,0.2112180067,-0.7578181512,0.04489862338,-0.006854190387,-0.01501944776,0.1837461979,0.184475661,-0.09807156464,-0.1773487565,-0.0798598791,0,-0.09100744718,0.07074592325,0.09752747701,0.09955044324,-0.1144785961,0.007196860921,0.03653778903,0.007196860921,0.1113876141,0.1289017221,0.00477551526,0.002362204716,4.35100076e-08
10.97,-0.375755335,-0.008171995549,-0.1833375662,0.03376902469,-0.06271472123,0.9980314944,0.002637792114,0.999996521,0,0,1.544611985,1.550843355,-1.450721536,1.986722243,0.4159157448,-0.2447336832,-0.1384329529,-1.56981788,1.6493361,1.162566794,1.665878134,0.1927370166,0.2122135112,-0.7589629372,0.0448002824,-0.006842518833,-0.01501002734,0.1836460928,0.184276448,-0.0980945459,-0.1773334327,-0.07982160282,2.220446049e-14,-0.0908789114,0.07071547157,0.09722199773,0.09938831824,-0.114433247,0.007179052005,0.03652934432,0.007179052005,0.1115328719,0.1295725006,0.004099897251,0.002362204716,4.35100076e-08
10.98,-0.3775876989,-0.007834420857,-0.1831366592,0.03374608028,-0.06271472123,0.9980314944,0.002637792114,0.999996521,0,0,1.545059988,1.550774929,-1.450871636,1.988558704,0.4177585093,-0.2457146286,-0.1402062872,-1.570616096,1.6493361,1.161658005,1.666585289,0.1937092365,0.2132073943,-0.7601072696,0.04470408722,-0.006831023809,-0.0150011985,0.1835468795,0.1840873503,-0.09811496795,-0.177323367,-0.07978530954,0,-0.09075768788,0.07067787777,0.09692186824,0.09923922082,-0.1143905378,0.0071612811,0.03652097568,0.0071612811,0.1118199315,0.130384493,0.003424748008,0.002362204716,4.351000737e-08
10.99,-0.3794180979,-0.007497070556,-0.1829446515,0.03372415221,-0.06271472123,0.9980314944,0.002637792114,0.999996521,0,0,1.545507029,1.550706619,-1.451021648,1.990394172,0.4195993828,-0.2466957783,-0.1419795209,-1.571413949,1.6493361,1.160750428,1.667292067,0.1946784552,0.2141997866,-0.761251175,0.04477623974,-0.006819947925,-0.01495987692,0.1828374573,0.1840721888,-0.0974243073,-0.177017113,-0.07975961111,0,-0.09099391069,0.06969894577,0.09656752299,0.09996861672,-0.1140684039,0.007143547749,0.03651268239,0.007143547749,0.1122440919,0.1313330235,0.002755906433,0.002362204716,4.351000737e-08
11,-0.3812466226,-0.00715993431,-0.1827618465,0.03370327512,-0.06271472123,0.9980314944,0.002637792114,0.999996521,0,0,1.545954791,1.55063842,-1.451171247,1.992222547,0.4214401047,-0.2476700214,-0.143749692,-1.572211545,1.6493361,1.159840489,1.667989057,0.1956441304,0.2151994727,-0.762391859,0.04467944523,-0.006808470224,-0.0149535807,0.1827584911,0.1838993195,-0.09746175946,-0.1770250865,-0.07972622966,-2.220446049e-14,-0.0908791611,0.0696720911,0.09628220764,0.09982175969,-0.1140365719,0.007125846711,0.03650444027,0.007125846711,0.1122440919,0.1318568565,0.002755906433,0.002362204716,4.351000737e-08
11.01,-0.3830733665,-0.006823001434,-0.1825885499,0.03368348393,-0.06271472123,0.9980314944,0.002637792114,0.999996521,0,0,1.546401585,1.550570335,-1.451320782,1.994050132,0.4232790979,-0.248644639,-0.1455199429,-1.573008808,1.6493361,1.158931698,1.668685778,0.1966069525,0.2161976903,-0.7635322248,0.04388654679,-0.00667275794,-0.01411263918,0.1822593396,0.1842907708,-0.09607612855,-0.1777981065,-0.07912216131,0,-0.09113617097,0.06982509958,0.09570663124,0.1003939155,-0.1135396503,0.007108183446,0.03649627285,0.007108183446,0.1122440919,0.1323801793,0.002755906433,0.002362204716,4.35100076e-08
11.02,-0.3848984263,-0.006486260894,-0.1824250699,0.03366481383,-0.06271472123,0.9980314944,0.002637792114,0.999996521,0,0,1.546840451,1.550503607,-1.451461909,1.995872725,0.4251220056,-0.2496054003,-0.147297924,-1.573800029,1.6493361,1.158020336,1.669384029,0.1975640188,0.2172016295,-0.7646676213,0.0431124885,-0.006543043972,-0.01329537287,0.1817807129,0.1846788159,-0.09473902942,-0.178560701,-0.07853719785,0,-0.09138651097,0.06997424818,0.09514429731,0.1009491698,-0.1130645206,0.007090813393,0.03648816225,0.007090813393,0.1120864119,0.1326377904,0.002913586545,0.002362204716,4.35100076e-08
11.03,-0.3867219017,-0.006149701302,-0.1822717172,0.03364730032,-0.06271472123,0.9980314944,0.002637792114,0.999996521,0,0,1.547271576,1.550438177,-1.451594863,1.997690532,0.4269687938,-0.2505527905,-0.149083531,-1.574585401,1.6493361,1.157106471,1.670083771,0.1985154618,0.2182111212,-0.7657982665,0.04301479332,-0.006535011905,-0.01328980202,0.1817245767,0.1845394585,-0.09479287861,-0.1785996179,-0.07851059681,0,-0.09128511038,0.06995141006,0.09487596637,0.1008176468,-0.1130532897,0.007073721495,0.03648010905,0.007073721495,0.1118818828,0.1326377904,0.003118115878,0.002362204716,4.35100076e-08
11.04,-0.3885438955,-0.005813310914,-0.182128805,0.03363097915,-0.06271472123,0.9980314944,0.002637792114,0.999996521,0,0,1.547701724,1.550372827,-1.451727761,1.999507778,0.4288141884,-0.2515007193,-0.1508695271,-1.575370507,1.6493361,1.15619362,1.670783285,0.1994642215,0.2192192976,-0.7669287994,0.04291769074,-0.006527157572,-0.01328523656,0.181676144,0.1844106532,-0.09485129649,-0.178648522,-0.07848624871,0,-0.09118879235,0.06992999551,0.09461444962,0.1006926024,-0.1130483593,0.007056656611,0.03647212978,0.007056656611,0.1118180543,0.1326377904,0.00318194434,0.002362204716,4.35100076e-08
11.05,-0.3903645136,-0.005477077625,-0.1819966488,0.03361588637,-0.06271472123,0.9980314944,0.002637792114,0.999996521,0,0,1.548130901,1.550307555,-1.451860613,2.00132454,0.4306582949,-0.2524492323,-0.1526560124,-1.57615537,1.6493361,1.155281732,1.671482585,0.200410366,0.2202262237,-0.768059283,0.04282117557,-0.006519484865,-0.01328170872,0.1816356585,0.1842927175,-0.09491444984,-0.1787077577,-0.07846422218,0,-0.09109770107,0.06991004634,0.09435990642,0.1005742199,-0.1130499373,0.00703961835,0.03646422392,0.00703961835,0.1118946524,0.1326377904,0.003105346176,0.002362204716,4.35100076e-08
11.06,-0.3921838653,-0.005140988971,-0.1818755668,0.0336020583,-0.06271472123,0.9980314944,0.002637792114,0.999996521,0,0,1.548559112,1.55024236,-1.45199343,2.003140896,0.4325012221,-0.2533983768,-0.1544430899,-1.576940012,1.6493361,1.154370755,1.672181686,0.201353965,0.2212319659,-0.7691897823,0.0428299004,-0.0065133228,-0.01325707752,0.1812466465,0.1842819903,-0.09456347535,-0.1785935487,-0.07845374439,2.220446049e-14,-0.09122104165,0.06933923638,0.0940762252,0.1009755622,-0.1128850948,0.007022606314,0.03645639093,0.007022606314,0.1121114297,0.1326377904,0.00288856875,0.002362204716,4.35100076e-08
11.07,-0.3940020629,-0.004805032121,-0.1817658796,0.03358953156,-0.06271472123,0.9980314944,0.002637792114,0.999996521,0,0,1.548987411,1.550177227,-1.452126001,2.004953363,0.434344042,-0.2543440116,-0.1562290254,-1.577724549,1.6493361,1.153458544,1.672875078,0.2022947273,0.2222417215,-0.7703186333,0.04281042475,-0.006506718939,-0.0132402288,0.1809661077,0.1842558038,-0.09433568869,-0.1785401749,-0.07844265896,-2.220446049e-14,-0.09129321019,0.0689227143,0.09381161421,0.1012411345,-0.1127735109,0.007005613147,0.03644861671,0.007005613147,0.1122440919,0.1326377904,0.002755906433,0.002362204716,4.351000737e-08
11.08,-0.395819222,-0.004469193879,-0.1816679101,0.03357834304,-0.06271472123,0.9980314944,0.002637792114,0.999996521,0,0,1.549415516,1.55011216,-1.452258403,2.006763024,0.4361866,-0.2552873684,-0.1580144272,-1.578508976,1.6493361,1.152545612,1.673564305,0.2032328434,0.2232541328,-0.7714463684,0.04271591206,-0.00649928061,-0.01324068841,0.1809524712,0.1841719394,-0.09441662619,-0.1786309831,-0.0784273432,0,-0.09122022683,0.06890704655,0.09358113578,0.1011429478,-0.1127938109,0.006988641203,0.03644090462,0.006988641203,0.1122440919,0.1326377904,0.002755906433,0.002362204716,4.35100076e-08
11.09,-0.3976354613,-0.004133460676,-0.1815819838,0.03356852991,-0.06271472123,0.9980314944,0.002637792114,0.999996521,0,0,1.549842675,1.550047167,-1.45239081,2.008572548,0.4380283194,-0.2562315347,-0.159800737,-1.579293249,1.6493361,1.15163341,1.674253376,0.2041686548,0.2242655623,-0.7725743065,0.04262196777,-0.006492039915,-0.01324231527,0.1809477508,0.1841002473,-0.09450295329,-0.1787335255,-0.07841463041,2.220446049e-14,-0.09115306969,0.0688929757,0.09335826638,0.1010522052,-0.1128214621,0.006971695319,0.036433264,0.006971695319,0.1122440919,0.1326377904,0.002755906433,0.002362204716,4.35100076e-08
11.1,-0.3994509029,-0.003797818571,-0.1815084288,0.03356012961,-0.06271472123,0.9980314944,0.002637792114,0.999996521,0,0,1.550268894,1.549982247,-1.452523233,2.010382026,0.4398693219,-0.2571765642,-0.1615880723,-1.580077396,1.6493361,1.150721879,1.674942306,0.2051022374,0.2252760844,-0.7737025211,0.04252858426,-0.006485000671,-0.01324514321,0.1809522006,0.1840410579,-0.09459484628,-0.178848164,-0.0784045919,-2.220446049e-14,-0.09109188848,0.06888054391,0.09314316715,0.1009690966,-0.1128566818,0.006954775079,0.03642569435,0.006954775079,0.1122440919,0.1326377904,0.002755906433,0.002362204716,4.351000737e-08
11.11,-0.4012656722,-0.003462253248,-0.1814475753,0.0335531799,-0.06271472123,0.9980314944,0.002637792114,0.999996521,0,0,1.55069418,1.549917397,-1.452655685,2.012191548,0.4417097324,-0.2581225127,-0.1633765539,-1.580861442,1.6493361,1.14981096,1.675631111,0.2060336691,0.2262857753,-0.7748310879,0.04118884471,-0.006253914243,-0.01173511944,0.1801860097,0.1849768352,-0.09210254777,-0.1803053474,-0.07737067511,0,-0.0916796428,0.06920305846,0.09239777074,0.1021480088,-0.1120824803,0.006937880059,0.03641819515,0.006937880059,0.1122440919,0.1326377904,0.002755906433,0.002362204716,4.35100076e-08
11.12,-0.4030798979,-0.003126750011,-0.1813997565,0.03354771879,-0.06271472123,0.9980314944,0.002637792114,0.999996521,0,0,1.551106069,1.549854858,-1.452773036,2.013993408,0.4435595008,-0.2590435382,-0.1651796074,-1.581635148,1.6493361,1.148894164,1.676323142,0.2069576468,0.2273072554,-0.7759519127,0.04097194441,-0.006227528054,-0.01159065881,0.1801348332,0.185043158,-0.09195657404,-0.1805782471,-0.07726668668,0,-0.09169170605,0.06922623382,0.09214343265,0.1022002601,-0.1120562837,0.00692146964,0.03641073909,0.00692146964,0.1121253015,0.1326377904,0.002755906433,0.002362204716,4.35100076e-08
11.13,-0.4048937119,-0.002791293783,-0.1813653075,0.03354378457,-0.06271472123,0.9980314944,0.002637792114,0.999996521,0,0,1.551515788,1.549792582,-1.452888942,2.015794756,0.4454099324,-0.2599631039,-0.1669853899,-1.582407815,1.6493361,1.147977247,1.677015404,0.2078790812,0.228329258,-0.7770724756,0.04090084656,-0.006223147699,-0.01158869567,0.180089719,0.1850496969,-0.09197290593,-0.1806929341,-0.07726811927,0,-0.09169481134,0.06909442635,0.09194063588,0.1022550515,-0.1120767459,0.006905121436,0.03640335067,0.006905121436,0.1121283372,0.1326377904,0.002755906433,0.002362204716,4.35100076e-08
11.14,-0.4067072497,-0.002455869101,-0.1813445662,0.03354141583,-0.06271472123,0.9980314944,0.002637792114,0.999996521,0,0,1.551924797,1.549730351,-1.453004829,2.017595654,0.4472604293,-0.260882833,-0.1687923192,-1.583180496,1.6493361,1.147060299,1.677706348,0.2087984875,0.2293518085,-0.778193243,0.04096868649,-0.006218964868,-0.01155902796,0.1796103681,0.1851907115,-0.09146744442,-0.1805802978,-0.07728965269,0,-0.09196826925,0.06826688076,0.09169916823,0.1029665906,-0.1118763328,0.006888789529,0.03639602906,0.006888789529,0.1122440919,0.1326377904,0.002755906433,0.002362204716,4.35100076e-08
11.15,-0.40852065,-0.002120460118,-0.181337873,0.03354065144,-0.06271472123,0.9980314944,0.002637792114,0.999996521,0,0,1.552334483,1.549668161,-1.45312042,2.019391757,0.4491123365,-0.2617975074,-0.1705981222,-1.583953393,1.6493361,1.146140616,1.678389017,0.2097154792,0.2303814744,-0.7793120064,0,0,0,0,0,0,0,0,0,0,0,0,0,0,0.006872469689,0.03638875731,0.006872469689,0.1122440919,0.1326377904,0.002755906433,0.002362204716,4.35100076e-08
