# L_phi_L=0.2856183274,L_phi_R=0.22886121
t,theta,s,theta_dot,s_dot,sin_phi_L,cos_phi_L,sin_phi_R,cos_phi_R,phi_dot_L,phi_dot_R,qL1,qL2,qL3,qL4,qL5,qL6,qL7,qR1,qR2,qR3,qR4,qR5,qR6,qR7,qdotL1,qdotL2,qdotL3,qdotL4,qdotL5,qdotL6,qdotL7,qdotR1,qdotR2,qdotR3,qdotR4,qdotR5,qdotR6,qdotR7,dL,dR,d_min,m_phi_minus_L,m_phi_minus_R,m_phi_plus_L,m_phi_plus_R,m_q
0,0.8473935367,-0.05081604137,-0.164584135,-0.03445270789,0,1,0.04997916927,0.9987502604,0,0,1.43116365,1.649336143,-1.058522584,1.351216771,-0.5964059489,0.6161986797,0.5304871721,-1.352349647,1.5429122,1.380544168,1.831314984,-0.7576920281,-0.2320503901,0.06069657129,-0.09923260244,-0.05881411984,-0.0129346223,-0.08113829707,0.04088821864,-0.07311405753,-0.00889759698,0.040609445,0.07573564471,0.0674504449,-0.1752554795,0.1082575959,0.09666188347,-0.1164008949,0.008811553243,0.00584917224,0.00584917224,0,0,0.15,0.105,0
0.01,0.8457477127,-0.05116058019,-0.1645789399,-0.03445622398,0,1,0.04997916927,0.9987502604,0,0,1.430171324,1.648748002,-1.05865193,1.350405388,-0.5959970667,0.6154675391,0.5303981961,-1.351943553,1.543669557,1.381218672,1.82956243,-0.7566094522,-0.2310837712,0.05953256234,-0.09929200387,-0.05882342212,-0.01281585036,-0.08128414736,0.0408458814,-0.07304551656,-0.00906064387,0.04084463277,0.07567256877,0.06740241562,-0.1754264803,0.1081435026,0.09673929625,-0.1162172031,0.008805036061,0.00610514662,0.00610514662,0,0,0.15,0.3999999881,0.0005881411984
0.02,0.844101992,-0.05150518891,-0.1645635197,-0.03446666057,0,1,0.04997916927,0.9987502604,0,0,1.429178404,1.648159768,-1.058780089,1.349592546,-0.5955886079,0.6147370839,0.5303075897,-1.351535106,1.544426282,1.381892696,1.827808165,-0.7555280171,-0.2301163783,0.05837039031,-0.09937778235,-0.058771288,-0.01268714142,-0.08146292276,0.0407792763,-0.07295855203,-0.009223819883,0.04110031511,0.07560737102,0.06735398401,-0.1756242403,0.1080273309,0.09682330248,-0.1160342334,0.008798537675,0.006360974172,0.006360974172,0,0,0.15,0.3999999881,0.00117637542
0.03,0.8424564756,-0.05184993591,-0.1645381205,-0.0344838511,0,1,0.04997916927,0.9987502604,0,0,1.428184626,1.647572055,-1.05890696,1.348777917,-0.5951808152,0.6140074984,0.5302153515,-1.351124103,1.545182356,1.382566236,1.826051922,-0.7544477438,-0.2291481453,0.05721004798,-0.09948412339,-0.05871040296,-0.0125630689,-0.08167399484,0.04069546775,-0.07286029678,-0.0093994417,0.04137611158,0.07553952405,0.06730467723,-0.175848184,0.1079096084,0.09691332682,-0.1158524896,0.008792062087,0.006616647862,0.006616647862,0,0,0.145,0.3999999881,0.0017640883
0.04,0.8408112621,-0.0521948879,-0.1645029867,-0.03450763016,0,1,0.04997916927,0.9987502604,0,0,1.427189785,1.646984951,-1.059032591,1.347961177,-0.5947738605,0.6132788955,0.5301213571,-1.350710342,1.545937751,1.383239283,1.824293441,-0.7533686477,-0.228179012,0.05605152308,-0.09961052293,-0.05864092324,-0.01244350107,-0.08191673663,0.0405949583,-0.07275091464,-0.009587246266,0.04167153947,0.07546904944,0.06725453887,-0.176097739,0.1077903467,0.09700923569,-0.1156719967,0.00878560946,0.006872158858,0.006872158858,0,0.005,0.145,0.1,0.002351192329
0.05,0.8391664475,-0.05254010993,-0.1644583608,-0.03453783358,0,1,0.04997916927,0.9987502604,-1,0,1.42619368,1.646398542,-1.059157026,1.34714201,-0.5943679109,0.6125513863,0.5300254846,-1.350293627,1.546692442,1.383911828,1.822532463,-0.7522907443,-0.2272089196,0.05489480311,0.09735720197,0.2937601562,-0.5652041863,-0.0821905228,0.2910307231,-0.33178696,-0.4794261842,0.0419861194,0.07539596947,0.06720361199,-0.1763723368,0.1076695585,0.09711089712,-0.1154927791,0.008779179947,0.007127498388,0.007127498388,0,0.005,0.145,0.1,0.002937601562
0.06,0.8375221257,-0.05288566544,-0.1644044836,-0.03457429837,-0.009999833334,0.9999500004,0.04997916927,0.9987502604,0,0,1.427167252,1.649336143,-1.064809068,1.346320105,-0.5914576037,0.6092335167,0.5252312227,-1.349873765,1.547446401,1.384583865,1.82076874,-0.7512140487,-0.2262378107,0.05373987532,-0.06752786447,0,-0.1043662627,-0.08249472959,0.08289022109,-0.1151365785,-0.08763330287,0.04231937534,0.0753203071,0.06715193909,-0.1766714123,0.1075472576,0.09721818071,-0.1153148603,0.008803035698,0.007382657745,0.007382657745,0,0.005,0.155,0.1,0
0.07,0.8358783879,-0.05323161623,-0.1643415943,-0.03461686274,-0.009999833334,0.9999500004,0.04997916927,0.9987502604,0,0,1.426491973,1.649336143,-1.06585273,1.345495157,-0.5906287015,0.6080821509,0.5243548897,-1.349450572,1.548199605,1.385255384,1.819002026,-0.7501385761,-0.2252656288,0.05258672672,-0.06785662729,0,-0.1042190236,-0.08282873527,0.0829467409,-0.1148168139,-0.0876390738,0.0426708346,0.07524208596,0.06709956211,-0.1769944043,0.1074234591,0.09733095769,-0.1151382634,0.00880159711,0.007637628288,0.007637628288,0,0.005,0.155,0.1,0
0.08,0.834235323,-0.05357802249,-0.16426993,-0.03466536612,-0.009999833334,0.9999500004,0.04997916927,0.9987502604,0,0,1.425813407,1.649336143,-1.066894921,1.34466687,-0.5897992341,0.6069339828,0.523478499,-1.349023863,1.548952025,1.38592638,1.817232082,-0.7490643415,-0.2242923193,0.05143534408,-0.06820974386,0,-0.1040574317,-0.08319191985,0.08297950123,-0.1144781518,-0.08764047231,0.04304002783,0.07516133036,0.06704652239,-0.1773407549,0.107298179,0.0974491009,-0.1149630107,0.008800151707,0.007892401442,0.007892401442,0,0.005,0.15,0.1,0
0.09,0.8325930177,-0.05392494282,-0.1641897262,-0.0347196491,-0.009999833334,0.9999500004,0.04997916927,0.9987502604,0,0,1.425131309,1.649336143,-1.067935495,1.343834951,-0.588969439,0.6057892013,0.5226020943,-1.348593463,1.549703639,1.386596845,1.815458674,-0.7479913597,-0.2233178283,0.05028571398,-0.068573541,0,-0.1039188361,-0.0835836653,0.08300615678,-0.1141382222,-0.08766892898,0.04342648903,0.07507806529,0.06699286067,-0.1777099103,0.1071714345,0.09757248477,-0.1147891238,0.008798698972,0.008146968705,0.008146968705,0,0.005,0.15,0.1,0
0.1,0.8309515562,-0.05427243421,-0.1641012168,-0.03477955351,-0.009999833334,0.9999500004,0.04997916927,0.9987502604,-0.5,0,1.424445574,1.649336143,-1.068974683,1.342999114,-0.5881393775,0.6046478191,0.521725405,-1.348159198,1.550454419,1.387266773,1.813681575,-0.7469196454,-0.2223421034,0.04913782274,-0.0689656616,0,-0.1037516732,-0.08400335577,0.08300359778,-0.1137732851,-0.08768055705,0.04382975554,0.07499231642,0.06693861711,-0.17810132,0.1070432437,0.09770098536,-0.1146166237,0.008797238681,0.008401321645,0.008401321645,0,0.005,0.15,0.1,0
0.11,0.8293110203,-0.0546205521,-0.1640046335,-0.03484492237,-0.01499943751,0.9998875021,0.04997916927,0.9987502604,0,0,1.423755917,1.649336143,-1.0700122,1.34215908,-0.5873093415,0.6035100862,0.5208485994,-1.347720901,1.551204343,1.38793616,1.811900562,-0.745849213,-0.2213650936,0.0479916565,-0.06937759388,0,-0.1035785811,-0.08445037745,0.08298268241,-0.1133941515,-0.08769435632,0.04424936807,0.07490411007,0.06688383121,-0.1785144376,0.1069136257,0.09783448034,-0.1144455309,0.008795770236,0.008655451909,0.008655451909,0,0.01,0.155,0.1,0
0.12,0.8276714897,-0.05496935035,-0.1639002067,-0.03491559987,-0.01499943751,0.9998875021,0.04997916927,0.9987502604,0,0,1.423062141,1.649336143,-1.071047986,1.341314577,-0.5864795147,0.6023761447,0.5199716558,-1.347278407,1.551953384,1.388604998,1.810115417,-0.7447800767,-0.2203867488,0.04684720119,-0.06980347543,0,-0.1034149149,-0.08492411873,0.08295103882,-0.1130081612,-0.08772308235,0.04468487066,0.07481347325,0.06682854189,-0.1789487202,0.1067826005,0.09797284896,-0.1142758651,0.008794293219,0.008908910109,0.008794293219,0,0.01,0.155,0.095,0
0.13,0.8260330416,-0.05531888128,-0.1637881646,-0.03499143146,-0.01499943751,0.9998875021,0.04997916927,0.9987502604,0,0,1.422364107,1.649336143,-1.072082135,1.340465335,-0.5856500043,0.6012460631,0.519094425,-1.346831558,1.552701518,1.389273283,1.80832593,-0.7437122507,-0.2194070203,0.04570444254,-0.07025586361,0,-0.1032232071,-0.08542397034,0.08289180695,-0.1125982648,-0.08773492511,0.04513581072,0.0747204336,0.06677278739,-0.1794036289,0.1066501893,0.09811597208,-0.1141076455,0.008792807336,0.009159339578,0.008792807336,0,0.01,0.15,0.095,0
0.14,0.824395751,-0.05566919565,-0.163668734,-0.03507226372,-0.01499943751,0.9998875021,0.04997916927,0.9987502604,0,0,1.421661548,1.649336143,-1.073114367,1.339611096,-0.5848210862,0.6001200804,0.5182170758,-1.3463802,1.553448723,1.389941011,1.806531894,-0.7426457488,-0.2184258605,0.04456336609,-0.0707245662,0,-0.1030311776,-0.08594932527,0.08281829341,-0.1121775364,-0.08775310416,0.04560173902,0.07462501943,0.06671660535,-0.1798786282,0.106516414,0.09826373214,-0.1139408906,0.008791312029,0.009409511063,0.008791312029,0,0.01,0.15,0.095,0
0.15,0.8227596908,-0.05602034271,-0.1635421397,-0.03515794449,-0.01499943751,0.9998875021,0.04997916927,0.9987502604,0,0,1.420954302,1.649336143,-1.074144679,1.338751603,-0.5839929033,0.5989983051,0.5173395447,-1.345924183,1.554194973,1.390608177,1.804733108,-0.7415805847,-0.2174432232,0.04342395718,-0.07120576427,0,-0.1028484879,-0.08649957891,0.08273553352,-0.111750637,-0.08778553474,0.04608220969,0.07452725968,0.06666003272,-0.1803731869,0.1063812972,0.09841601315,-0.1137756184,0.008789806955,0.009659417153,0.008789806955,0,0.01,0.15,0.095,0
0.16,0.8211249314,-0.0563723702,-0.1634086047,-0.03524832277,-0.01499943751,0.9998875021,0.04997916927,0.9987502604,-0.5,0,1.420242245,1.649336143,-1.075173164,1.337886607,-0.5831655479,0.5978807987,0.5164616894,-1.345463361,1.554940245,1.391274778,1.802929376,-0.7405167717,-0.2164590631,0.042286201,-0.0717060363,0,-0.1026547509,-0.08707412912,0.08263451107,-0.1113084366,-0.08781486082,0.04657678023,0.07442718393,0.06660310582,-0.180886777,0.1062448627,0.09857270067,-0.1136118461,0.008788291852,0.009909050503,0.008788291852,0,0.01,0.15,0.095,0
0.17,0.8194915411,-0.05672532433,-0.1632683504,-0.03534324878,-0.01999866669,0.9998000067,0.04997916927,0.9987502604,0,0,1.419525184,1.649336143,-1.076199711,1.337015865,-0.5823392028,0.5967677143,0.5155835408,-1.344997593,1.555684517,1.391940809,1.801120508,-0.7394543231,-0.2154733361,0.04115008254,-0.07223116245,0,-0.1024316286,-0.08767237625,0.08250702801,-0.1108428402,-0.08782554279,0.04708501152,0.0743248224,0.06654586032,-0.1814188749,0.1061071349,0.09873368182,-0.1134495905,0.008786766321,0.01015840384,0.008786766321,0,0.015,0.155,0.095,0
0.18,0.817859586,-0.05707924984,-0.1631215963,-0.03544257394,-0.01999866669,0.9998000067,0.04997916927,0.9987502604,0,0,1.418802873,1.649336143,-1.077224027,1.336139142,-0.5815141326,0.5956592859,0.5147052853,-1.344526743,1.556427766,1.392606267,1.799306319,-0.7383932517,-0.2144859993,0.04001558663,-0.07276298874,0,-0.1022304352,-0.0882937231,0.08237765235,-0.1103775592,-0.08786048035,0.04760646781,0.07422020591,0.06648833122,-0.1819689603,0.1059681391,0.09889884523,-0.1132888677,0.008785229838,0.01040746997,0.008785229838,0,0.015,0.15,0.095,0
0.19,0.8162291301,-0.05743418998,-0.1629685602,-0.03554615086,-0.01999866669,0.9998000067,0.04997916927,0.9987502604,0,0,1.418075243,1.649336143,-1.078246332,1.335256204,-0.580690356,0.5945555103,0.5138266805,-1.344050678,1.557169968,1.393271151,1.79748663,-0.7373335703,-0.2134970108,0.03888269795,-0.07331278692,0,-0.1020170407,-0.08893757514,0.08223082194,-0.1098972274,-0.08789083627,0.04814071675,0.07411336589,0.06643055285,-0.1825365171,0.1058279012,0.09906808105,-0.1131296931,0.008783682266,0.01065624176,0.008783682266,0,0.015,0.15,0.095,0
0.2,0.814600235,-0.05779018654,-0.1628094581,-0.03565383335,-0.01999866669,0.9998000067,0.04997916927,0.9987502604,0,0,1.417342115,1.649336143,-1.079266502,1.334366829,-0.5798680478,0.5934565381,0.5129477722,-1.343569271,1.557911101,1.393935456,1.795661265,-0.7362752913,-0.21250633,0.03775140102,-0.07388026612,0,-0.1017908029,-0.08960334041,0.08206664288,-0.109401829,-0.087915927,0.04868732936,0.07400433436,0.06637255887,-0.1831210327,0.1056864481,0.09924128091,-0.1129720816,0.008782123228,0.01090471218,0.008782123228,0,0.015,0.15,0.09,0
0.21,0.8129729604,-0.05814727985,-0.1626445041,-0.03576547643,-0.01999866669,0.9998000067,0.04997916927,0.9987502604,-0.5,0,1.416603312,1.649336143,-1.08028441,1.333470795,-0.5790473814,0.5923625198,0.5120686129,-1.343082398,1.558651145,1.394599182,1.793830054,-0.7352184268,-0.2115139172,0.03662168021,-0.07446465258,0,-0.1015525038,-0.09029042959,0.08188588877,-0.1088919952,-0.08793626438,0.04924588006,0.07389314394,0.06631438231,-0.1837219984,0.1055438073,0.0994183379,-0.1128160475,0.008780552356,0.01115287427,0.008780552356,0,0.015,0.15,0.09,0
0.22,0.8113473637,-0.05850550879,-0.1624739108,-0.03588093631,-0.02499739591,0.9996875163,0.04997916927,0.9987502604,0,0,1.415858666,1.649336143,-1.081299935,1.332567891,-0.5782285225,0.5912735998,0.5111892503,-1.342589939,1.559390076,1.395262326,1.791992834,-0.7341629888,-0.2105197338,0.03549351973,-0.07505728796,0,-0.1013262365,-0.09099825601,0.0817004689,-0.1083788753,-0.08797180123,0.04981594669,0.07377982781,0.06625605549,-0.1843389095,0.1054000068,0.09959914659,-0.1126616043,0.008778969294,0.01140072113,0.008778969294,0,0.015,0.155,0.09,0
0.23,0.8097235003,-0.05886491082,-0.1622978887,-0.03600007042,-0.02499739591,0.9996875163,0.04997916927,0.9987502604,0,0,1.415108093,1.649336143,-1.082313198,1.331657908,-0.5774115178,0.5901898111,0.5103095322,-1.342091779,1.560127874,1.395924886,1.790149445,-0.7331089887,-0.2095237424,0.03436690369,-0.07566148971,0,-0.1011009752,-0.09172623574,0.08150562303,-0.1078576803,-0.08801312386,0.05039711045,0.07366441972,0.0661976101,-0.1849712648,0.1052550757,0.09978360291,-0.112508765,0.008777373876,0.01164824599,0.008777373876,0,0.015,0.155,0.09,0
0.24,0.8081014234,-0.05922552198,-0.1621166469,-0.03612273735,-0.02499739591,0.9996875163,0.04997916927,0.9987502604,0,0,1.414351478,1.649336143,-1.083324207,1.330740646,-0.5765964616,0.5891112343,0.509429401,-1.341587808,1.560864519,1.396586862,1.788299732,-0.7320564379,-0.2085259063,0.03324181604,-0.07628580434,0,-0.1008500143,-0.09247378758,0.08128897566,-0.1073166276,-0.08803782567,0.05098895601,0.07354695395,0.06613907714,-0.185618567,0.1051090434,0.09997160424,-0.112357542,0.008775765861,0.01189544213,0.008775765861,0,0.02,0.15,0.09,0
0.25,0.8064811841,-0.05958737688,-0.1619303924,-0.03624879694,-0.02499739591,0.9996875163,0.04997916927,0.9987502604,0,0,1.41358862,1.649336143,-1.084332707,1.329815908,-0.5757835718,0.588038068,0.5085490227,-1.341077919,1.561599988,1.397248253,1.786443547,-0.7310053475,-0.2075261903,0.03211824062,-0.07692048271,0,-0.1006007814,-0.09324033304,0.08106404644,-0.106768342,-0.0880686232,0.05159107139,0.07342746535,0.06608048697,-0.1862803227,0.1049619399,0.1001630493,-0.1122079468,0.00877414483,0.01214230294,0.00877414483,0,0.02,0.15,0.09,0
0.26,0.8048628315,-0.05995050876,-0.1617393305,-0.0363781102,-0.02499739591,0.9996875163,0.04997916927,0.9987502604,0,0,1.412819415,1.649336143,-1.085338715,1.328883505,-0.5749729314,0.5869703846,0.5076683365,-1.340562008,1.562334263,1.397909058,1.784580744,-0.7299557281,-0.2065245598,0.03099616115,-0.0775598975,0,-0.1003687951,-0.09402529638,0.0808387795,-0.106219983,-0.08811821911,0.05220304808,0.07330598926,0.06602186927,-0.1869560421,0.1048137962,0.1003578382,-0.1120599906,0.008772510568,0.01238882191,0.008772510568,0,0.02,0.15,0.09,0
0.27,0.8032464128,-0.06031494947,-0.1615436649,-0.03651053933,-0.02499739591,0.9996875163,0.04997916927,0.9987502604,-0.5,0,1.412043816,1.649336143,-1.086342403,1.327943252,-0.5741645436,0.5859081847,0.5067871543,-1.340039977,1.563067323,1.398569277,1.782711183,-0.7289075901,-0.2055209814,0.02987556124,-0.07821975964,0,-0.1001058736,-0.09482810473,0.08059035362,-0.105650192,-0.08814642024,0.05282448097,0.07318256153,0.06596325307,-0.1876452393,0.1046646435,0.1005558722,-0.1119136835,0.008770862984,0.01263499259,0.008770862984,0,0.02,0.15,0.09,0
0.28,0.8016319729,-0.06068072948,-0.1613435974,-0.03664594776,-0.0299955002,0.9995500337,0.04997916927,0.9987502604,0,0,1.411261618,1.649336143,-1.087343462,1.326994971,-0.57335864,0.5848516828,0.5059056901,-1.339511733,1.563799148,1.399228909,1.780834731,-0.7278609437,-0.2045154227,0.02875642441,-0.07889075572,0,-0.09983834695,-0.09564818792,0.08033181827,-0.1050710417,-0.08817498467,0.05345496838,0.07305721853,0.06590466677,-0.188347432,0.1045145137,0.1007570542,-0.1117690354,0.008769201649,0.01288080867,0.008769201649,0,0.02,0.155,0.085,0
0.29,0.8000195549,-0.0610478779,-0.1611393279,-0.0367842001,-0.0299955002,0.9995500337,0.04997916927,0.9987502604,0,0,1.410472711,1.649336143,-1.088341845,1.326038489,-0.5725553218,0.5838009724,0.5050239403,-1.338977183,1.56452972,1.399887956,1.778951256,-0.7268157986,-0.2035078521,0.02763873406,-0.07956547266,0,-0.09958721116,-0.09648497858,0.08007379482,-0.1044921029,-0.08822113483,0.05409411208,0.07292999709,0.06584613808,-0.1890621419,0.1043634393,0.1009612879,-0.1116260551,0.008767526336,0.0131262639,0.008767526336,0,0.02,0.155,0.085,0
0.3,0.7984091997,-0.06141642251,-0.1609310548,-0.03692516217,-0.0299955002,0.9995500337,0.04997916927,0.9987502604,0,0,1.409677056,1.649336143,-1.089337718,1.325073639,-0.5717545839,0.5827560514,0.5041417289,-1.338436242,1.56525902,1.400546417,1.777060635,-0.7257721642,-0.2024982393,0.0265224735,-0.08025804302,0,-0.09930865922,-0.09733791224,0.07979538108,-0.1038941012,-0.08824844248,0.05474151727,0.0728009345,0.06578769411,-0.189788894,0.1042114532,0.1011684786,-0.1114847509,0.008765836974,0.01337135217,0.008765836974,0,0.025,0.15,0.085,0
0.31,0.7968009465,-0.06178638974,-0.1607189746,-0.03706870098,-0.0299955002,0.9995500337,0.04997916927,0.9987502604,0,0,1.408874476,1.649336143,-1.090330804,1.32410026,-0.5709566301,0.5817171104,0.5032592445,-1.337888827,1.56598703,1.401204294,1.775162746,-0.7247300496,-0.2014865545,0.025407626,-0.08094910004,0,-0.09905980083,-0.09820642712,0.07952481,-0.103302635,-0.08830399155,0.05539679257,0.07267006852,0.06572936129,-0.1905272175,0.1040585889,0.1013785325,-0.1113451303,0.008764133191,0.01361606743,0.008764133191,0,0.025,0.15,0.085,0
0.32,0.7951948323,-0.06215780468,-0.1605032818,-0.03721468474,-0.0299955002,0.9995500337,0.04997916927,0.9987502604,-0.5,0,1.408064985,1.649336143,-1.091321402,1.323118196,-0.570161382,0.580684084,0.5023762046,-1.337334859,1.56671373,1.401861588,1.773257474,-0.7236894638,-0.2004727692,0.02429417469,-0.08166136664,0,-0.09877063612,-0.09908996443,0.07922825494,-0.1026868981,-0.08832979734,0.05605955009,0.07253743734,0.06567116545,-0.1912766449,0.1039048803,0.1015913574,-0.1112072003,0.008762415029,0.01386040376,0.008762415029,0,0.025,0.15,0.085,0
0.33,0.7935908922,-0.06253069115,-0.1602841696,-0.03736298288,-0.0349928546,0.9993875625,0.04997916927,0.9987502604,0,0,1.407248371,1.649336143,-1.092309109,1.322127296,-0.5693690994,0.579657215,0.5014929066,-1.336774263,1.567439105,1.402518299,1.771344707,-0.7226504149,-0.1994568556,0.02318210269,-0.0823759701,0,-0.09849697518,-0.09998796803,0.07893338002,-0.1020718526,-0.08837181841,0.05672940536,0.07240307957,0.06561313178,-0.1920367126,0.103750362,0.1018068616,-0.1110709668,0.008760682046,0.01410435534,0.008760682046,0,0.025,0.155,0.085,0
0.34,0.7919891596,-0.06290507162,-0.160061829,-0.03751346601,-0.0349928546,0.9993875625,0.04997916927,0.9987502604,0,0,1.406424611,1.649336143,-1.093294078,1.321127416,-0.5685797656,0.5786364965,0.5006091884,-1.336206969,1.568163136,1.403174431,1.76942434,-0.7216129113,-0.198438787,0.02207139302,-0.0830951512,0,-0.0982308961,-0.1008998847,0.07863674098,-0.1014541708,-0.08842332517,0.05740597737,0.07226703422,0.06555528485,-0.1928069607,0.1035950687,0.1020249551,-0.1109364352,0.008758934202,0.01434791647,0.008758934202,0,0.025,0.155,0.085,0
0.35,0.7903896658,-0.06328096732,-0.1598364495,-0.03766600593,-0.0349928546,0.9993875625,0.04997916927,0.9987502604,0,0,1.40559366,1.649336143,-1.094276387,1.320118418,-0.5677933982,0.5776219548,0.4997249552,-1.335632909,1.568885806,1.403829983,1.767496271,-0.7205769606,-0.1974185374,0.02096202867,-0.0838346378,0,-0.09792300742,-0.101825164,0.07831430002,-0.1008123783,-0.08844356123,0.05808888857,0.0721293407,0.06549764861,-0.1935869326,0.1034390358,0.1022455487,-0.1108036102,0.008757171407,0.01459108154,0.008757171407,0,0.025,0.15,0.085,0
0.36,0.7887924401,-0.06365839817,-0.1596082186,-0.03782047568,-0.0349928546,0.9993875625,0.04997916927,0.9987502604,0,0,1.404755314,1.649336143,-1.095255617,1.319100166,-0.5670102552,0.576613831,0.4988405196,-1.335052021,1.569607099,1.40448496,1.765560401,-0.7195425703,-0.1963960819,0.01985399257,-0.08456671927,0,-0.09765681704,-0.1027632584,0.07800766989,-0.1001833928,-0.08850106241,0.05877776487,0.07199003879,0.06544024641,-0.1943761757,0.103282299,0.1024685542,-0.1106724955,0.008755393242,0.01483384506,0.008755393242,0,0.025,0.15,0.08,0
0.37,0.7871975103,-0.06403738285,-0.1593773223,-0.03797674947,-0.0349928546,0.9993875625,0.04997916927,0.9987502604,0,0,1.403909646,1.649336143,-1.096232185,1.318072533,-0.5662301785,0.5756119971,0.4979555089,-1.334464243,1.570327,1.405139362,1.76361664,-0.7185097473,-0.1953713964,0.01874726761,-0.08531042951,0,-0.09737286885,-0.103713623,0.07768784033,-0.09954130739,-0.08854679167,0.05947223564,0.07184916864,0.06538310101,-0.1951742409,0.1031248944,0.1026938844,-0.1105430942,0.008753599873,0.01507620166,0.008753599873,0,0.03,0.15,0.08,0
0.38,0.785604902,-0.06441793876,-0.1591439445,-0.0381347027,-0.0349928546,0.9993875625,0.04997916927,0.9987502604,-0.5,0,1.403056542,1.649336143,-1.097205914,1.317035397,-0.5654533001,0.574616584,0.497070041,-1.333869521,1.571045491,1.405793193,1.761664897,-0.7174784984,-0.1943444575,0.01764183667,-0.08606400606,0,-0.09707518495,-0.1046757159,0.07735708612,-0.09888815734,-0.08858396733,0.06017193371,0.07170677073,0.06532623456,-0.1959806825,0.1029668584,0.1029214532,-0.1104154086,0.008751791063,0.01531814606,0.008751791063,0,0.03,0.15,0.08,0
0.39,0.7840146391,-0.06480008209,-0.1589082677,-0.038294212,-0.03998933419,0.9992001067,0.04997916927,0.9987502604,0,0,1.402195902,1.649336143,-1.098176666,1.31598864,-0.5646797293,0.5736277024,0.4961842014,-1.333267801,1.571762559,1.406446456,1.75970509,-0.7164488298,-0.193315243,0.01653768258,-0.08682128451,0,-0.09678152058,-0.1056489979,0.07702457585,-0.09823192477,-0.08862701776,0.0608764954,0.07156288588,0.06526966864,-0.1967950586,0.102808228,0.1031511755,-0.1102894401,0.008749966612,0.01555967313,0.008749966612,0,0.03,0.155,0.08,0
0.4,0.7824267437,-0.06518382778,-0.1586704722,-0.03845515518,-0.03998933419,0.9992001067,0.04997916927,0.9987502604,0,0,1.401327689,1.649336143,-1.099144481,1.31493215,-0.5639094835,0.5726453832,0.4952979312,-1.332659036,1.572478188,1.407099152,1.75773714,-0.7154207475,-0.1922837312,0.01543478818,-0.08757976591,0,-0.09649849825,-0.1066329326,0.07669400333,-0.09757567606,-0.08868119464,0.06158556048,0.07141755523,0.06521342424,-0.1976169308,0.1026490403,0.1033829667,-0.1101651893,0.008748126453,0.01580077783,0.008748126453,0,0.03,0.155,0.08,0
0.41,0.7808412361,-0.06556918957,-0.158430737,-0.03861741126,-0.03998933419,0.9992001067,0.04997916927,0.9987502604,0,0,1.400451891,1.649336143,-1.100109466,1.313865821,-0.5631425435,0.5716696264,0.4944111192,-1.332043181,1.573192364,1.407751287,1.75576097,-0.7143942571,-0.1912499016,0.01433313629,-0.08834985713,0,-0.09619255757,-0.1076269864,0.0763488846,-0.09690506316,-0.0887189484,0.06229877218,0.0712708202,0.06515752182,-0.198445864,0.1024893328,0.1036167435,-0.1100426561,0.008746270571,0.01604145526,0.008746270571,0,0.03,0.15,0.08,0
0.42,0.7792581348,-0.06595617998,-0.1581892389,-0.03878086045,-0.03998933419,0.9992001067,0.04997916927,0.9987502604,0,0,1.399568393,1.649336143,-1.101071392,1.312789551,-0.5623790546,0.5707005758,0.4935239297,-1.331420193,1.573905072,1.408402862,1.753776512,-0.7133693638,-0.1902137341,0.01323270973,-0.08912215638,0,-0.09589167658,-0.1086306284,0.07600354948,-0.09623246112,-0.08876302411,0.06301577722,0.0711227225,0.06510198123,-0.1992814269,0.1023291434,0.1038524233,-0.1099218394,0.008744398731,0.01628170061,0.008744398731,0,0.03,0.15,0.08,0
0.43,0.7776774566,-0.06634481036,-0.1579461531,-0.03894538418,-0.03998933419,0.9992001067,0.04997916927,0.9987502604,0,0,1.398677171,1.649336143,-1.102030309,1.311703245,-0.5616190191,0.5697382512,0.4926362995,-1.330790035,1.574616299,1.409053882,1.751783698,-0.7123460723,-0.1891752099,0.01213349133,-0.08989819995,0,-0.09558991074,-0.1096433306,0.075655351,-0.09555549956,-0.08880843196,0.0637362258,0.07097330411,0.06504682181,-0.2001231914,0.1021685101,0.1040899242,-0.1098027375,0.008742510896,0.01652150922,0.008742510896,0,0.03,0.15,0.08,0
0.44,0.7760992165,-0.06673509086,-0.1577016532,-0.03911086505,-0.03998933419,0.9992001067,0.04997916927,0.9987502604,-0.5,0,1.397778189,1.649336143,-1.102986208,1.310606811,-0.5608624656,0.5687826962,0.4917482152,-1.330152673,1.575326032,1.40970435,1.749782466,-0.7113243872,-0.1881343107,0.01103546396,-0.09067495966,0,-0.09529561756,-0.1106645675,0.07530884903,-0.09487798038,-0.08886183393,0.06445977156,0.07082260727,0.06499206235,-0.200970733,0.1020074715,0.1043291652,-0.1096853474,0.008740606998,0.01676087654,0.008740606998,0,0.035,0.15,0.075,0
0.45,0.7745234277,-0.06712703046,-0.1574559108,-0.03927718688,-0.04498481404,0.9989876708,0.04997916927,0.9987502604,0,0,1.39687144,1.649336143,-1.103939164,1.309500166,-0.5601093771,0.5678339164,0.4908595968,-1.329508075,1.576034258,1.410354271,1.747772758,-0.7103043125,-0.187091019,0.009938610485,-0.09145441989,0,-0.09500145302,-0.1116938166,0.07496067115,-0.09419693431,-0.08891711026,0.06518607163,0.07067067444,0.06493772111,-0.2018236306,0.101846066,0.1045700659,-0.1095696658,0.008738687034,0.01699979814,0.008738687034,0,0.035,0.155,0.075,0
0.46,0.7729501018,-0.06752063701,-0.1572090957,-0.03944423468,-0.04498481404,0.9989876708,0.04997916927,0.9987502604,0,0,1.395956896,1.649336143,-1.104889178,1.308383227,-0.5593597704,0.566891947,0.4899704257,-1.328856214,1.576740965,1.411003648,1.745754522,-0.7092858518,-0.1860453184,0.008842913827,-0.09224734821,0,-0.09467213343,-0.112730558,0.07459315269,-0.09349748305,-0.08894553861,0.06591478662,0.07051754831,0.06488381582,-0.2026814666,0.1016843328,0.1048125468,-0.1094556881,0.008736750958,0.01723826972,0.008736750958,0,0.035,0.155,0.075,0
0.47,0.7713792488,-0.0679159172,-0.1569613761,-0.03961189469,-0.04498481404,0.9989876708,0.04997916927,0.9987502604,0,0,1.395034422,1.649336143,-1.1058359,1.307255922,-0.5586138389,0.5659569722,0.4890809704,-1.328197067,1.57744614,1.411652486,1.743727707,-0.7082690085,-0.1849971929,0.007748356946,-0.09303271309,0,-0.0943729481,-0.1137742744,0.07423977959,-0.09280782189,-0.0889999802,0.06664558059,0.07036327179,0.06483036371,-0.2035438265,0.1015223108,0.1050565288,-0.1093434089,0.008734798496,0.01747628712,0.008734798496,0,0.035,0.155,0.075,0
0.48,0.7698108768,-0.06831287657,-0.1567129183,-0.0397800543,-0.04498481404,0.9989876708,0.04997916927,0.9987502604,0,0,1.394104095,1.649336143,-1.106779629,1.306118179,-0.5578714411,0.565028894,0.4881909706,-1.327530611,1.578149773,1.41230079,1.741692269,-0.7072537854,-0.1839466276,0.006654922857,-0.09381846213,0,-0.09407778116,-0.1148244513,0.07388763728,-0.09211692289,-0.08905907558,0.0673781211,0.07020788794,0.06477738151,-0.2044102994,0.1013600395,0.1053019338,-0.109232822,0.008732829821,0.01771384627,0.008732829821,0,0.035,0.15,0.075,0
0.49,0.7682449923,-0.06871151958,-0.1564638869,-0.03994860213,-0.04498481404,0.9989876708,0.04997916927,0.9987502604,0,0,1.39316591,1.649336143,-1.107720407,1.304969935,-0.5571325647,0.5641077248,0.4873003798,-1.32685683,1.578851852,1.412948563,1.739648166,-0.706240185,-0.1828936083,0.005562594637,-0.09461629517,0,-0.0937481247,-0.1158805769,0.0735172722,-0.09140862763,-0.08909159896,0.06811207913,0.07005144004,0.06472488544,-0.2052804776,0.1011975585,0.105548684,-0.1091239203,0.008730844937,0.01795094325,0.008730844937,0,0.035,0.15,0.075,0
0.5,0.7666816004,-0.06911184954,-0.1562144446,-0.04011742801,-0.04498481404,0.9989876708,0.04997916927,0.9987502604,-0.5,0,1.392219747,1.649336143,-1.108657888,1.303811129,-0.556397392,0.5631936385,0.4864094638,-1.326175709,1.579552366,1.413595812,1.737595361,-0.7052282094,-0.1818381214,0.004471355435,-0.09540578139,0,-0.09344798704,-0.1169421419,0.07316175384,-0.09071038798,-0.08914917723,0.06884712917,0.06989397151,0.06467289127,-0.2061539568,0.1010349075,0.1057967022,-0.1090166956,0.008728843601,0.01818757428,0.008728843601,0,0.04,0.15,0.075,0
0.51,0.7651207043,-0.0695138687,-0.1559647526,-0.04028642295,-0.04997916927,0.9987502604,0.04997916927,0.9987502604,0,0,1.39126569,1.649336143,-1.109592368,1.302641707,-0.5556657745,0.5622865346,0.485517972,-1.325487237,1.580251306,1.414242541,1.735533822,-0.7042178604,-0.1807801544,0.003381188479,-0.09619520655,0,-0.09314994935,-0.1180086397,0.07280737433,-0.09001070456,-0.08920948988,0.06958294916,0.06973552591,0.06462141426,-0.207030336,0.1008721264,0.1060459119,-0.108911139,0.008726826001,0.01842373568,0.008726826001,0,0.04,0.155,0.075,0
0.52,0.7635623056,-0.06991757821,-0.1557149701,-0.04045547916,-0.04997916927,0.9987502604,0.04997916927,0.9987502604,0,0,1.390303737,1.649336143,-1.110523868,1.301461621,-0.5549377007,0.5613864276,0.4846258771,-1.324791408,1.580948661,1.414888755,1.733463518,-0.7032091391,-0.1797196953,0.002292077088,-0.09699662616,0,-0.09281400891,-0.1190795664,0.07243373201,-0.08929291084,-0.08924024403,0.07031922048,0.06957614696,0.06457046923,-0.2079092173,0.1007092554,0.106296237,-0.1088072406,0.008724792151,0.01865942392,0.008724792151,0,0.04,0.155,0.07,0
0.53,0.7620064046,-0.07032297813,-0.1554652545,-0.04062449007,-0.04997916927,0.9987502604,0.04997916927,0.9987502604,0,0,1.389333771,1.649336143,-1.111452008,1.300270825,-0.5542133634,0.5604934985,0.4837334747,-1.324088216,1.581644423,1.41553446,1.731384426,-0.7022020465,-0.1786567329,0.001204004682,-0.09778827366,0,-0.0925090893,-0.1201544205,0.07207666239,-0.08858634473,-0.08929682998,0.07105562798,0.06941587846,0.06452007056,-0.208790206,0.1005463347,0.106547602,-0.1087049895,0.008722741812,0.01889463559,0.008722741812,0,0.04,0.155,0.07,0
0.54,0.7604529998,-0.0707300675,-0.1552157616,-0.04079335028,-0.04997916927,0.9987502604,0.04997916927,0.9987502604,0,0,1.388355888,1.649336143,-1.112377099,1.299069281,-0.5534925968,0.559607635,0.4828405064,-1.323377659,1.582338581,1.416179661,1.729296524,-0.7011965832,-0.1775912569,0.0001169547863,-0.09857798455,0,-0.09220903175,-0.1212327032,0.07172299902,-0.08788011022,-0.08935802171,0.07179185998,0.06925476435,0.06447023215,-0.209672911,0.1003834047,0.1067999316,-0.1086043739,0.008720675202,0.01912936742,0.008720675202,0,0.04,0.15,0.07,0
0.55,0.7589020882,-0.07113884429,-0.1549666452,-0.04096195561,-0.04997916927,0.9987502604,0.04997916927,0.9987502604,0,0,1.387370109,1.649336143,-1.113299189,1.297856954,-0.5527753668,0.5587288339,0.4819469262,-1.322659741,1.583031129,1.416824363,1.727199795,-0.7001927491,-0.1765232576,-0.0009690889529,-0.09937699878,0,-0.09187618599,-0.1223139183,0.0713534116,-0.08715863316,-0.08939353141,0.07252760822,0.06909284863,0.0644209675,-0.2105569439,0.1002205059,0.1070531513,-0.108505381,0.008718592377,0.01936361627,0.008718592377,0,0.04,0.15,0.07,0
0.56,0.7573536651,-0.07154930542,-0.1547180576,-0.04113020308,-0.04997916927,0.9987502604,0.04997916927,0.9987502604,-0.5,0,1.386376339,1.649336143,-1.114217951,1.296633815,-0.5520618327,0.5578572476,0.4810529909,-1.321934465,1.583722058,1.417468573,1.725094226,-0.6991905441,-0.1754527261,-0.002054142763,-0.1001660161,0,-0.09157216017,-0.123397572,0.07100019169,-0.08644796722,-0.08945265917,0.07326256791,0.06893017538,0.06437228967,-0.2114419197,0.100057679,0.1073071866,-0.1084079972,0.008716493152,0.01959737911,0.008716493152,0,0.04,0.15,0.07,0
0.57,0.7558077247,-0.07196144682,-0.1544701491,-0.04129799091,-0.05497227503,0.9984878812,0.04997916927,0.9987502604,0,0,1.385374678,1.649336143,-1.115133672,1.295399839,-0.5513518307,0.5569927679,0.4801584643,-1.321201839,1.584411359,1.418112296,1.722979806,-0.6981899673,-0.1743796542,-0.003138222735,-0.100958216,0,-0.09125303173,-0.1244831732,0.07064074043,-0.08572990428,-0.08950008813,0.07399643767,0.06876678877,0.06432421132,-0.2123274565,0.09989496467,0.1075619635,-0.1083122077,0.008714377754,0.01983065308,0.008714377754,0,0.045,0.155,0.07,0
0.58,0.7542642594,-0.07237526337,-0.1542230684,-0.04146521852,-0.05497227503,0.9984878812,0.04997916927,0.9987502604,0,0,1.384365096,1.649336143,-1.116046203,1.294155007,-0.5506454233,0.5561354689,0.4792634634,-1.320461875,1.585099027,1.418755538,1.720856532,-0.6971910176,-0.1733040346,-0.004221344812,-0.1017435786,0,-0.0909505145,-0.125570233,0.07029189097,-0.08501788144,-0.08956106696,0.07472891958,0.06860273298,0.0642767447,-0.2132131756,0.09973240372,0.1078174086,-0.1082179968,0.008712246127,0.02006343542,0.008712246127,0,0.045,0.155,0.07,0
0.59,0.7527232601,-0.07279074899,-0.1539769622,-0.04163178651,-0.05497227503,0.9984878812,0.04997916927,0.9987502604,0,0,1.383347661,1.649336143,-1.116955708,1.292899305,-0.5499425044,0.55528529,0.4783678527,-1.319714586,1.585785055,1.419398305,1.7187244,-0.6961936936,-0.1722258605,-0.00530352478,-0.1025332713,0,-0.09062691633,-0.1266582653,0.0699341396,-0.08429640949,-0.08960539206,0.07545971915,0.06843805225,0.06422990166,-0.2140987012,0.09957003706,0.1080734485,-0.1081253481,0.008710098432,0.02029572352,0.008710098432,0,0.045,0.155,0.07,0
0.6,0.7511847164,-0.07320789658,-0.1537319757,-0.04179759671,-0.05497227503,0.9984878812,0.04997916927,0.9987502604,0,0,1.382322328,1.649336143,-1.117861977,1.291632722,-0.549243163,0.5544423259,0.4774717988,-1.318959988,1.586469435,1.420040604,1.716583413,-0.6951979932,-0.171145126,-0.006384778261,-0.1033182409,0,-0.09031089964,-0.1277467864,0.06958275106,-0.08357762312,-0.08965584415,0.07618854528,0.06827279084,0.06418369367,-0.2149836607,0.09940790564,0.1083300101,-0.1080342438,0.008707934591,0.02052751489,0.008707934591,0,0.045,0.155,0.065,0
0.61,0.7496486164,-0.07362669807,-0.1534882521,-0.04196255214,-0.05497227503,0.9984878812,0.04997916927,0.9987502604,0,0,1.381289145,1.649336143,-1.118765086,1.290355255,-0.5485473355,0.5536065497,0.4765752404,-1.318198103,1.587152163,1.420682441,1.714433576,-0.6942039142,-0.1700618259,-0.007465120698,-0.1040991737,0,-0.08999924869,-0.1288353148,0.06923630669,-0.08286036409,-0.08970972758,0.07691511033,0.068106993,0.06413813185,-0.2158676845,0.09924605045,0.1085870208,-0.1079446654,0.008705754717,0.02075880719,0.008705754717,0,0.045,0.15,0.065,0
0.62,0.7481149467,-0.07404714445,-0.153245933,-0.042126557,-0.05497227503,0.9984878812,0.04997916927,0.9987502604,-0.5,0,1.380248154,1.649336143,-1.119665078,1.289066901,-0.5478549725,0.5527779461,0.4756781431,-1.317428952,1.587833233,1.421323822,1.7122749,-0.6932114537,-0.1689759557,-0.008544567352,-0.1048753128,0,-0.08969351646,-0.1299233716,0.0688958914,-0.0821454519,-0.08976814734,0.07763913003,0.06794070299,0.06409322691,-0.2167504061,0.09908451253,0.1088444079,-0.1078565933,0.008703558911,0.02098959821,0.008703558911,0,0.045,0.15,0.065,0
0.63,0.7465836926,-0.07446922573,-0.1530051581,-0.04228951672,-0.05996400648,0.9982005399,0.04997916927,0.9987502604,0,0,1.379199401,1.649336143,-1.120562014,1.287767668,-0.5471660135,0.5519564916,0.4747804616,-1.316652561,1.58851264,1.421964755,1.710107396,-0.6922206086,-0.1678875116,-0.009623133286,-0.1056532446,0,-0.08937074934,-0.1310104805,0.06854957053,-0.08142363972,-0.08981279112,0.07836032355,0.06777396507,0.06404898924,-0.2176314618,0.09892333297,0.1091020992,-0.1077700071,0.008701347288,0.02121988585,0.008701347288,0,0.05,0.155,0.065,0
0.64,0.7450548379,-0.07489293099,-0.1527660654,-0.04245133792,-0.05996400648,0.9982005399,0.04997916927,0.9987502604,0,0,1.378142868,1.649336143,-1.121455721,1.286457563,-0.5464805178,0.5511422552,0.4738823337,-1.315868957,1.58919038,1.422605245,1.707931081,-0.6912313752,-0.1667964906,-0.01070083336,-0.10642588,0,-0.08905348914,-0.1320961671,0.06820949766,-0.08070442249,-0.08986145769,0.07907841342,0.06760682345,0.06400542887,-0.2185104911,0.09876255283,0.1093600225,-0.107684885,0.008699119825,0.02144966819,0.008699119825,0,0.05,0.155,0.065,0
0.65,0.7435283652,-0.07531824839,-0.1525287911,-0.0426119284,-0.05996400648,0.9982005399,0.04997916927,0.9987502604,0,0,1.377078609,1.649336143,-1.122346256,1.285136601,-0.5457984229,0.5503352109,0.4729837191,-1.315078173,1.589866448,1.423245299,1.705745976,-0.6902437497,-0.1657028904,-0.01177768221,-0.1071902053,0,-0.08875094495,-0.13317996,0.0678808452,-0.0799917357,-0.0899212904,0.07979312558,0.06743932231,0.06396255551,-0.2193871364,0.09860221321,0.1096181059,-0.1076012047,0.00869687665,0.02167894339,0.00869687665,0,0.05,0.155,0.065,0
0.66,0.7420042556,-0.07574516515,-0.1522934696,-0.04277119719,-0.05996400648,0.9982005399,0.04997916927,0.9987502604,0,0,1.376006707,1.649336143,-1.123233765,1.283804802,-0.5451196144,0.5495352936,0.4720845062,-1.314280242,1.590540841,1.423884924,1.703552105,-0.6892577276,-0.1646067093,-0.01285369425,-0.1079523004,0,-0.08844179712,-0.1342613895,0.06755249784,-0.07927703086,-0.0899753056,0.08050418935,0.06727150577,0.06392037851,-0.220261043,0.09844235519,0.1098762775,-0.1075189427,0.008694617952,0.02190770978,0.008694617952,0,0.05,0.155,0.065,0
0.67,0.7404824889,-0.07617366763,-0.1520602336,-0.0429290545,-0.05996400648,0.9982005399,0.04997916927,0.9987502604,0,0,1.374927184,1.649336143,-1.124118183,1.282462188,-0.5444440894,0.5487425233,0.4711847532,-1.3134752,1.591213556,1.424524128,1.701349494,-0.688273304,-0.1635079466,-0.01392888368,-0.1087129104,0,-0.08812245455,-0.1353399888,0.06722271372,-0.0785590713,-0.09002060206,0.08121133741,0.0671034179,0.06387890693,-0.221131859,0.09828301984,0.1101344657,-0.1074380743,0.008692343793,0.02213596582,0.008692343793,0,0.05,0.155,0.065,0
0.68,0.7389630435,-0.07660374124,-0.1518292139,-0.04308541176,-0.05996400648,0.9982005399,0.04997916927,0.9987502604,-0.5,0,1.373840055,1.649336143,-1.124999408,1.281108788,-0.5437718623,0.5479569326,0.4702845471,-1.312663087,1.59188459,1.425162917,1.699138176,-0.6872904738,-0.1624066019,-0.01500326442,-0.1094633456,0,-0.08782132287,-0.1364152931,0.0669069325,-0.07784960828,-0.09007945937,0.08191430582,0.06693510269,0.06383814951,-0.2219992356,0.09812424819,0.1103925989,-0.1073585742,0.00869005422,0.02236371009,0.00869005422,0,0.05,0.15,0.06,0
0.69,0.7374458968,-0.07703537057,-0.1516005397,-0.04324018158,-0.06495423883,0.9978882437,0.04997916927,0.9987502604,0,0,1.372745422,1.649336143,-1.125877621,1.279744635,-0.543102793,0.5471784365,0.4693837525,-1.311843944,1.592553941,1.425801299,1.696918183,-0.6863092313,-0.1613026759,-0.01607685017,-0.1102117307,0,-0.08750998788,-0.13748684,0.06659013918,-0.07713727394,-0.0901293822,0.08261283396,0.06676660404,0.06379811469,-0.2228628269,0.09796608125,0.1106506055,-0.1072804158,0.008687749463,0.02259094132,0.008687749463,0,0.05,0.155,0.06,0
0.7,0.7359310245,-0.0774685393,-0.1513743383,-0.04339327776,-0.06495423883,0.9978882437,0.04997916927,0.9987502604,0,0,1.371643304,1.649336143,-1.126752721,1.278369767,-0.5424368916,0.5464070637,0.4684824587,-1.311017815,1.593221607,1.42643928,1.694689555,-0.6853295705,-0.1601961699,-0.01714965432,-0.1109494734,0,-0.08721672971,-0.1385541695,0.0662877691,-0.07643371053,-0.0901924875,0.08330666459,0.06659796578,0.06375881062,-0.2237222896,0.09780855996,0.1109084141,-0.1072035717,0.008685429581,0.02281765835,0.008685429581,0,0.05,0.155,0.06,0
0.71,0.7344184014,-0.07790323026,-0.1511507352,-0.04354461535,-0.06495423883,0.9978882437,0.04997916927,0.9987502604,0,0,1.37053381,1.649336143,-1.127624888,1.276984225,-0.5417740139,0.5456427266,0.4675805339,-1.310184749,1.593887587,1.427076868,1.692452332,-0.6843514849,-0.1590870857,-0.01822169004,-0.1116923464,0,-0.08688673852,-0.1396168236,0.06597043221,-0.07571698818,-0.09022568351,0.08399554379,0.0664292316,0.06372024514,-0.2245772836,0.09765172522,0.1111659532,-0.1071280135,0.008683094813,0.02304386018,0.008683094813,0,0.05,0.155,0.06,0
0.72,0.7329080007,-0.07833942546,-0.1509298543,-0.04369411054,-0.06495423883,0.9978882437,0.04997916927,0.9987502604,0,0,1.369416886,1.649336143,-1.128493756,1.275588057,-0.5411143096,0.5448855567,0.466678277,-1.309344793,1.594551879,1.42771407,1.690206559,-0.6833749677,-0.1579754262,-0.01929297018,-0.1124148381,0,-0.08660637305,-0.1406743469,0.0656850204,-0.07502210549,-0.09029654431,0.08467922098,0.0662604451,0.06368242586,-0.2254274712,0.09749561785,0.1114231516,-0.1070537116,0.008680745067,0.02326954593,0.008680745067,0,0.05,0.155,0.06,0
0.73,0.7313997948,-0.07877710606,-0.1507118176,-0.04384168075,-0.06495423883,0.9978882437,0.04997916927,0.9987502604,0,0,1.368292738,1.649336143,-1.12935982,1.274181313,-0.5404574594,0.5441353357,0.4657753116,-1.308498001,1.595214484,1.428350895,1.687952285,-0.6824000115,-0.1568611947,-0.02036350729,-0.1131405565,0,-0.08629385101,-0.1417262861,0.06538748184,-0.07431631837,-0.09034090766,0.08535744886,0.06609164975,0.06364536008,-0.226272518,0.09734027859,0.1116799378,-0.1069806358,0.008678380788,0.02349471484,0.008678380788,0,0.05,0.155,0.06,0
0.74,0.7298937545,-0.07921625239,-0.1504967453,-0.04398724461,-0.06495423883,0.9978882437,0.04997916927,0.9987502604,0,0,1.367161332,1.649336143,-1.130222758,1.27276405,-0.5398035845,0.5433921725,0.4648719025,-1.307644426,1.5958754,1.428987348,1.685689559,-0.6814266087,-0.1557443953,-0.02143331365,-0.113859055,0,-0.08598400386,-0.1427721903,0.06509684121,-0.07361385755,-0.09038596938,0.08602998348,0.06592288887,0.06360905487,-0.227112092,0.0971857481,0.1119362404,-0.1069087546,0.008676001924,0.02371936631,0.008676001924,0,0.05,0.155,0.06,0
0.75,0.7283898496,-0.07965684399,-0.1502847558,-0.04413072194,-0.06495423883,0.9978882437,0.04997916927,0.9987502604,-0.5,0,1.366022742,1.649336143,-1.131082598,1.271336328,-0.5391526161,0.5426560339,0.4639680428,-1.306784127,1.596534629,1.429623439,1.683418438,-0.6804547512,-0.1546250329,-0.02250240119,-0.1145678263,0,-0.08568466219,-0.1438116105,0.06481757933,-0.07291802337,-0.09043771119,0.08669658416,0.06575420565,0.063573517,-0.2279458642,0.09703206692,0.1121919882,-0.1068380356,0.008673608643,0.02394349985,0.008673608643,0.005,0.05,0.155,0.06,0
0.76,0.7268880487,-0.08009885961,-0.150075966,-0.04427203374,-0.06994284734,0.9975510003,0.04997916927,0.9987502604,0,0,1.364877063,1.649336143,-1.131939445,1.269898212,-0.5385044403,0.5419268537,0.4630636657,-1.305917161,1.597192171,1.430259174,1.68113898,-0.6794844306,-0.153503113,-0.02357078155,-0.1152624851,0,-0.08541034345,-0.1448441002,0.06455788486,-0.07223473215,-0.09050726391,0.08735701351,0.06558564314,0.06353875306,-0.2287735082,0.09687927552,0.1124471096,-0.1067684457,0.008671201165,0.02416711511,0.008671201165,0,0.06,0.155,0.055,0
0.77,0.7253883192,-0.08054227719,-0.1498704907,-0.04441110223,-0.06994284734,0.9975510003,0.04997916927,0.9987502604,0,0,1.363724439,1.649336143,-1.132793548,1.268449771,-0.5378588615,0.5412045064,0.4621585931,-1.305043591,1.597848028,1.430894562,1.678851245,-0.6785156378,-0.1523786419,-0.02463846601,-0.115962506,0,-0.08509235315,-0.1458692152,0.06428034696,-0.07153685637,-0.09054112039,0.08801103741,0.0654172442,0.06350476934,-0.2295947006,0.0967274142,0.1127015332,-0.1066999504,0.008668779804,0.02439021186,0.008668779804,0,0.06,0.155,0.055,0
0.78,0.7238906275,-0.08098707392,-0.149668443,-0.04454785084,-0.06994284734,0.9975510003,0.04997916927,0.9987502604,0,0,1.362564813,1.649336143,-1.133644472,1.266991079,-0.537216058,0.5404891378,0.4612531818,-1.30416348,1.5985022,1.431529609,1.676555298,-0.6775483637,-0.1512516266,-0.02570546551,-0.1166453334,0,-0.08480837949,-0.1468865133,0.06402767512,-0.07085546723,-0.09059956448,0.08865842501,0.06524905154,0.06347157192,-0.2304091205,0.09657652317,0.1129551875,-0.1066325147,0.008666344462,0.02461279003,0.008666344462,0,0.06,0.155,0.055,0
0.79,0.7223949386,-0.08143322622,-0.1494699344,-0.04468220418,-0.06994284734,0.9975510003,0.04997916927,0.9987502604,0,0,1.36139836,1.649336143,-1.134492555,1.265522214,-0.5365757813,0.5397805831,0.4603471862,-1.303276896,1.599154691,1.432164325,1.674251207,-0.6765825984,-0.1501220747,-0.02677179066,-0.1173223203,0,-0.08451801131,-0.1478955548,0.06377792418,-0.07017468829,-0.09065108381,0.08929894872,0.06508110768,0.06343916668,-0.23121645,0.0964266425,0.113208001,-0.1065661023,0.008663895517,0.02483484964,0.008663895517,0,0.06,0.155,0.055,0
0.8,0.7209012166,-0.08188070977,-0.1492750744,-0.04481408807,-0.06994284734,0.9975510003,0.04997916927,0.9987502604,0,0,1.360225137,1.649336143,-1.135337736,1.264043258,-0.535938002,0.5390788363,0.4594406754,-1.302383907,1.599805502,1.432798717,1.671939042,-0.675618332,-0.1489899947,-0.02783745168,-0.117990431,0,-0.08423101011,-0.1488959018,0.06353662776,-0.06949857415,-0.09070314896,0.08993238417,0.06491345497,0.06340755923,-0.2320163735,0.0962778121,0.1134599019,-0.1065006761,0.008661433108,0.02505639087,0.008661433108,0,0.06,0.155,0.055,0
0.81,0.7194094246,-0.08232949951,-0.1490839709,-0.04494342952,-0.06994284734,0.9975510003,0.04997916927,0.9987502604,-0.5,0,1.359045233,1.649336143,-1.136180046,1.262554299,-0.5353026358,0.5383838505,0.4585336439,-1.301484583,1.600454636,1.433432792,1.669618878,-0.6746555539,-0.1478553957,-0.02890245844,-0.1186494193,0,-0.08394742301,-0.1498871189,0.06330399486,-0.06882731995,-0.09075568295,0.09055851024,0.06474613555,0.06337675502,-0.2328085786,0.09613007172,0.1137108186,-0.1064361982,0.008658957438,0.02527741401,0.008658957438,0,0.06,0.155,0.055,0
0.82,0.7179195243,-0.08277956965,-0.1488967299,-0.04507015676,-0.07492970727,0.9971888181,0.04997916927,0.9987502604,0,0,1.357858738,1.649336143,-1.13701952,1.261055428,-0.5346695958,0.5376955773,0.457626087,-1.300578998,1.601102098,1.43406656,1.667290793,-0.6736942532,-0.1467182875,-0.02996682042,-0.1193017006,0,-0.08365784157,-0.1508687729,0.06307498184,-0.06815742203,-0.0908013306,0.09117710902,0.06457919136,0.06334675924,-0.2335927552,0.09598346097,0.1139606792,-0.1063726295,0.008656468714,0.02549791949,0.008656468714,0,0.065,0.16,0.055,0
0.83,0.7164314767,-0.08323089369,-0.1487134557,-0.04519419919,-0.07492970727,0.9971888181,0.04997916927,0.9987502604,0,0,1.356665721,1.649336143,-1.137856098,1.259546741,-0.534038846,0.5370140031,0.4567180737,-1.299667226,1.60174789,1.434700027,1.664954865,-0.6727344185,-0.1455786807,-0.03103054672,-0.1199441279,0,-0.08337256243,-0.1518404328,0.06285544796,-0.06749311114,-0.0908479376,0.09178796582,0.06441266415,0.06331757692,-0.2343685962,0.09583801926,0.1142094118,-0.1063099302,0.008653967094,0.02571790787,0.008653967094,0,0.065,0.16,0.055,0
0.84,0.7149452416,-0.08368344445,-0.1485342509,-0.04531548745,-0.07492970727,0.9971888181,0.04997916927,0.9987502604,0,0,1.35546628,1.649336143,-1.138689824,1.258028336,-0.5334102915,0.536339072,0.4558095944,-1.298749347,1.602392016,1.435333203,1.662611179,-0.6717760384,-0.1444365866,-0.03209364602,-0.12057735,0,-0.08308847294,-0.1528016698,0.06264383493,-0.06683334795,-0.09089299866,0.09239086912,0.06424659544,0.06328921288,-0.235135797,0.09569378583,0.1144569444,-0.1062480596,0.0086514528,0.02593737983,0.0086514528,0,0.065,0.155,0.05,0
0.85,0.7134607778,-0.08413719404,-0.1483592162,-0.04543395334,-0.07492970727,0.9971888181,0.04997916927,0.9987502604,0,0,1.354260507,1.649336143,-1.139520709,1.256500319,-0.5327838532,0.5356707385,0.4549006644,-1.297825438,1.603034482,1.435966095,1.660259821,-0.6708191005,-0.1432920171,-0.03315612662,-0.1211924364,0,-0.08283683967,-0.153752057,0.06245777424,-0.06619044923,-0.09096036417,0.09298561061,0.06408102652,0.06326167174,-0.2358940558,0.09555079972,0.1147032048,-0.1061869761,0.008648926042,0.02615633617,0.008648926042,0,0.065,0.155,0.05,0
0.86,0.7119780431,-0.08459211389,-0.1481884505,-0.04554952988,-0.07492970727,0.9971888181,0.04997916927,0.9987502604,0,0,1.353048582,1.649336143,-1.140349077,1.254962799,-0.5321592754,0.535008834,0.4539910607,-1.296895582,1.603675292,1.436598712,1.65790088,-0.6698635925,-0.1421449851,-0.03421799638,-0.1218105855,0,-0.08254084442,-0.1546911704,0.06225455181,-0.06553474059,-0.09099102627,0.09357198515,0.06391599847,0.06323495795,-0.2366430734,0.09540909979,0.1149481209,-0.1061266371,0.008646387216,0.02637477782,0.008646387216,0,0.065,0.155,0.05,0
0.87,0.7104969943,-0.08504817478,-0.148022051,-0.0456621513,-0.07492970727,0.9971888181,0.04997916927,0.9987502604,-0.5,0,1.351830476,1.649336143,-1.141174485,1.253415887,-0.5315367299,0.5343534866,0.4530811505,-1.295959862,1.604314452,1.437231062,1.65553445,-0.6689095015,-0.1409955039,-0.03527926275,-0.1224066419,0,-0.08229006304,-0.1556185875,0.06208437359,-0.06490116754,-0.0910535076,0.09443724198,0.0616034511,0.06090092257,-0.2373825695,0.09751291457,0.1136503679,-0.1080399027,0.008643836274,0.02659270585,0.008643836274,0,0.065,0.155,0.05,0
0.88,0.7090175872,-0.08550534685,-0.1478601132,-0.045771753,-0.07991469397,0.9968017063,0.04997916927,0.9987502604,0,0,1.35060641,1.649336143,-1.141997386,1.251859701,-0.5309158862,0.5337044749,0.4521706154,-1.29501549,1.604930487,1.437840071,1.653160624,-0.6679343724,-0.1398590002,-0.03635966178,-0.1230029412,0,-0.08200321987,-0.1565338885,0.06190188735,-0.06425844394,-0.09108552862,0.09505303665,0.06106835521,0.06046734157,-0.2381122206,0.09776891919,0.1136303224,-0.1083241834,0.008641273696,0.02680292859,0.008641273696,0,0.07,0.16,0.05,0
0.89,0.7075397768,-0.08596359957,-0.1477027307,-0.04587827162,-0.07991469397,0.9968017063,0.04997916927,0.9987502604,0,0,1.349376381,1.649336143,-1.142817418,1.250294362,-0.5302968673,0.5330618905,0.4512597601,-1.294064959,1.60554117,1.438444744,1.650779502,-0.6669566832,-0.138722697,-0.03744290361,-0.1235798845,0,-0.08175040093,-0.1574366557,0.0617465641,-0.06363381402,-0.09114051683,0.09561040612,0.06090179866,0.06042901224,-0.2388317462,0.09764263577,0.1138730086,-0.1082713815,0.008638699493,0.02701139521,0.008638699493,0,0.07,0.16,0.05,0
0.9,0.7060635171,-0.0864229018,-0.1475499954,-0.04598164495,-0.07991469397,0.9968017063,0.04997916927,0.9987502604,0,0,1.348140582,1.649336143,-1.143634922,1.248719996,-0.5296794016,0.5324255524,0.4503483549,-1.293108855,1.606150188,1.439049034,1.648391184,-0.6659802568,-0.1375839669,-0.03852561743,-0.124145164,0,-0.08150315976,-0.1583264735,0.06160263627,-0.06301643249,-0.09119659306,0.09615858251,0.06073620171,0.06039168086,-0.2395408606,0.09751760605,0.1141142459,-0.1082189087,0.008636114085,0.02721933885,0.008636114085,0,0.07,0.16,0.05,0
0.91,0.7045887611,-0.08688322178,-0.1474019974,-0.04608181203,-0.07991469397,0.9968017063,0.04997916927,0.9987502604,0,0,1.34689913,1.649336143,-1.144449954,1.247136731,-0.5290633753,0.531795388,0.449436389,-1.292147269,1.60675755,1.439652951,1.645995776,-0.6650050807,-0.1364428244,-0.03960780651,-0.1247043785,0,-0.08124024808,-0.1592029289,0.06145823631,-0.06239834843,-0.09123751532,0.09669737698,0.0605716038,0.0603553528,-0.240239278,0.09739386642,0.1143539604,-0.1081667185,0.008633517733,0.02742676194,0.008633517733,0,0.07,0.16,0.05,0
0.92,0.7031154611,-0.08734452715,-0.1472588249,-0.04617871307,-0.07991469397,0.9968017063,0.04997916927,0.9987502604,0,0,1.345652086,1.649336143,-1.145262356,1.245544702,-0.5284487929,0.5311714045,0.4485240139,-1.291180296,1.607363267,1.440256505,1.643593383,-0.6640311421,-0.1352992848,-0.0406894737,-0.125253836,0,-0.08097425234,-0.1600656109,0.06132055955,-0.06178460598,-0.09127280038,0.0972266038,0.06040804405,0.06032003325,-0.2409267152,0.09727145306,0.1145920779,-0.1081147634,0.00863091058,0.02763366704,0.00863091058,0,0.07,0.16,0.05,0
0.93,0.7016435682,-0.08780678496,-0.1471205647,-0.0462722895,-0.07991469397,0.9968017063,0.04997916927,0.9987502604,0,0,1.344399548,1.649336143,-1.146072099,1.243944046,-0.5278355873,0.5305535585,0.4476112859,-1.29020803,1.607967347,1.440859705,1.641184116,-0.6630584276,-0.134153364,-0.04177062133,-0.1257865659,0,-0.08073009581,-0.1609141108,0.06120388679,-0.06118487022,-0.0913212153,0.09774608031,0.06024556119,0.06028572722,-0.2416028917,0.09715040194,0.1148285242,-0.1080629955,0.008628292846,0.02784005682,0.008628292846,0,0.07,0.155,0.045,0
0.94,0.7001730331,-0.08826996167,-0.1469873014,-0.04636248391,-0.07991469397,0.9968017063,0.04997916927,0.9987502604,0,0,1.343141682,1.649336143,-1.1468794,1.242334905,-0.5272235485,0.5299417098,0.4466980737,-1.289230569,1.608569803,1.441462562,1.638768087,-0.6620869235,-0.1330050788,-0.04285125129,-0.1263081504,0,-0.08048662769,-0.1617480223,0.06109639836,-0.06059122454,-0.09136659093,0.09825562699,0.06008419362,0.0602524395,-0.2422675298,0.09703074882,0.1150632246,-0.108011366,0.008625664896,0.02804593407,0.008625664896,0,0.075,0.155,0.045,0
0.95,0.6987038053,-0.08873402317,-0.146859118,-0.04644924015,-0.07991469397,0.9968017063,0.04997916927,0.9987502604,-0.5,0,1.341878601,1.649336143,-1.147684266,1.240717424,-0.5266125845,0.5293357975,0.4457844078,-1.288248013,1.609170644,1.442065087,1.636345412,-0.661116616,-0.1318544466,-0.04393136495,-0.126816823,0,-0.08024966591,-0.1625669415,0.06100154002,-0.06000604872,-0.09141321507,0.09875506738,0.05992397934,0.06022017473,-0.2429203542,0.09691252921,0.1152961046,-0.1079598257,0.008623026979,0.0282513017,0.008623026979,0.005,0.075,0.155,0.045,0
0.96,0.6972358335,-0.08919893482,-0.1467360959,-0.04653250321,-0.0848976828,0.9963896745,0.04997916927,0.9987502604,0,0,1.340610433,1.649336143,-1.148486763,1.239091755,-0.5260025691,0.528735737,0.4448702756,-1.287260462,1.609769884,1.442667288,1.633916208,-0.6601474908,-0.1307014855,-0.0450109632,-0.1273156455,0,-0.08000712413,-0.1633704667,0.06091254746,-0.0594249468,-0.09145186876,0.09924422809,0.05976495602,0.06018893736,-0.2435610926,0.09679577838,0.1155270894,-0.1079083244,0.00862037938,0.02845616273,0.00862037938,0,0.075,0.16,0.045,0
0.97,0.6957690659,-0.08966466141,-0.1466183144,-0.04661221933,-0.0848976828,0.9963896745,0.04997916927,0.9987502604,0,0,1.339337276,1.649336143,-1.149286834,1.23745805,-0.5253934436,0.5281414876,0.443955757,-1.28626802,1.610367534,1.443269178,1.631480597,-0.659179533,-0.1295462146,-0.04609004645,-0.127797089,0,-0.0797863702,-0.1641581987,0.06084519698,-0.05885840814,-0.09150304347,0.0997229388,0.05960716092,0.06015873164,-0.2441894753,0.09668053138,0.115756104,-0.1078568117,0.008617722321,0.02866052028,0.008617722321,0,0.075,0.16,0.045,0
0.98,0.6943034495,-0.09013116721,-0.1465058512,-0.04668833592,-0.0848976828,0.9963896745,0.04997916927,0.9987502604,0,0,1.338059305,1.649336143,-1.150084698,1.235816468,-0.5247849916,0.5275529035,0.4430407265,-1.28527079,1.610963605,1.443870765,1.629038702,-0.6582127277,-0.1283886536,-0.04716861456,-0.1282757622,0,-0.0795320821,-0.1649297406,0.06076792805,-0.05828579794,-0.09152505473,0.1001910322,0.05945063095,0.06012956167,-0.2448052351,0.09656682298,0.1159830731,-0.1078052362,0.008615056179,0.02886437762,0.008615056179,0,0.075,0.16,0.045,0
0.99,0.6928389309,-0.09059841596,-0.1463987823,-0.04676080159,-0.0848976828,0.9963896745,0.04997916927,0.9987502604,0,0,1.336776548,1.649336143,-1.150880019,1.234167171,-0.5241773123,0.5269700455,0.442125476,-1.28426888,1.611558112,1.444472061,1.62659065,-0.6572470594,-0.1272288228,-0.04824666693,-0.1287292854,0,-0.07932744445,-0.1656846979,0.06072856962,-0.0577385196,-0.09158024954,0.1006483442,0.05929540261,0.06010143133,-0.2454081077,0.0964546877,0.1162079217,-0.1077535461,0.008612381028,0.02906773809,0.008612381028,0,0.075,0.16,0.045,0
1,0.6913754557,-0.09106637091,-0.1462971819,-0.04682956618,-0.0848976828,0.9963896745,0.04997916927,0.9987502604,0,0,1.335489255,1.649336143,-1.151673293,1.232510324,-0.5235700267,0.5263926603,0.4412096735,-1.283262397,1.612151066,1.445073075,1.624136569,-0.6562825125,-0.1260667436,-0.04932420239,-0.129175209,0,-0.07910602765,-0.1664226787,0.06068914976,-0.05719179749,-0.09161864234,0.1010947134,0.05914151207,0.06007434436,-0.2459978316,0.09634415979,0.1164305742,-0.1077016891,0.008609697407,0.02927060516,0.008609697407,0,0.08,0.16,0.045,0
1.01,0.6899129688,-0.09153499479,-0.1462011222,-0.04689458068,-0.0848976828,0.9963896745,0.04997916927,0.9987502604,-0.5,0,1.334197503,1.649336143,-1.152464353,1.230846097,-0.5229631352,0.5258207423,0.4402934871,-1.282251449,1.612742481,1.445673819,1.621676591,-0.655319071,-0.1249024379,-0.05040121928,-0.1296085323,0,-0.07888587009,-0.1671432936,0.06066011756,-0.05665258553,-0.09165368433,0.1015299817,0.05898899505,0.06004830431,-0.2465741478,0.09623527324,0.1166509552,-0.1076496122,0.008607005489,0.02947298242,0.008607005489,0,0.08,0.16,0.045,0
1.02,0.6884514145,-0.09200424986,-0.1461106738,-0.04695579733,-0.0898785492,0.995952733,0.04997916927,0.9987502604,0,0,1.332901417,1.649336143,-1.153253212,1.229174664,-0.522356534,0.5252542165,0.4393769502,-1.28123615,1.613332371,1.446274302,1.619210849,-0.6543567182,-0.1237359283,-0.0514777154,-0.1300270467,0,-0.07867470014,-0.1678461555,0.06064605476,-0.05612392358,-0.09169103436,0.101953994,0.05883788693,0.06002331454,-0.2471368001,0.09612806174,0.116868989,-0.1075972619,0.008604305551,0.02967487354,0.008604305551,0,0.08,0.165,0.04,0
1.03,0.6869907364,-0.09247409792,-0.1460259057,-0.04701316955,-0.0898785492,0.995952733,0.04997916927,0.9987502604,0,0,1.331601147,1.649336143,-1.154039959,1.227496203,-0.5217500734,0.5246929773,0.4384600399,-1.28021661,1.61392075,1.446874535,1.616739481,-0.6533954376,-0.1225672384,-0.05255368802,-0.1304326882,0,-0.07846454542,-0.1685308801,0.0606424752,-0.05560300922,-0.09172462941,0.1023665981,0.05868822269,0.05999937824,-0.2476855353,0.0960225587,0.1170845999,-0.1075445842,0.008601597918,0.02987511173,0.008601597918,0,0.08,0.16,0.04,0
1.04,0.6855308772,-0.09294450029,-0.1459468849,-0.04706665194,-0.0898785492,0.995952733,0.04997916927,0.9987502604,0,0,1.33029682,1.649336143,-1.154824604,1.225810894,-0.5211436487,0.5241369472,0.4375427936,-1.279192944,1.614507632,1.447474528,1.614262626,-0.652435212,-0.1213963924,-0.05362913386,-0.1308246262,0,-0.07825791797,-0.1691970856,0.06065093885,-0.05509094405,-0.09175623933,0.1027676447,0.0585400369,0.05997649844,-0.2482201027,0.09591879722,0.117297712,-0.1074915248,0.008598882871,0.03007466058,0.008598882871,0,0.08,0.16,0.04,0
1.05,0.6840717793,-0.09341541784,-0.1458736765,-0.04711620033,-0.0898785492,0.995952733,0.04997916927,0.9987502604,0,0,1.328988574,1.649336143,-1.155607184,1.224118923,-0.5205371393,0.5235860377,0.4366252312,-1.278165267,1.615093032,1.448074293,1.611780425,-0.651476024,-0.1202234153,-0.05470404911,-0.1311986714,0,-0.07807032021,-0.1698443928,0.06068058471,-0.05459358931,-0.0917972433,0.1031569879,0.05839336376,0.05995467796,-0.2487402545,0.09581681012,0.1175082496,-0.1074380286,0.008596160709,0.03027373387,0.008596160709,0,0.08,0.16,0.04,0
1.06,0.6826133841,-0.09388681104,-0.1458063442,-0.04716177174,-0.0898785492,0.995952733,0.04997916927,0.9987502604,0,0,1.327676587,1.649336143,-1.156387887,1.222420479,-0.5199303334,0.5230401018,0.4357072587,-1.277133697,1.615676966,1.44867384,1.609293022,-0.6505178559,-0.1190483328,-0.05577842939,-0.1315601314,0,-0.07788083788,-0.1704724254,0.06071938212,-0.05410338184,-0.0918319867,0.1035344843,0.05824823706,0.05993391947,-0.2492457457,0.09571662989,0.1177161365,-0.1073840402,0.008593431819,0.03047233556,0.008593431819,0,0.085,0.16,0.04,0
1.07,0.6811556326,-0.09435863988,-0.1457449497,-0.04720332438,-0.0898785492,0.995952733,0.04997916927,0.9987502604,0,0,1.326360986,1.649336143,-1.157166695,1.220715755,-0.5193231396,0.522499068,0.4347889389,-1.276098352,1.616259448,1.449273179,1.606800565,-0.6495606896,-0.1178711715,-0.05685226979,-0.1319089443,0,-0.07768901883,-0.1710808095,0.06076714383,-0.05362034248,-0.09186005766,0.1038999937,0.05810469021,0.05991422543,-0.2497363341,0.09561828871,0.1179212968,-0.1073295038,0.008590696475,0.03067046973,0.008590696475,0,0.085,0.16,0.04,0
1.08,0.6796984651,-0.09483086399,-0.1456895529,-0.04724081768,-0.0898785492,0.995952733,0.04997916927,0.9987502604,-0.5,0,1.325041896,1.649336143,-1.157943585,1.219004947,-0.5187154682,0.5219628646,0.4338703383,-1.275059353,1.616840495,1.449872322,1.604303201,-0.6486045068,-0.1166919585,-0.05792556483,-0.1322424532,0,-0.07750451425,-0.1716691743,0.06082959767,-0.0531481748,-0.09188849493,0.1042533789,0.0579627562,0.05989559815,-0.2502117804,0.09552181843,0.1181236544,-0.1072743633,0.008587954956,0.03086814052,0.008587954956,0,0.085,0.16,0.04,0
1.09,0.6782418214,-0.09530344257,-0.1456402121,-0.04727421225,-0.09485716863,0.9954908928,0.04997916927,0.9987502604,0,0,1.323719472,1.649336143,-1.158718631,1.217288255,-0.5181071722,0.5214313828,0.4329514534,-1.274016819,1.617420123,1.450471278,1.601801084,-0.6476492886,-0.115510722,-0.05899830847,-0.1325589124,0,-0.07733359913,-0.1722371516,0.06091054163,-0.05268930505,-0.09192179196,0.1045945055,0.05782246764,0.05987803974,-0.2506718481,0.09542725058,0.1183231334,-0.107218562,0.00858520759,0.03106535219,0.00858520759,0,0.085,0.165,0.04,0
1.1,0.6767856405,-0.09577633445,-0.1455969835,-0.04730346992,-0.09485716863,0.9954908928,0.04997916927,0.9987502604,0,0,1.322393883,1.649336143,-1.159491967,1.215565884,-0.5174980668,0.5209044898,0.4320322354,-1.272970874,1.617998347,1.451070058,1.599294365,-0.6466950161,-0.1143274906,-0.06007049409,-0.1328624192,0,-0.07715976606,-0.1727843763,0.06100040421,-0.052237873,-0.09194766869,0.1049232423,0.05768385673,0.05986155213,-0.2511163037,0.09533461633,0.1185196575,-0.107162043,0.008582454747,0.03126210911,0.008582454747,0,0.085,0.165,0.04,0
1.11,0.6753298612,-0.09624949806,-0.145559922,-0.04732855369,-0.09485716863,0.9954908928,0.04997916927,0.9987502604,0,0,1.321065258,1.649336143,-1.160263564,1.21383804,-0.5168880627,0.5203821111,0.4311127587,-1.271921641,1.618575186,1.451668674,1.596783202,-0.6457416699,-0.113142294,-0.06114211452,-0.1331467094,0,-0.07700698453,-0.173310486,0.06111337412,-0.05180272446,-0.09198363073,0.1052394608,0.05754695528,0.05984613707,-0.2515449165,0.09524394652,0.1187131508,-0.1071047489,0.008579696707,0.03145841571,0.008579696707,0,0.085,0.165,0.035,0
1.12,0.6738744213,-0.09672289149,-0.1455290802,-0.0473494278,-0.09485716863,0.9954908928,0.04997916927,0.9987502604,0,0,1.319733791,1.649336143,-1.161033634,1.212104935,-0.516276929,0.5198640838,0.4301929224,-1.270869247,1.619150656,1.452267135,1.594267753,-0.6447892304,-0.1119551625,-0.062213162,-0.1334207275,0,-0.07683961991,-0.1738151216,0.06122857471,-0.05137111169,-0.09200340356,0.1055430356,0.0574117947,0.05983179612,-0.2519574588,0.09515527163,0.1189035373,-0.1070466222,0.00857693388,0.03165427654,0.00857693388,0,0.09,0.165,0.035,0
1.13,0.6724192586,-0.09719647247,-0.1455045094,-0.04736605765,-0.09485716863,0.9954908928,0.04997916927,0.9987502604,0,0,1.318399584,1.649336143,-1.16180203,1.210366784,-0.5156646433,0.5193503727,0.4292728884,-1.269813816,1.619724774,1.452865453,1.591748178,-0.6438376777,-0.1107661272,-0.06328362823,-0.1336766213,0,-0.07668795898,-0.1742979268,0.061363928,-0.05095414638,-0.09202910879,0.1058338442,0.05727840598,0.05981853064,-0.252353706,0.09506862177,0.119090741,-0.1069876049,0.008574166494,0.03184969622,0.008574166494,0,0.09,0.16,0.035,0
1.14,0.6709643101,-0.09767019838,-0.1454862589,-0.04737840987,-0.09485716863,0.9954908928,0.04997916927,0.9987502604,0,0,1.317062818,1.649336143,-1.16256891,1.208623804,-0.515051004,0.5188408312,0.4283525973,-1.268755478,1.620297558,1.453463638,1.589224641,-0.6428869915,-0.1095752198,-0.06435350428,-0.1339192835,0,-0.07653216581,-0.1747585486,0.06150781191,-0.05054483303,-0.09204611603,0.106111767,0.05714681974,0.05980634182,-0.2527334362,0.0949840267,0.1192746861,-0.1069276391,0.008571394934,0.03204467948,0.008571394934,0,0.09,0.16,0.035,0
1.15,0.6695095122,-0.0981440263,-0.1454743761,-0.04738645228,-0.09485716863,0.9954908928,0.04997916927,0.9987502604,-0.5,0,1.315723625,1.649336143,-1.163334232,1.206876219,-0.5144359259,0.5183353829,0.4274321362,-1.26769436,1.620869026,1.454061702,1.586697307,-0.6419371512,-0.1083824729,-0.06542278067,-0.1341414268,0,-0.07640066583,-0.1751966371,0.06167715266,-0.05015351049,-0.09207506234,0.1063766873,0.05701706619,0.05979523065,-0.2530964308,0.09490151578,0.1194552967,-0.1068666662,0.008568619487,0.03223923114,0.008568619487,0,0.09,0.16,0.035,0
1.16,0.6680548012,-0.09861791296,-0.1454689069,-0.04739015389,-0.09983341665,0.9950041653,0.04997916927,0.9987502604,0,0,1.314382211,1.649336143,-1.164098238,1.205124253,-0.5138191543,0.5178338478,0.4265113855,-1.266630593,1.621439196,1.454659654,1.584166343,-0.6409881361,-0.1071879199,-0.06649144733,-0.1343509492,0,-0.0762615861,-0.1756118458,0.06185315344,-0.04976890163,-0.09209257759,0.1066284915,0.05688917511,0.05978519791,-0.2534424742,0.09482111801,0.1196324971,-0.1068046276,0.008565840589,0.03243335609,0.008565840589,0,0.09,0.165,0.035,0
1.17,0.6666001126,-0.09909181481,-0.1454698953,-0.04738948493,-0.09983341665,0.9950041653,0.04997916927,0.9987502604,0,0,1.313038701,1.649336143,-1.164860854,1.203368134,-0.5132006228,0.5173361588,0.4255904598,-1.265564308,1.622008088,1.455257506,1.581631918,-0.6400399249,-0.105991595,-0.0675594936,-0.1345442406,0,-0.07612874855,-0.1760038314,0.06204407681,-0.04939611481,-0.09210865052,0.1068670688,0.05676317593,0.05977624419,-0.2537713538,0.09474286198,0.119806212,-0.1067414647,0.008563058512,0.03262705931,0.008563058512,0,0.09,0.165,0.035,0
1.18,0.6651453816,-0.09956568799,-0.1454773835,-0.04738441681,-0.09983341665,0.9950041653,0.04997916927,0.9987502604,0,0,1.311693259,1.649336143,-1.165622142,1.201608096,-0.512580182,0.5168421976,0.4246693733,-1.264495638,1.62257572,1.455855268,1.579094204,-0.6390924963,-0.1047935328,-0.06862690825,-0.1347215001,0,-0.07600086815,-0.1763722542,0.06224923681,-0.04903483858,-0.09212224118,0.1070923113,0.05663909764,0.05976836989,-0.2540828602,0.09466677589,0.1199763658,-0.1066771184,0.008560273602,0.03282034589,0.008560273602,0,0.095,0.165,0.035,0
1.19,0.6636905431,-0.1000394884,-0.145491412,-0.04737492216,-0.09983341665,0.9950041653,0.04997916927,0.9987502604,0,0,1.310346044,1.649336143,-1.16638215,1.199844373,-0.5119576897,0.5163518492,0.4237481508,-1.263424715,1.623142111,1.456452952,1.576553376,-0.6381458285,-0.1035937692,-0.06969367944,-0.1348787911,0,-0.07589339448,-0.1767167779,0.06247795062,-0.04869067253,-0.0921444179,0.107304114,0.05651696886,0.05976157519,-0.2543767872,0.09459288754,0.1201428834,-0.1066115298,0.008557486201,0.03301322097,0.008557486201,0,0.095,0.165,0.03,0
1.2,0.6622355314,-0.1005131716,-0.1455120194,-0.04736097478,-0.09983341665,0.9950041653,0.04997916927,0.9987502604,0,0,1.308997256,1.649336143,-1.167141084,1.198077205,-0.5113329102,0.5158649425,0.4228267067,-1.262351673,1.623707281,1.457050568,1.574009608,-0.6371998996,-0.1023923403,-0.07075979473,-0.1350214292,0,-0.07578446845,-0.1770370697,0.0627172524,-0.048356008,-0.09215922599,0.1075023751,0.05639681779,0.05975586007,-0.2546529317,0.09452122431,0.1203056899,-0.1065446397,0.008554696731,0.0332056898,0.008554696731,0,0.095,0.165,0.03,0
1.21,0.6607802807,-0.100986693,-0.1455392427,-0.04734254971,-0.09983341665,0.9950041653,0.04997916927,0.9987502604,0,0,1.307647042,1.649336143,-1.167898929,1.196306835,-0.5107057376,0.5153813824,0.4219051144,-1.26127665,1.624271249,1.457648126,1.571463079,-0.6362546874,-0.1011892834,-0.07182524113,-0.1351459638,0,-0.07568759806,-0.1773328008,0.06297529265,-0.04803575581,-0.0921763312,0.1076869954,0.05627867225,0.0597512243,-0.2549110939,0.09445181314,0.1204647105,-0.1064763888,0.008551905505,0.03339775769,0.008551905505,0,0.095,0.165,0.03,0
1.22,0.6593247244,-0.1014600076,-0.1455731169,-0.04731962316,-0.09983341665,0.9950041653,0.04997916927,0.9987502604,-0.5,0,1.306295582,1.649336143,-1.168655805,1.194533507,-0.5100759847,0.5149010249,0.4209833511,-1.26019978,1.624834036,1.458245639,1.568913968,-0.6353101693,-0.09998463634,-0.07289000502,-0.1352578244,0,-0.07558019739,-0.1776036457,0.06323857685,-0.04772213153,-0.09217935788,0.1078578788,0.05616255965,0.05974766743,-0.2551510774,0.09438468058,0.1206198708,-0.1064067179,0.008549112906,0.03358943006,0.008549112906,0,0.095,0.165,0.03,0
1.23,0.657868796,-0.1019330703,-0.1456136755,-0.04729217255,-0.1048071688,0.9944925627,0.04997916927,0.9987502604,0,0,1.304943004,1.649336143,-1.169411607,1.19275747,-0.5094435989,0.5144238036,0.4200615575,-1.259121201,1.625395661,1.458843115,1.566362457,-0.6343663225,-0.09877843763,-0.0739540722,-0.1353488895,0,-0.07549495399,-0.1778492832,0.06352679981,-0.04742674125,-0.09219175499,0.108014932,0.056048507,0.05974518881,-0.255372689,0.09431985272,0.1207710965,-0.1063355676,0.008546319203,0.03378071239,0.008546319203,0,0.095,0.17,0.03,0
1.24,0.6564124285,-0.1024058359,-0.1456609501,-0.04726017649,-0.1048071688,0.9944925627,0.04997916927,0.9987502604,0,0,1.303589515,1.649336143,-1.170166556,1.190978977,-0.5088083309,0.5139495362,0.41913964,-1.258041052,1.625956146,1.459440567,1.56380873,-0.6334231239,-0.09757072666,-0.07501742787,-0.135424715,0,-0.07540876571,-0.1780693958,0.06382614378,-0.0471416237,-0.09219678634,0.1081580648,0.05593654095,0.05974378753,-0.2555757387,0.0942573552,0.1209183138,-0.1062628787,0.008543524835,0.03397161022,0.008543524835,0,0.1,0.165,0.03,0
1.25,0.6549555546,-0.1028782587,-0.1457149704,-0.04722361482,-0.1048071688,0.9944925627,0.04997916927,0.9987502604,0,0,1.302235268,1.649336143,-1.170920644,1.189198284,-0.5081700695,0.5134781199,0.4182176721,-1.256959471,1.626515512,1.460038005,1.561252973,-0.6324805504,-0.09636154353,-0.07608005666,-0.135479456,0,-0.07534530262,-0.1782636701,0.06415095541,-0.04687514843,-0.09221132177,0.1082871899,0.05582668772,0.0597434625,-0.2557600403,0.09419721323,0.1210614491,-0.106188592,0.008540730122,0.03416212921,0.008540730122,0,0.1,0.165,0.03,0
1.26,0.6534981065,-0.1033502929,-0.1457757645,-0.04718246854,-0.1048071688,0.9944925627,0.04997916927,0.9987502604,0,0,1.300880473,1.649336143,-1.171674097,1.187415647,-0.5075285599,0.5130093684,0.4172955589,-1.255876599,1.627073778,1.46063544,1.558695372,-0.6315385783,-0.09515092903,-0.07714194258,-0.1355219528,0,-0.0752676797,-0.178431797,0.06447900987,-0.04661463498,-0.09220884323,0.1084022228,0.05571897314,0.05974421237,-0.2559254107,0.09413945154,0.1212004294,-0.1061126482,0.008537935508,0.03435227507,0.008537935508,0,0.1,0.165,0.03,0
1.27,0.6520400166,-0.1038218927,-0.1458433587,-0.04713671988,-0.1048071688,0.9944925627,0.04997916927,0.9987502604,0,0,1.299525254,1.649336143,-1.172426774,1.185631329,-0.5068837698,0.5125432221,0.4163734704,-1.254792577,1.627630968,1.461232882,1.556136118,-0.6305971837,-0.09393892474,-0.07820306906,-0.135544827,0,-0.07520596339,-0.1785734714,0.06482852462,-0.04637065963,-0.09221079055,0.1085030821,0.05561342268,0.05974603558,-0.2560716705,0.0940840944,0.1213351817,-0.1060349884,0.008535141251,0.03454205358,0.008535141251,0,0.1,0.165,0.03,0
1.28,0.6505812166,-0.1042930119,-0.1459177774,-0.04708635226,-0.1048071688,0.9944925627,0.04997916927,0.9987502604,0,0,1.298169805,1.649336143,-1.173178833,1.183845594,-0.5062354846,0.5120795155,0.4154513625,-1.253707546,1.628187102,1.461830342,1.553575401,-0.6296563428,-0.09272557292,-0.07926341895,-0.1355502445,0,-0.0751508481,-0.178688393,0.06519393178,-0.04614011727,-0.09221040103,0.1085896893,0.05551006139,0.05974893031,-0.2561986438,0.09403116561,0.1214656339,-0.1059555535,0.008532347761,0.03473147062,0.008532347761,0,0.1,0.165,0.025,0
1.29,0.6491216382,-0.1047636043,-0.1459990435,-0.0470313503,-0.1048071688,0.9944925627,0.04997916927,0.9987502604,-0.5,0,1.296814303,1.649336143,-1.173930342,1.18205871,-0.5055835453,0.5116181143,0.4145292585,-1.252621649,1.628742203,1.462427832,1.551013415,-0.6287160311,-0.09151091658,-0.08032297448,-0.1355376354,0,-0.07510435894,-0.1787762654,0.06557651294,-0.04592382981,-0.09220902077,0.1086619688,0.05540891394,0.05975289451,-0.2563061584,0.09398068848,0.1215917141,-0.1058742847,0.008529555404,0.03492053211,0.008529555404,0,0.105,0.165,0.025,0
1.3,0.6476612129,-0.1052336234,-0.1460871778,-0.04697169981,-0.1097783008,0.993956098,0.04997916927,0.9987502604,0,0,1.295458927,1.649336143,-1.174681386,1.180270948,-0.5049277802,0.511158876,0.4136071683,-1.251535029,1.629296292,1.46302536,1.548450353,-0.6277762243,-0.09029499944,-0.08138171733,-0.1355062165,0,-0.07506946898,-0.1788367974,0.06597813565,-0.04572293056,-0.09220865741,0.1087198482,0.05531000461,0.05975792589,-0.2563940455,0.09393268584,0.1217133507,-0.1057911236,0.008526764557,0.03510924407,0.008526764557,0,0.105,0.17,0.025,0
1.31,0.6461998717,-0.1057030227,-0.1461821995,-0.04690738781,-0.1097783008,0.993956098,0.04997916927,0.9987502604,0,0,1.294103864,1.649336143,-1.17543208,1.17848258,-0.5042679988,0.5107016467,0.4126850817,-1.250447831,1.629849392,1.46362294,1.545886413,-0.6268368974,-0.08907786594,-0.08243962856,-0.1354545487,0,-0.07505199395,-0.1788697022,0.06640241761,-0.04553950299,-0.09221331415,0.1087632577,0.05521335731,0.05976402189,-0.2564621402,0.09388718,0.1218304731,-0.1057060116,0.008523975611,0.03529761258,0.008523975611,0,0.105,0.17,0.025,0
1.32,0.6447375458,-0.1061717556,-0.146284126,-0.04683840253,-0.1097783008,0.993956098,0.04997916927,0.9987502604,0,0,1.292749319,1.649336143,-1.1761826,1.176693883,-0.5036039746,0.5102462517,0.4117629486,-1.249360198,1.630401526,1.46422058,1.543321792,-0.6258980256,-0.0878595612,-0.08349668868,-0.1353936238,0,-0.07500507923,-0.1788746979,0.06682074858,-0.04535773068,-0.09218974947,0.1087921308,0.05511899555,0.05977117973,-0.2565102815,0.09384419279,0.1219430109,-0.1056188907,0.008521188987,0.03548564378,0.008521188987,0,0.105,0.17,0.025,0
1.33,0.6432741661,-0.1066397752,-0.1463929731,-0.04676473339,-0.1097783008,0.993956098,0.04997916927,0.9987502604,0,0,1.291395383,1.649336143,-1.176932651,1.174905136,-0.5029357671,0.5097926744,0.4108410511,-1.248272277,1.630952716,1.464818292,1.540756689,-0.6249595837,-0.0866401311,-0.08455287759,-0.1353071973,0,-0.07499710531,-0.1788515075,0.06727495857,-0.04520101267,-0.09218628537,0.1088064039,0.05502694246,0.05977939634,-0.2565383119,0.09380374549,0.1220508944,-0.1055297031,0.008518404879,0.03567334389,0.008518404879,0,0.105,0.17,0.025,0
1.34,0.6418096633,-0.1071070346,-0.1465087544,-0.046686371,-0.1097783008,0.993956098,0.04997916927,0.9987502604,0,0,1.290042311,1.649336143,-1.177682622,1.17311662,-0.5022630176,0.5093406643,0.4099191883,-1.247184213,1.631502985,1.465416086,1.538191306,-0.6240215462,-0.08541962215,-0.08560817462,-0.1352012899,0,-0.07500248292,-0.1787998594,0.06774948999,-0.04506070633,-0.09218466542,0.1088060164,0.05493722079,0.0597886684,-0.256546078,0.0937658589,0.1221540545,-0.1054383912,0.008515623814,0.03586071919,0.008515623814,0,0.105,0.17,0.025,0
1.35,0.6403439679,-0.1075734869,-0.1466314822,-0.04660330719,-0.1097783008,0.993956098,0.04997916927,0.9987502604,0,0,1.288690298,1.649336143,-1.178432647,1.171328622,-0.5015855227,0.5088900572,0.4089973416,-1.246096153,1.632052357,1.466013972,1.535625845,-0.6230838876,-0.08419808161,-0.08666255853,-0.1350812777,0,-0.07499792488,-0.178719487,0.06823006393,-0.04492907575,-0.0921684138,0.1087909106,0.0548498529,0.05979899232,-0.2565334302,0.09373055325,0.1222524227,-0.1053448978,0.008512846195,0.03604777605,0.008512846195,0,0.11,0.165,0.025,0
1.36,0.6388770104,-0.1080390851,-0.1467611666,-0.04651553497,-0.1097783008,0.993956098,0.04997916927,0.9987502604,-0.5,0,1.287339485,1.649336143,-1.179182626,1.169541427,-0.500903222,0.5084407664,0.4080756575,-1.245008244,1.632600856,1.466611962,1.533060511,-0.6221465821,-0.08297555738,-0.08771600751,-0.1349422662,0,-0.07500399029,-0.1786101291,0.06872931123,-0.0448131952,-0.09215196045,0.108761032,0.05476486079,0.05981036423,-0.2565002231,0.09369784825,0.1223459313,-0.1052491662,0.008510072314,0.03623452086,0.008510072314,0,0.11,0.165,0.02,0
1.37,0.6374087213,-0.1085037819,-0.1468978164,-0.04642304857,-0.1147466884,0.9933947843,0.04997916927,0.9987502604,0,0,1.285990062,1.649336143,-1.179932666,1.167755326,-0.5002159289,0.5079926345,0.4071541379,-1.243920633,1.633148505,1.467210066,1.530495508,-0.6212096036,-0.08175209807,-0.08876849917,-0.1347846737,0,-0.0750186534,-0.1784715302,0.06924601761,-0.0447124862,-0.09213379508,0.1087163292,0.05468226607,0.05982278,-0.2564463151,0.09366776305,0.1224345133,-0.10515114,0.008507302562,0.03642096013,0.008507302562,0,0.11,0.17,0.02,0
1.38,0.6359390309,-0.1089675303,-0.1470414382,-0.0463258434,-0.1147466884,0.9933947843,0.04997916927,0.9987502604,0,0,1.284642216,1.649336143,-1.180682852,1.16597061,-0.4995234687,0.5075455096,0.4062327999,-1.24283347,1.633695327,1.467808294,1.527931045,-0.620272926,-0.08052775293,-0.08982001057,-0.1346090212,0,-0.07503941697,-0.1783034401,0.06977866287,-0.044626222,-0.0921120934,0.1086567536,0.05460208996,0.0598362352,-0.256371569,0.09364031625,0.1225181024,-0.1050507633,0.008504537322,0.03660710038,0.008504537322,0,0.11,0.17,0.02,0
1.39,0.6344678693,-0.109430283,-0.147192037,-0.04622391608,-0.1147466884,0.9933947843,0.04997916927,0.9987502604,0,0,1.283296125,1.649336143,-1.181433247,1.164187576,-0.4988256821,0.5070992474,0.405311679,-1.241746903,1.634241348,1.468406656,1.525367329,-0.6193365228,-0.07930257191,-0.0908705182,-0.1344113839,0,-0.0750831293,-0.1781056149,0.07033769812,-0.04456010674,-0.09209854924,0.1085822598,0.05452435332,0.05985072512,-0.2562758516,0.0936155259,0.1225966332,-0.1049479805,0.008501776964,0.03679294823,0.008501776964,0,0.11,0.17,0.02,0
1.4,0.6329951669,-0.1098919929,-0.147349616,-0.04611726444,-0.1147466884,0.9933947843,0.04997916927,0.9987502604,0,0,1.281952012,1.649336143,-1.182184078,1.16240652,-0.4981223051,0.5066536463,0.4043906935,-1.24066108,1.634786592,1.469005163,1.522804571,-0.6184003676,-0.07807660558,-0.09191999801,-0.1341963096,0,-0.07512989972,-0.1778778163,0.07091085338,-0.04450760063,-0.0920791645,0.1084928056,0.05444907664,0.05986624477,-0.2561590339,0.09359340944,0.1226700409,-0.1048427369,0.00849902194,0.03697851035,0.00849902194,0,0.115,0.17,0.02,0
1.41,0.6315208537,-0.1103526126,-0.1475141768,-0.0460058875,-0.1147466884,0.9933947843,0.04997916927,0.9987502604,0,0,1.280610048,1.649336143,-1.182935377,1.160627742,-0.4974131966,0.5062085703,0.4034699018,-1.239576152,1.635331082,1.469603826,1.520242981,-0.6174644335,-0.07684990517,-0.09296842538,-0.133966519,0,-0.07516750335,-0.1776198123,0.0714905189,-0.04446479452,-0.09204539672,0.1083883518,0.05437628001,0.05988278885,-0.2560209915,0.09357398377,0.1227382619,-0.1047349779,0.008496272604,0.03716379346,0.008496272604,0,0.115,0.17,0.02,0
1.42,0.6300448601,-0.1108120949,-0.1476857189,-0.04588978547,-0.1147466884,0.9933947843,0.04997916927,0.9987502604,0,0,1.279270383,1.649336143,-1.183687052,1.158851544,-0.4966982914,0.5057639224,0.4025494479,-1.238492268,1.635874845,1.470202654,1.517682771,-0.6165286936,-0.07562252255,-0.09401577515,-0.1337129227,0,-0.07523555522,-0.1773313772,0.07210130124,-0.04444487987,-0.09202476636,0.1082688623,0.05430598318,0.05990035176,-0.2558616041,0.09355726516,0.1228012332,-0.1046246498,0.008493529258,0.03734880436,0.008493529258,0,0.115,0.17,0.02,0
1.43,0.6285671161,-0.1112703925,-0.1478642402,-0.04576895977,-0.1147466884,0.9933947843,0.04997916927,0.9987502604,-0.5,0,1.277933254,1.649336143,-1.184439408,1.15707823,-0.4959772784,0.5053194736,0.4016292002,-1.23740958,1.636417905,1.470801657,1.515124155,-0.615593121,-0.07439451022,-0.09506202165,-0.1334454688,0,-0.07529020408,-0.1770122916,0.0727159432,-0.04443349189,-0.09198671863,0.1081343042,0.05423820549,0.05991892759,-0.2556807561,0.09354326931,0.122858893,-0.1045116993,0.008490792387,0.0375335499,0.008490792387,0.005,0.115,0.17,0.02,0
1.44,0.627087552,-0.1117274583,-0.148049737,-0.04564341303,-0.1197122073,0.9928086359,0.04997916927,0.9987502604,0,0,1.276598799,1.649336143,-1.18519231,1.155308107,-0.4952501189,0.5048751387,0.400709333,-1.236328237,1.636960287,1.471400846,1.512567347,-0.6146576883,-0.07316592129,-0.09610713864,-0.1331545976,0,-0.0753734201,-0.1766623428,0.07336057815,-0.04444452038,-0.09196033487,0.1079846478,0.05417296594,0.05993851013,-0.2554783363,0.09353201129,0.1229111804,-0.104396074,0.008488062271,0.03771803697,0.008488062271,0,0.115,0.175,0.015,0
1.45,0.6256060981,-0.1121832451,-0.1482422036,-0.04551314906,-0.1197122073,0.9928086359,0.04997916927,0.9987502604,0,0,1.275267253,1.649336143,-1.185946044,1.153541483,-0.4945165132,0.5044306935,0.3997897297,-1.23524839,1.637502017,1.472000232,1.510012564,-0.6137223682,-0.07193680948,-0.09715109938,-0.1328437689,0,-0.07546994444,-0.176281325,0.07402573609,-0.04447300301,-0.09193492778,0.1078198665,0.05411028313,0.05995909285,-0.255254238,0.09352350557,0.1229580354,-0.1042777219,0.008485339388,0.03790227254,0.008485339388,0,0.12,0.17,0.015,0
1.46,0.6241226847,-0.1126377056,-0.1484416324,-0.04537817289,-0.1197122073,0.9928086359,0.04997916927,0.9987502604,0,0,1.273938816,1.649336143,-1.186700743,1.15177867,-0.4937762558,0.5039859634,0.3988703804,-1.234170192,1.63804312,1.472599823,1.507460021,-0.6127871331,-0.07070722913,-0.0981938766,-0.1325184607,0,-0.07555521386,-0.1758690392,0.07469603481,-0.04451103725,-0.09189349153,0.1076399369,0.05405017531,0.0599806689,-0.2550083595,0.09351776598,0.1229993992,-0.104156592,0.00848262414,0.03808626363,0.00848262414,0,0.12,0.17,0.015,0
1.47,0.6226372423,-0.1130907928,-0.1486480145,-0.04523849074,-0.1197122073,0.9928086359,0.04997916927,0.9987502604,0,0,1.272613631,1.649336143,-1.187456295,1.15001998,-0.4930292955,0.5035408531,0.3979514455,-1.233093792,1.638583621,1.473199629,1.504909938,-0.6118519554,-0.06947723514,-0.09923544252,-0.1321723809,0,-0.0756570815,-0.1754252935,0.07538886904,-0.04456779772,-0.09185524264,0.1074448389,0.05399266033,0.0600032311,-0.2547406036,0.09351480574,0.123035214,-0.1040326338,0.00847991682,0.03827001732,0.00847991682,0,0.12,0.17,0.015,0
1.48,0.6211497013,-0.1135424598,-0.1488613387,-0.04509411002,-0.1197122073,0.9928086359,0.04997916927,0.9987502604,0,0,1.271291907,1.649336143,-1.188212866,1.148265727,-0.4922754068,0.5030951751,0.3970328931,-1.232019344,1.639123548,1.473799662,1.502362532,-0.6109168074,-0.068246883,-0.1002757689,-0.1318043225,0,-0.075781018,-0.1749499034,0.07610769567,-0.04464509462,-0.09182385954,0.1072345556,0.0539377557,0.06002677195,-0.2544508781,0.0935146374,0.1230654233,-0.1039057977,0.008477217847,0.0382954239,0.008477217847,0,0.12,0.17,0.015,0
1.49,0.6196599924,-0.1139926594,-0.1490815923,-0.04494503936,-0.1197122073,0.9928086359,0.04997916927,0.9987502604,-0.5,0,1.269973864,1.649336143,-1.188970676,1.146516228,-0.4915143298,0.5026487241,0.3961146545,-1.230946998,1.639662925,1.474399929,1.499818023,-0.609981661,-0.06701622877,-0.1013148268,-0.1314208185,0,-0.07589759032,-0.174442692,0.07683401532,-0.04473349403,-0.09177905459,0.1070090735,0.05388547854,0.0600512836,-0.2541390956,0.09351727286,0.1230899717,-0.1037760349,0.008474527665,0.0382950005,0.008474527665,0,0.12,0.17,0.015,0
1.5,0.6181680464,-0.1144413449,-0.1493087609,-0.04479128858,-0.1246747334,0.9921976672,0.04997916927,0.9987502604,0,0,1.268659656,1.649336143,-1.189729652,1.144771801,-0.4907459897,0.5022013892,0.3951968639,-1.229876908,1.64020178,1.475000442,1.497276632,-0.6090464883,-0.06578532905,-0.1023525872,-0.1310181577,0,-0.07602335513,-0.1739034898,0.07757818432,-0.04483844011,-0.09173220524,0.1067683821,0.05383584558,0.06007675788,-0.2538051738,0.09352272338,0.1231088051,-0.1036432975,0.008471846581,0.03829457839,0.008471846581,0,0.125,0.175,0.015,0
1.51,0.6166737942,-0.1148884696,-0.1495428281,-0.04463286869,-0.1246747334,0.9921976672,0.04997916927,0.9987502604,0,0,1.267349474,1.649336143,-1.190489886,1.143032766,-0.4899702078,0.5017530048,0.3942795419,-1.228809224,1.640740139,1.47560121,1.49473858,-0.6081112611,-0.064554241,-0.1033890202,-0.1305925878,0,-0.07617538982,-0.1733321354,0.07835096497,-0.0449654522,-0.09169495253,0.1065124747,0.0537888732,0.06010318627,-0.2534490353,0.09353099953,0.1231218704,-0.1035075384,0.008469174981,0.03829415763,0.008469174981,0,0.125,0.175,0.015,0
1.52,0.6151771669,-0.1153339868,-0.149783776,-0.04446979193,-0.1246747334,0.9921976672,0.04997916927,0.9987502604,0,0,1.266043548,1.649336143,-1.19125164,1.141299445,-0.4891866982,0.5013033503,0.3933625923,-1.227744099,1.641278027,1.476202242,1.49220409,-0.6071759511,-0.06332302229,-0.1044240955,-0.1301523647,0,-0.0763161541,-0.1727284754,0.07912864611,-0.0451025851,-0.09164157375,0.1062413475,0.0537445774,0.06013055989,-0.2530706081,0.09354211121,0.1231291161,-0.1033687116,0.008466513323,0.03829373828,0.008466513323,0,0.125,0.175,0.01,0
1.53,0.6136780958,-0.11577785,-0.1500315846,-0.0443020717,-0.1246747334,0.9921976672,0.04997916927,0.9987502604,0,0,1.264742025,1.649336143,-1.192014801,1.13957216,-0.4883954117,0.5008523244,0.3924461766,-1.226681686,1.641815473,1.476803547,1.489673384,-0.6062405299,-0.06209173113,-0.1054577827,-0.1296944404,0,-0.0764593439,-0.1720923645,0.07991979261,-0.04525433089,-0.09158147076,0.1059550003,0.05370297379,0.06015886952,-0.2526698253,0.09355606763,0.123130492,-0.1032267719,0.0084638619,0.03829332039,0.0084638619,0,0.125,0.175,0.01,0
1.54,0.6121765124,-0.1162200128,-0.1502862323,-0.04412972263,-0.1246747334,0.9921976672,0.04997916927,0.9987502604,0,0,1.26344508,1.649336143,-1.192779395,1.137851236,-0.4875962138,0.5003997811,0.3915303619,-1.225622136,1.642352503,1.477405136,1.487146686,-0.6053049693,-0.06086042621,-0.1064900504,-0.1292074303,0,-0.07665737905,-0.1714236661,0.08075760344,-0.0454373386,-0.09155030741,0.1056534363,0.05366407762,0.06018810557,-0.2522466253,0.0935728773,0.1231259492,-0.1030816751,0.008461221061,0.03829290402,0.008461221061,0,0.125,0.175,0.01,0
1.55,0.6106723484,-0.1166604291,-0.1505476959,-0.04395276054,-0.1246747334,0.9921976672,0.04997916927,0.9987502604,-0.5,0,1.262153006,1.649336143,-1.193545968,1.136137,-0.4867886377,0.4999454077,0.3906148588,-1.224565601,1.642889144,1.478007017,1.484624219,-0.6043692405,-0.05962916672,-0.1075208671,-0.1287124365,0,-0.0768133149,-0.170722252,0.0815806036,-0.0456209486,-0.09148204111,0.1053366621,0.05362790373,0.06021825812,-0.2518009521,0.09359254803,0.1231154404,-0.1029333781,0.008458591391,0.03829248923,0.008458591391,0,0.125,0.17,0.01,0
1.56,0.6091655359,-0.1170990527,-0.1508159501,-0.04377120245,-0.1296341426,0.9915618937,0.04997916927,0.9987502604,0,0,1.260865882,1.649336143,-1.194314102,1.134429777,-0.4859728317,0.4994891982,0.3897000384,-1.223512235,1.643425423,1.478609199,1.48210621,-0.603433315,-0.05839801232,-0.1085502009,-0.128193062,0,-0.0770026203,-0.169988003,0.08243658236,-0.04582911339,-0.09142805268,0.1050046878,0.05359446661,0.06024931684,-0.2513327551,0.09361508691,0.1230989196,-0.1027818388,0.008455973043,0.03829207607,0.008455973043,0,0.13,0.175,0.01,0
1.57,0.6076560069,-0.1175358378,-0.151090968,-0.04358506658,-0.1296341426,0.9915618937,0.04997916927,0.9987502604,0,0,1.259583951,1.649336143,-1.195084128,1.132729897,-0.4851484659,0.4990309071,0.3887857579,-1.222462188,1.643961367,1.479211693,1.479592882,-0.6024971641,-0.05716702312,-0.1095780193,-0.1276561667,0,-0.07719374943,-0.1692208088,0.08330547368,-0.04605191541,-0.09136688259,0.1046575271,0.05356378035,0.06028127106,-0.2508419892,0.09364050031,0.1230763424,-0.1026270164,0.0084533665,0.0382916646,0.0084533665,0,0.13,0.175,0.01,0
1.58,0.606143694,-0.1179707388,-0.151372721,-0.04339437236,-0.1296341426,0.9915618937,0.04997916927,0.9987502604,0,0,1.258307389,1.649336143,-1.195856065,1.131037689,-0.4843154111,0.4985703879,0.3878720891,-1.221415612,1.644497005,1.479814505,1.477084462,-0.6015607591,-0.0559362597,-0.1106042895,-0.1270972493,0,-0.0774077665,-0.1684205686,0.08420064004,-0.04629599694,-0.09131279828,0.104295197,0.05353585864,0.06031410973,-0.250328615,0.09366879386,0.1230476661,-0.1024688709,0.00845077211,0.03829125488,0.00845077211,0,0.13,0.175,0.01,0
1.59,0.6046285301,-0.1184037102,-0.1516611785,-0.0431991404,-0.1296341426,0.9915618937,0.04997916927,0.9987502604,0,0,1.257036417,1.649336143,-1.196630143,1.129353483,-0.4834734047,0.498107428,0.3869589611,-1.22037266,1.645032364,1.480417646,1.474581176,-0.6006240712,-0.05470578304,-0.1116289782,-0.1265205792,0,-0.07762493755,-0.1675871907,0.08510945733,-0.04655521352,-0.09125243614,0.1039177183,0.05351071481,0.06034782142,-0.2497925991,0.09369997246,0.1230128494,-0.1023073637,0.008448190308,0.03829084697,0.008448190308,0,0.13,0.175,0.01,0
1.6,0.6031104482,-0.1188347066,-0.1519563083,-0.04299939252,-0.1296341426,0.9915618937,0.04997916927,0.9987502604,0,0,1.255771211,1.649336143,-1.197406392,1.127677611,-0.4826223102,0.4976418758,0.3860464367,-1.219333483,1.645567471,1.481021125,1.47208325,-0.5996870715,-0.05347565454,-0.1126520518,-0.1259255204,0,-0.07784831522,-0.1667205934,0.08603379219,-0.04683057465,-0.09118789232,0.1035251152,0.05348836176,0.06038239433,-0.2492339137,0.09373404025,0.1229718528,-0.1021424575,0.008445621441,0.03829044091,0.008445621441,0,0.13,0.175,0.005,0
1.61,0.6015893818,-0.119263683,-0.1522580764,-0.04279515175,-0.1296341426,0.9915618937,0.04997916927,0.9987502604,-0.5,0,1.254511956,1.649336143,-1.198184876,1.126010405,-0.4817619722,0.4971735701,0.3851345578,-1.218298232,1.646102355,1.481624949,1.469590911,-0.5987497311,-0.05224593601,-0.1136734764,-0.1253114381,0,-0.07808102611,-0.1658207047,0.08697556848,-0.04712309239,-0.09112130129,0.1031174157,0.05346881202,0.06041781626,-0.248652537,0.0937710006,0.1229246386,-0.101974116,0.008443065872,0.03829003676,0.008443065872,0,0.135,0.175,0.005,0
1.62,0.6000652647,-0.1196905947,-0.1525664471,-0.0425864423,-0.134590311,0.9909013312,0.04997916927,0.9987502604,0,0,1.253258842,1.649336143,-1.198965686,1.124352198,-0.4808922166,0.4967023392,0.3842233448,-1.217267058,1.646637043,1.482229127,1.467104386,-0.5978120211,-0.05101668963,-0.1146932175,-0.1246792102,0,-0.07831908863,-0.1648874628,0.08793215606,-0.04743157331,-0.09105001435,0.1026946514,0.0534520777,0.06045407462,-0.2480484534,0.09381085614,0.1228711705,-0.1018023042,0.008440523971,0.03828963459,0.008440523971,0,0.135,0.18,0.005,0
1.63,0.598538031,-0.1201153971,-0.1528813827,-0.0423732896,-0.134590311,0.9909013312,0.04997916927,0.9987502604,0,0,1.252012049,1.649336143,-1.199748877,1.122703324,-0.480012895,0.4962280234,0.3833128446,-1.216240111,1.647171564,1.482833667,1.464623901,-0.5968739125,-0.04978797792,-0.1157112406,-0.1240245388,0,-0.07858316501,-0.1639208159,0.088916747,-0.04776238914,-0.09098792749,0.1022568577,0.05343817051,0.06049115645,-0.2474216532,0.09385360868,0.1228114144,-0.1016269886,0.008437996094,0.03828923444,0.008437996094,0,0.135,0.18,0.005,0
1.64,0.5970076153,-0.1205380458,-0.1532028439,-0.04215572027,-0.134590311,0.9909013312,0.04997916927,0.9987502604,0,0,1.250771804,1.649336143,-1.200534708,1.121064116,-0.4791237275,0.4957503995,0.3824029654,-1.215217543,1.647705945,1.483438579,1.462149685,-0.5959353764,-0.04855986378,-0.1167275105,-0.1233552005,0,-0.07883649858,-0.1629207232,0.08990565215,-0.0481042717,-0.0909104081,0.1018040736,0.05342710176,0.06052904837,-0.2467721332,0.09389925929,0.1227453379,-0.101448137,0.008435482681,0.03828883636,0.008435482681,0,0.135,0.175,0.005,0
1.65,0.5954739525,-0.1209584969,-0.1535307897,-0.04193376213,-0.134590311,0.9909013312,0.04997916927,0.9987502604,0,0,1.249538252,1.649336143,-1.201323073,1.119434908,-0.478224671,0.4952693568,0.3814938613,-1.214199502,1.648240216,1.48404387,1.459681963,-0.5949963838,-0.0473324104,-0.1177419918,-0.1226650251,0,-0.07910871271,-0.1618871542,0.09091781095,-0.04846633422,-0.09083737578,0.1013363419,0.05341888233,0.06056773661,-0.2460998964,0.09394780821,0.1226729103,-0.1012657183,0.008432984013,0.03828844042,0.008432984013,0,0.14,0.175,0.005,0
1.66,0.593936978,-0.1213767065,-0.1538651771,-0.0417074442,-0.134590311,0.9909013312,0.04997916927,0.9987502604,0,0,1.248311602,1.649336143,-1.20211416,1.117816037,-0.4773154929,0.4947846935,0.3805854875,-1.213186139,1.648774405,1.484649547,1.457220964,-0.5940569058,-0.0461056813,-0.118754649,-0.1219578649,0,-0.07938164872,-0.1608200895,0.09194144027,-0.04884304548,-0.09075672399,0.1008537093,0.05341352267,0.06060720702,-0.2454049521,0.09399925489,0.1225941031,-0.1010797033,0.008430500498,0.03828804666,0.008430500498,0,0.14,0.175,0.005,0
1.67,0.5923966276,-0.1217926313,-0.1542059615,-0.0414767967,-0.134590311,0.9909013312,0.04997916927,0.9987502604,-0.5,0,1.247092023,1.649336143,-1.202907977,1.116207836,-0.4763960785,0.494296263,0.3796779203,-1.212177602,1.64930854,1.485255619,1.454766915,-0.5931169132,-0.04487974026,-0.1197654461,-0.1212288255,0,-0.07967920182,-0.159719521,0.09299186174,-0.04924166706,-0.09068445911,0.1046977717,0.002760284458,-0.003825278048,-0.2446942675,0.1542587169,0.08995192181,-0.1493693222,0.008428032462,0.03828765514,0.008428032462,0,0.14,0.175,0.005,0
1.68,0.5908528376,-0.1222062281,-0.1545530964,-0.04124185105,-0.1395431146,0.9902159962,0.04997916927,0.9987502604,0,0,1.245879735,1.649336143,-1.203704769,1.114610641,-0.4754661599,0.4938038464,0.3787710757,-1.211130624,1.649336143,1.485217366,1.452319972,-0.591574326,-0.04398022105,-0.1212591393,-0.1204801298,0,-0.07999113508,-0.1585854517,0.09406239923,-0.04965905652,-0.09061377027,0.1043946096,0,-0.007659183429,-0.2439469917,0.1578861893,0.08817511588,-0.1519470108,0.008425580332,0.03828724909,0.008425580332,0,0.14,0.18,0,0
1.69,0.5893055447,-0.1226174541,-0.1549065337,-0.04100263988,-0.1395431146,0.9902159962,0.04997916927,0.9987502604,0,0,1.244674934,1.649336143,-1.20450468,1.113024786,-0.4745255359,0.4933072558,0.377864938,-1.210086678,1.649336143,1.485140774,1.449880502,-0.5899954641,-0.04309846989,-0.1227786094,-0.1197166477,0,-0.0802941156,-0.1574178964,0.09513783437,-0.05008819473,-0.09052920826,0.1038401051,0,-0.007928478542,-0.2431840472,0.1581861456,0.08820147032,-0.1518393383,0.008423144488,0.03828684459,0.008423144488,0,0.14,0.18,0,0
1.7,0.5877546861,-0.1230262668,-0.1552662234,-0.040759197,-0.1395431146,0.9902159962,0.04997916927,0.9987502604,0,0,1.243477767,1.649336143,-1.205307621,1.111450607,-0.4735741575,0.4928063738,0.3769596459,-1.209048277,1.649336143,1.48506149,1.447448662,-0.5884136027,-0.04221645518,-0.1242970028,-0.1189357422,0,-0.08060118097,-0.1562168817,0.09622645428,-0.0505330494,-0.0904395645,0.1032715267,0,-0.008203365695,-0.2423984992,0.1584943993,0.08821866257,-0.1517328398,0.008420725211,0.03828644264,0.008420725211,0,0.145,0.18,0,0
1.71,0.5862001996,-0.1234326241,-0.1556321138,-0.04051155744,-0.1395431146,0.9902159962,0.04997916927,0.9987502604,0,0,1.24228841,1.649336143,-1.206113633,1.109888438,-0.472611893,0.4923010434,0.3760552503,-1.208015562,1.649336143,1.484979456,1.445024677,-0.5868286587,-0.04133426856,-0.1258143312,-0.1181317193,0,-0.08094068651,-0.1549824461,0.09734655794,-0.05100207318,-0.09036371385,0.1026873503,0,-0.008460175822,-0.2415903904,0.1587888455,0.08823844467,-0.151609794,0.008418322835,0.03828604326,0.008418322835,0,0.145,0.175,0,0
1.72,0.5846420233,-0.1238364841,-0.1560041513,-0.04025975742,-0.1395431146,0.9902159962,0.04997916927,0.9987502604,0,0,1.241107093,1.649336143,-1.20692304,1.108338614,-0.4716384274,0.4917910226,0.3751516131,-1.206988688,1.649336143,1.484894854,1.442608773,-0.5852407702,-0.04045188411,-0.1273304291,-0.1173133774,0,-0.08126998731,-0.1537146404,0.09847034161,-0.05148250094,-0.0902734555,0.1020900361,0,-0.008734409658,-0.2407597709,0.1591025986,0.08824311019,-0.1514968231,0.008415937807,0.03828564652,0.008415937807,0,0.145,0.175,0,0
1.73,0.5830800962,-0.1242378055,-0.1563822806,-0.04000383435,-0.1395431146,0.9902159962,0.04997916927,0.9987502604,-0.5,0,1.239933959,1.649336143,-1.20773574,1.106801468,-0.470653724,0.4912761976,0.3742488786,-1.205967788,1.649336143,1.48480751,1.440201175,-0.5836497442,-0.03956945301,-0.1288453973,-0.1164766918,0,-0.08160921606,-0.1524135278,0.09961073354,-0.05198034513,-0.09018224924,0.1014786169,0,-0.009010589384,-0.2399066977,0.1594211901,0.08824039352,-0.1513823258,0.008413570397,0.03828525247,0.008413570397,0,0.145,0.175,0,0
1.74,0.5815143576,-0.1246365472,-0.1567664447,-0.03974382687,-0.1444924297,0.9895059059,0.04997916927,0.9987502604,0,-0.5,1.238769192,1.649336143,-1.208551832,1.105277332,-0.4696576167,0.4907563942,0.3733470561,-1.204953001,1.649336143,1.484717404,1.437802108,-0.5820555323,-0.03868704908,-0.1303592206,-0.115617354,0,-0.08198033643,-0.1510791843,0.1007819401,-0.05250204362,-0.09010467139,0.1008532234,0,-0.009289474027,-0.2390312352,0.1597453061,0.08822991865,-0.1512668815,0.008411220956,0.03828486115,0.008411220956,0,0.145,0.18,0,0
1.75,0.5799447474,-0.1250326685,-0.1571565848,-0.03947977479,-0.1444924297,0.9895059059,0.04498481404,0.9989876708,0,0,1.237613018,1.649336143,-1.209371636,1.10376654,-0.4686497973,0.4902313737,0.3724460094,-1.203944469,1.649336143,1.484624509,1.435411796,-0.5804580793,-0.03780474989,-0.1318718894,-0.1147450943,0,-0.08233562614,-0.1497116986,0.10195271,-0.05303346527,-0.09000932437,0.1002129689,0,-0.009556555041,-0.2381334547,0.1600614001,0.08821874962,-0.1511396929,0.00840888992,0.0382844726,0.00840888992,0,0.145,0.18,0,0
1.76,0.5783712062,-0.1254261293,-0.1575526401,-0.03921171913,-0.1444924297,0.9895059059,0.04498481404,0.9989876708,0,0,1.236465567,1.649336143,-1.210194992,1.102269423,-0.4676302702,0.4897010391,0.3715459161,-1.20294234,1.649336143,1.484528944,1.433030461,-0.5788574653,-0.03692256239,-0.1333832863,-0.1138531853,0,-0.08270900963,-0.1483111725,0.1031450163,-0.05358459661,-0.08991871707,0.09956098653,0,-0.009857354164,-0.2372134354,0.1604118794,0.08818471484,-0.1510347008,0.008406577529,0.03828408688,0.008406577529,0,0.145,0.18,0,0
1.77,0.5767936751,-0.1258168897,-0.1579545484,-0.03893970212,-0.1444924297,0.9895059059,0.04498481404,0.9989876708,0,0,1.235327035,1.649336143,-1.211022082,1.100786312,-0.46659882,0.4891651931,0.3706467289,-1.20194673,1.649336143,1.48443037,1.430658327,-0.5772533465,-0.03604071524,-0.1348936334,-0.1129420223,0,-0.083099239,-0.1468777211,0.1043579236,-0.05415499223,-0.08983211637,0.09889272476,0,-0.01012242156,-0.2362712635,0.1607319895,0.08816158421,-0.1509001895,0.008404284157,0.03828370404,0.008404284157,0,0.145,0.175,0,0
1.78,0.5752120959,-0.1262049103,-0.1583622456,-0.03866376718,-0.1444924297,0.9895059059,0.04498481404,0.9989876708,-0.5,0,1.234197615,1.649336143,-1.211853074,1.099317535,-0.4655552408,0.4886236432,0.3697484078,-1.200957802,1.649336143,1.484329146,1.428295614,-0.5756460266,-0.0351590994,-0.1364026352,-0.1120181118,0,-0.0834741864,-0.1454114731,0.1055702239,-0.05473524748,-0.08972855682,0.09821371312,0,-0.0104330819,-0.2353070332,0.1610974809,0.08811000012,-0.1507966913,0.00840201017,0.03828332411,0.00840201017,0,0.145,0.175,0,0
1.79,0.5736264111,-0.1265901521,-0.1587756655,-0.03838395893,-0.1494381325,0.9887710779,0.04498481404,0.9989876708,0,0,1.233077434,1.649336143,-1.212687816,1.09786342,-0.4644995385,0.4880762907,0.3688511222,-1.199975665,1.649336143,1.484224815,1.425942544,-0.5740350518,-0.0342779994,-0.1379106022,-0.1110705025,0,-0.0838897031,-0.1439125707,0.1068183705,-0.05534155761,-0.08964482651,0.09751888519,0,-0.01071193344,-0.234320846,0.1614362145,0.0880673311,-0.1506666741,0.008399755803,0.03828294714,0.008399755803,0,0.145,0.18,0,0
1.8,0.5720365638,-0.1269725767,-0.1591947407,-0.03810032318,-0.1494381325,0.9887710779,0.04498481404,0.9989876708,0,0,1.231966729,1.649336143,-1.213526713,1.096424294,-0.4634313548,0.4875228751,0.3679546739,-1.199000476,1.649336143,1.484117696,1.423599335,-0.5724206896,-0.03339732609,-0.1394172689,-0.1101105509,0,-0.08428914345,-0.14238117,0.1080650424,-0.05595741162,-0.08954391529,0.09681164276,0,-0.01100837192,-0.2333128114,0.1617941736,0.08800980292,-0.1505468691,0.008397521511,0.03828257319,0.008397521511,0,0.15,0.18,0,0
1.81,0.5704424977,-0.127352146,-0.1596194015,-0.03781290697,-0.1494381325,0.9887710779,0.04498481404,0.9989876708,0,-0.5,1.230865624,1.649336143,-1.214369605,1.095000482,-0.4623507044,0.486963301,0.3670592348,-1.19803236,1.649336143,1.484007612,1.421266207,-0.5708027479,-0.03251722806,-0.1409227376,-0.1091314957,0,-0.0847074237,-0.1408174414,0.1093329851,-0.05659286855,-0.08944885813,0.09609040585,0,-0.0112970408,-0.2322830468,0.162147715,0.08794956743,-0.1504184852,0.008395307517,0.03828220228,0.008395307517,0,0.15,0.18,0,0
1.82,0.5688441574,-0.1277288224,-0.1600495767,-0.03752175852,-0.1494381325,0.9887710779,0.03998933419,0.9992001067,0,0,1.229774309,1.649336143,-1.215216679,1.093592308,-0.4612573746,0.4863973723,0.3661647462,-1.197071456,1.649336143,1.483894642,1.418943377,-0.5691812708,-0.03163773239,-0.1424269224,-0.1081362384,0,-0.08513057855,-0.1392215691,0.1106128476,-0.0572438204,-0.08935066704,0.09535724464,0,-0.01160733541,-0.2312316775,0.1625241637,0.08787270902,-0.1503033108,0.008393114184,0.03828183448,0.008393114184,0,0.145,0.18,0,0
1.83,0.567241488,-0.1281025689,-0.1604851934,-0.03722692724,-0.1494381325,0.9887710779,0.03998933419,0.9992001067,0,0,1.228692946,1.649336143,-1.216067985,1.092200092,-0.4601512461,0.4858249341,0.3652712395,-1.196117884,1.649336143,1.483778568,1.41663106,-0.5675560291,-0.0307590053,-0.1439299556,-0.1071256475,0,-0.08555488052,-0.1375937521,0.1119019766,-0.05790914331,-0.08924708851,0.09460955048,0,-0.0118982374,-0.2301588367,0.1628853154,0.08779865124,-0.1501710228,0.008390941814,0.03828146981,0.008390941814,0,0.145,0.175,0,0
1.84,0.5656344356,-0.1284733488,-0.1609261767,-0.03692846375,-0.1494381325,0.9887710779,0.03998933419,0.9992001067,-0.5,0,1.22762169,1.649336143,-1.216923533,1.090824155,-0.4590322263,0.4852458427,0.3643787687,-1.195171788,1.649336143,1.483659586,1.414329472,-0.565927176,-0.02988101878,-0.1454316658,-0.1060952237,0,-0.08600432383,-0.135934204,0.113216026,-0.05859559079,-0.08915392377,0.09385054795,0,-0.01221641162,-0.2290646659,0.1632745472,0.08770545254,-0.1500561409,0.008388790689,0.03828110833,0.008388790689,0.005,0.15,0.175,0,0
1.85,0.5640229468,-0.1288411262,-0.16137245,-0.03662641989,-0.1543800993,0.9880115308,0.03998933419,0.9992001067,0,0,1.226560738,1.649336143,-1.217783577,1.089464813,-0.4579000661,0.4846598868,0.3634872294,-1.194233283,1.649336143,1.483537422,1.412038825,-0.5642944305,-0.02900396426,-0.1469322272,-0.1050507339,0,-0.08645010489,-0.1342431529,0.1145357941,-0.05929485963,-0.08905258023,0.09307719277,0,-0.01251408326,-0.2279493148,0.1636473859,0.0876155499,-0.1499234162,0.008386661184,0.03828075006,0.008386661184,0,0.15,0.18,0,0
1.86,0.5624069692,-0.1292058655,-0.1618239351,-0.03632084867,-0.1543800993,0.9880115308,0.03998933419,0.9992001067,0,0,1.22551023,1.649336143,-1.218648078,1.088122381,-0.4567547081,0.4840669382,0.3625967036,-1.193302511,1.649336143,1.483412281,1.409759332,-0.5626579566,-0.02812780876,-0.1484314614,-0.1039893343,0,-0.08690777174,-0.1325208422,0.1158713507,-0.06001128084,-0.08895336861,0.09229211309,0,-0.01282883989,-0.2268129416,0.1640387476,0.08751139881,-0.1498006193,0.008384553556,0.03828039507,0.008384553556,0,0.15,0.18,0,0
1.87,0.560786451,-0.1295675316,-0.1622805518,-0.03601180432,-0.1543800993,0.9880115308,0.03998933419,0.9992001067,0,0,1.224470337,1.649336143,-1.219517155,1.086797173,-0.4555959946,0.4834668254,0.3617071699,-1.192379589,1.649336143,1.483283993,1.407491203,-0.5610175692,-0.02725269477,-0.1499294675,-0.1029129207,0,-0.08736841513,-0.1307675302,0.1172165956,-0.06074223583,-0.08885069267,0.09149441777,0,-0.01314518229,-0.2256557126,0.1644341775,0.08740029398,-0.1496763435,0.00838246812,0.03828004338,0.00838246812,0,0.15,0.18,0,0
1.88,0.5591613414,-0.1299260902,-0.1627422181,-0.03569934225,-0.1543800993,0.9880115308,0.03998933419,0.9992001067,-0.5,-0.5,1.223441208,1.649336143,-1.22039084,1.085489498,-0.4544238286,0.482859403,0.360818663,-1.191464645,1.649336143,1.483152541,1.405234645,-0.5593732274,-0.02637869183,-0.151426231,-0.1018190397,0,-0.0878458302,-0.1289834904,0.1185804715,-0.06149148934,-0.08875369526,0.09068450998,0,-0.01346704231,-0.2244778028,0.1648372867,0.08728046584,-0.1495535159,0.008380405152,0.03827969504,0.008380405152,0,0.15,0.18,0,0
1.89,0.5575315901,-0.1302815073,-0.1632088506,-0.03538351908,-0.1593182066,0.9872272834,0.0349928546,0.9993875625,0,0,1.222423017,1.649336143,-1.221269298,1.084199663,-0.4532380239,0.4822444881,0.359931126,-1.1905578,1.649336143,1.483017871,1.402989867,-0.5577248545,-0.02550588717,-0.1529217661,-0.1007106545,0,-0.08832555951,-0.1271690121,0.1199531796,-0.06225486265,-0.088653205,0.08986142073,0,-0.01377755072,-0.2232793958,0.1652323652,0.08715967224,-0.149419789,0.008378364976,0.03827935008,0.008378364976,0,0.15,0.18,0,0
1.9,0.5558971481,-0.1306337495,-0.1636803636,-0.03506439265,-0.1593182066,0.9872272834,0.0349928546,0.9993875625,0,0,1.221415911,1.649336143,-1.222152553,1.082927972,-0.4520384921,0.4816219395,0.359044594,-1.189659186,1.649336143,1.482880095,1.400757073,-0.5560725309,-0.02463429045,-0.154415964,-0.09958920628,0,-0.08880095825,-0.1253243996,0.1213300617,-0.06303041343,-0.08854515763,0.08902651877,0,-0.01409507289,-0.2220606838,0.1656364315,0.08702950751,-0.1492887058,0.008376347857,0.03827900855,0.008376347857,0,0.15,0.18,0,0
1.91,0.5542579669,-0.1309827843,-0.1641566701,-0.03474202197,-0.1593182066,0.9872272834,0.0349928546,0.9993875625,0,0,1.220420019,1.649336143,-1.223040563,1.081674728,-0.4508251915,0.4809916354,0.3581591424,-1.188768921,1.649336143,1.482739144,1.398536467,-0.5544161665,-0.02376399538,-0.1559088511,-0.09845114771,0,-0.08929179526,-0.1234499734,0.1227240393,-0.06382352036,-0.08844255898,0.08818070566,0,-0.01443087616,-0.2208218677,0.1660598917,0.08688497157,-0.1491685441,0.00837435403,0.03827867049,0.00837435403,0,0.15,0.18,0,0
1.92,0.552613999,-0.1313285794,-0.1646376809,-0.03441646727,-0.1593182066,0.9872272834,0.0349928546,0.9993875625,0,0,1.219435507,1.649336143,-1.223933481,1.080440229,-0.4495979511,0.4803534002,0.3572747168,-1.187887114,1.649336143,1.482594836,1.396328248,-0.5527555676,-0.02289514566,-0.1574005365,-0.0972947989,0,-0.08980830238,-0.1215460694,0.1241417412,-0.06463682454,-0.08835220337,0.08732159717,0,-0.01474644936,-0.2195631574,0.166466952,0.08674355928,-0.1490311325,0.008372383802,0.03827833592,0.008372383802,0,0.15,0.18,0,0
1.93,0.5509651979,-0.1316711032,-0.1651233055,-0.03408778996,-0.1593182066,0.9872272834,0.0349928546,0.9993875625,-0.5,0,1.218462559,1.649336143,-1.224831564,1.079224768,-0.4483565337,0.4797070319,0.3563911948,-1.187013898,1.649336143,1.482447371,1.394132616,-0.5510908981,-0.02202771007,-0.1588908479,-0.09613075982,0,-0.09029519864,-0.1196130398,0.1255460519,-0.06545495895,-0.08823868465,0.08645185486,0,-0.01507951637,-0.2182847716,0.1668925771,0.08658825853,-0.1489041486,0.008370437513,0.03827800489,0.008370437513,0,0.15,0.18,0,0
1.94,0.5493115178,-0.132010325,-0.1656134512,-0.03375605268,-0.164252331,0.9864183553,0.0349928546,0.9993875625,0,-0.5,1.217501252,1.649336143,-1.225734516,1.078028638,-0.4471010732,0.4790524823,0.355508808,-1.186149379,1.649336143,1.482296576,1.391949769,-0.5494219723,-0.02116182748,-0.1603798893,-0.09494769403,0,-0.09081407663,-0.1176512527,0.1269778289,-0.06629473515,-0.08814194875,0.085570454,0,-0.01541197075,-0.216986938,0.1673199117,0.08642731649,-0.1487743789,0.00836851529,0.03827767743,0.00836851529,0,0.155,0.18,0,0
1.95,0.5476529141,-0.1323462143,-0.1661080238,-0.03342131923,-0.164252331,0.9864183553,0.0299955002,0.9995500337,0,0,1.216551775,1.649336143,-1.226642657,1.076852125,-0.4458312949,0.478389535,0.3546273885,-1.185293675,1.649336143,1.482142456,1.389779899,-0.5477487732,-0.02029755432,-0.1618676331,-0.09375437586,0,-0.09131925474,-0.1156610921,0.1284063121,-0.0671434716,-0.08803282649,0.08467862837,0,-0.01575980676,-0.2156698936,0.1677637341,0.08625368234,-0.1486535457,0.008366617486,0.03827735358,0.008366617486,0,0.15,0.18,0,0
1.96,0.5459893429,-0.1326787416,-0.1666069272,-0.03308365465,-0.164252331,0.9864183553,0.0299955002,0.9995500337,0,0,1.215614231,1.649336143,-1.227555849,1.075695514,-0.4445472318,0.4777181003,0.3537470602,-1.184446888,1.649336143,1.481984858,1.3876232,-0.5460711359,-0.01943501749,-0.1633541686,-0.09254073675,0,-0.09186626761,-0.1136429587,0.1298684322,-0.0680161212,-0.08794725996,0.08377383327,0,-0.01608172099,-0.2143338841,0.1681857002,0.08608574437,-0.1485115726,0.00836474428,0.03827703337,0.00836474428,0,0.15,0.18,0,0
1.97,0.5443207614,-0.1330078778,-0.1671100635,-0.03274312516,-0.164252331,0.9864183553,0.0299955002,0.9995500337,0,0,1.214688824,1.649336143,-1.228474512,1.074559085,-0.4432485475,0.4770379391,0.3528675876,-1.18360915,1.649336143,1.481824041,1.385479861,-0.5443892789,-0.01857416005,-0.1648392843,-0.09132138411,0,-0.09237759332,-0.1115972691,0.1313120064,-0.06889145978,-0.08783571671,0.08285924754,0,-0.01642300821,-0.2129791647,0.1686277497,0.08590345397,-0.1483815603,0.00836289605,0.03827671684,0.00836289605,0,0.15,0.18,0,0
1.98,0.5426471279,-0.1333335948,-0.1676173332,-0.03239979817,-0.164252331,0.9864183553,0.0299955002,0.9995500337,-0.5,0,1.21377561,1.649336143,-1.229398288,1.073443112,-0.4419354274,0.4763490245,0.3519892304,-1.182780558,1.649336143,1.481659811,1.38335007,-0.5427030014,-0.01771512551,-0.1663230999,-0.09008631333,0,-0.09290859166,-0.1095244566,0.1327738577,-0.06978435181,-0.08773402197,0.08193325588,0,-0.01675628132,-0.211606,0.1690644426,0.08571898844,-0.1482436017,0.008361072885,0.03827640402,0.008361072885,0,0.155,0.18,0,0
1.99,0.5409684013,-0.1336558647,-0.1681286347,-0.03205374232,-0.1691823491,0.9855847669,0.0299955002,0.9995500337,0,0,1.212874747,1.649336143,-1.230327374,1.072347867,-0.4406076888,0.4756511809,0.3511118902,-1.181961225,1.649336143,1.481492248,1.38123401,-0.541012357,-0.01685793563,-0.1678055359,-0.08883462281,0,-0.09346586043,-0.1074249707,0.134258207,-0.0706963139,-0.08764663147,0.08099873817,0,-0.01712217,-0.2102146637,0.1695333534,0.0855146742,-0.1481272978,0.00835927507,0.03827609494,0.00835927507,0,0.155,0.18,0,0
2,0.5392845421,-0.1339746607,-0.1686438651,-0.03170502742,-0.1691823491,0.9855847669,0.0299955002,0.9995500337,0,0,1.2119864,1.649336143,-1.231262032,1.071273618,-0.4392651068,0.4749442178,0.3502354239,-1.181151238,1.649336143,1.481321026,1.379131863,-0.5393170234,-0.01600278888,-0.1692868089,-0.08757729713,0,-0.09399078138,-0.1052992776,0.1357253708,-0.07161145197,-0.08753629892,0.08005156814,0,-0.0174550718,-0.2088054389,0.1699736644,0.08531922457,-0.1479850126,0.008357502911,0.03827578964,0.008357502911,0,0.155,0.18,0,0
2.01,0.5375955113,-0.1342899566,-0.1691629193,-0.0313537245,-0.1691823491,0.9855847669,0.0299955002,0.9995500337,0,-0.5,1.211110627,1.649336143,-1.23220194,1.070220625,-0.437907853,0.4742281033,0.3493600609,-1.180350722,1.649336143,1.481146476,1.377043809,-0.5376172868,-0.01514959664,-0.170766659,-0.0863044377,0,-0.09453896145,-0.10314786,0.1372124627,-0.07254447531,-0.08743890893,0.07909532518,0,-0.01780605553,-0.2073786183,0.1704326125,0.08511043996,-0.1478539322,0.008355756492,0.03827548814,0.008355756492,0,0.155,0.18,0,0
2.02,0.5359012713,-0.1346017269,-0.1696856906,-0.03099990577,-0.1691823491,0.9855847669,0.02499739591,0.9996875163,-0.5,0,1.210247583,1.649336143,-1.23314733,1.069189146,-0.4365357284,0.4735026585,0.3484856718,-1.179559769,1.649336143,1.480968415,1.374970023,-0.5359129607,-0.01429849224,-0.1722451984,-0.08501774611,0,-0.09510282685,-0.100971217,0.1387141515,-0.07349309493,-0.08734987223,0.07812883648,0,-0.0181541064,-0.2059345043,0.1708906777,0.08489754241,-0.1477188526,0.008354036097,0.03827519047,0.008354036097,0,0.15,0.18,0,0
2.03,0.5342017854,-0.1349099466,-0.1702120705,-0.03064364467,-0.1741081376,0.9847265389,0.02499739591,0.9996875163,0,0,1.209397406,1.649336143,-1.234098358,1.068179434,-0.4351485869,0.4727677276,0.3476121731,-1.17877848,1.649336143,1.480786874,1.372910678,-0.5342040539,-0.01344951681,-0.1737223869,-0.08372293299,0,-0.09565238758,-0.09876986456,0.1402099273,-0.07444915874,-0.08725033583,0.07715256035,0,-0.01850284337,-0.2044734084,0.1713511496,0.08467903538,-0.147582471,0.008352341974,0.03827489667,0.008352341974,0,0.155,0.185,0,0
2.04,0.5324970182,-0.1352145919,-0.1707419489,-0.03028501582,-0.1741081376,0.9847265389,0.02499739591,0.9996875163,0,0,1.208560176,1.649336143,-1.235054882,1.067191735,-0.4337464876,0.472023236,0.3467396697,-1.178006955,1.649336143,1.480601846,1.370865943,-0.5324905424,-0.01260272646,-0.1751982116,-0.08241558641,0,-0.09621366548,-0.09654433506,0.1417170569,-0.07541934031,-0.08715721444,0.07616782528,0,-0.01886898065,-0.2029956523,0.1718294194,0.0844479055,-0.1474569437,0.008350674258,0.03827460676,0.008350674258,0,0.155,0.18,0,0
2.05,0.5307869352,-0.1355156393,-0.1712752136,-0.02992409503,-0.1741081376,0.9847265389,0.02499739591,0.9996875163,0,0,1.20773602,1.649336143,-1.236017019,1.066226292,-0.4323293171,0.4712690426,0.3458680976,-1.177245277,1.649336143,1.480413156,1.368835987,-0.5307722482,-0.01175824741,-0.176672781,-0.08109545352,0,-0.09678990845,-0.09429517753,0.1432374764,-0.07640422218,-0.08707286092,0.07517246868,0,-0.01921627226,-0.2015015668,0.1722919017,0.08421968359,-0.1473161111,0.008349033172,0.03827432076,0.008349033172,0,0.155,0.18,0,0
2.06,0.529071503,-0.1358130664,-0.1718117508,-0.02956095934,-0.1741081376,0.9847265389,0.02499739591,0.9996875163,-0.5,0,1.206925066,1.649336143,-1.236984918,1.06528334,-0.4308969423,0.4705050004,0.344997369,-1.176493552,1.649336143,1.480220993,1.366820971,-0.5290493292,-0.01091605057,-0.1781459421,-0.0797714018,0,-0.09733312343,-0.09202295765,0.1447383964,-0.07739105162,-0.08696703457,0.07416902293,0,-0.01957950064,-0.199991493,0.172770693,0.08397967771,-0.1471852046,0.008347418944,0.03827403872,0.008347418944,0,0.155,0.18,0,0
2.07,0.5273506896,-0.1361068513,-0.172351445,-0.02919568695,-0.1790295734,0.9838436928,0.02499739591,0.9996875163,0,-0.5,1.206127352,1.649336143,-1.237958249,1.064363111,-0.4294495583,0.4697310898,0.3441276986,-1.175751862,1.649336143,1.480025198,1.364821056,-0.5273216222,-0.01007625379,-0.1796177942,-0.07842848008,0,-0.09792904848,-0.08972825746,0.1462775995,-0.07840191677,-0.08689460846,0.07315676211,0,-0.01994401314,-0.1984657814,0.1732521739,0.08373423377,-0.1470536918,0.008345831624,0.03827376064,0.008345831624,0,0.16,0.185,0,0
2.08,0.525624464,-0.1363969733,-0.1728941789,-0.02882835731,-0.1790295734,0.9838436928,0.01999866669,0.9998000067,0,0,1.205343067,1.649336143,-1.238937539,1.063465828,-0.4279867823,0.4689470707,0.3432587526,-1.175020294,1.649336143,1.479825758,1.362836399,-0.5255891005,-0.009238911455,-0.1810883311,-0.07708322746,0,-0.09848646719,-0.08741167575,0.1477929694,-0.0794128553,-0.08679787318,0.07213600761,0,-0.02031093639,-0.1969247924,0.1737373158,0.08348298369,-0.146922459,0.008344271562,0.03827348656,0.008344271562,0,0.155,0.18,0,0
2.09,0.5238927963,-0.1366834119,-0.1734398333,-0.02845905102,-0.1790295734,0.9838436928,0.01999866669,0.9998000067,0,0,1.204572235,1.649336143,-1.239922404,1.062591711,-0.4265088526,0.4681529421,0.3423907738,-1.174298934,1.649336143,1.479622648,1.360867151,-0.5238517273,-0.008404081618,-0.1825575557,-0.07572907976,0,-0.09904402215,-0.0850738276,0.1493103662,-0.08043369653,-0.08670174835,0.07110588425,0,-0.02066321951,-0.1953688962,0.174210305,0.08323310575,-0.1467793013,0.008342738778,0.0382732165,0.008342738778,0,0.155,0.18,0,0
2.1,0.522155658,-0.136966148,-0.1739882872,-0.02808784992,-0.1790295734,0.9838436928,0.01999866669,0.9998000067,0,0,1.203814944,1.649336143,-1.240912844,1.061740973,-0.425015749,0.4673486052,0.3415237563,-1.173587875,1.649336143,1.479416016,1.358913462,-0.5221096243,-0.007571750561,-0.1840253487,-0.07435903559,0,-0.09964365682,-0.08271534446,0.1508580304,-0.08147489167,-0.08663315954,0.0700695029,0,-0.02104400578,-0.193798473,0.174710907,0.08296679324,-0.1466553751,0.008341233423,0.03827295048,0.008341233423,0,0.155,0.18,0,0
2.11,0.5204130217,-0.1372451629,-0.1745394182,-0.02771483702,-0.1790295734,0.9838436928,0.01999866669,0.9998000067,-0.5,0,1.203071354,1.649336143,-1.241909281,1.06091382,-0.4235071687,0.4665338562,0.3406574247,-1.17288718,1.649336143,1.479205576,1.356975477,-0.5203625152,-0.006742082628,-0.1854919025,-0.07298665595,0,-0.1002101457,-0.08033687427,0.152384512,-0.08251686364,-0.08654468793,0.06902491079,0,-0.02141976598,-0.1922139129,0.1752080817,0.08269813448,-0.1465265901,0.008339755786,0.03827268852,0.008339755786,0.005,0.155,0.18,0,0
2.12,0.5186648611,-0.1375204389,-0.1750931016,-0.02734009655,-0.1839465335,0.9829362506,0.01999866669,0.9998000067,0,0,1.202341487,1.649336143,-1.242911382,1.060110451,-0.4219833236,0.4657086876,0.3397919779,-1.172196931,1.649336143,1.478991379,1.355053338,-0.5186104344,-0.005915101283,-0.1869571684,-0.07160394522,0,-0.1007910587,-0.07793908102,0.1539218506,-0.08357152384,-0.08646685059,0.06797162811,0,-0.02177920463,-0.1906156157,0.1756913422,0.08243180796,-0.1463849266,0.008338305889,0.03827243065,0.008338305889,0,0.16,0.175,0,0
2.13,0.5169111515,-0.1377919593,-0.1756492113,-0.02696371393,-0.1839465335,0.9829362506,0.01999866669,0.9998000067,0,-0.5,1.201625448,1.649336143,-1.243919293,1.05933106,-0.4204441051,0.4648729724,0.3389273094,-1.171517215,1.649336143,1.478773587,1.353147182,-0.516853521,-0.005090783204,-0.1884210176,-0.07021416436,0,-0.1013698246,-0.07552264487,0.1554584569,-0.084634347,-0.08638946839,0.06691197829,0,-0.0221532698,-0.1890039915,0.1761891707,0.08215521991,-0.14625272,0.00833688391,0.03827217688,0.00833688391,0,0.16,0.175,0,0
2.14,0.5151518692,-0.138059708,-0.1762076194,-0.02658577579,-0.1839465335,0.9829362506,0.01499943751,0.9998875021,0,0,1.200923306,1.649336143,-1.244932991,1.058575834,-0.4188895205,0.4640266289,0.3380634147,-1.170848095,1.649336143,1.478552054,1.351257142,-0.5150916293,-0.004269231005,-0.1898835448,-0.06881553475,0,-0.1019588593,-0.07308826198,0.1570024934,-0.08570816389,-0.08632073507,0.06584462538,0,-0.02251756022,-0.18737946,0.1766789806,0.08187846835,-0.1461125202,0.008335489966,0.03827192724,0.008335489966,0,0.155,0.175,0,0
2.15,0.5133869919,-0.1383236699,-0.1767681959,-0.02620636995,-0.1839465335,0.9829362506,0.01499943751,0.9998875021,-0.5,0,1.200235151,1.649336143,-1.24595258,1.057844951,-0.4173194955,0.4631695473,0.3372002073,-1.170189649,1.649336143,1.478326878,1.349383347,-0.5133248395,-0.003450446321,-0.19134467,-0.06741428684,0,-0.1025241758,-0.07063664443,0.1585304202,-0.08678413487,-0.08623948407,0.06477263595,0,-0.02291399518,-0.1857424511,0.1771993384,0.08158472812,-0.1459944796,0.008334124207,0.03827168174,0.008334124207,0.005,0.155,0.175,0,0
2.16,0.5116164985,-0.1385838308,-0.1773308095,-0.02582558542,-0.188858895,0.9820042351,0.01499943751,0.9998875021,0,0,1.199561008,1.649336143,-1.246977822,1.057138585,-0.4157341913,0.4623017059,0.3363378125,-1.169541922,1.649336143,1.478097738,1.347525923,-0.5115528461,-0.00263459904,-0.1928046148,-0.06600373212,0,-0.1031067774,-0.0681685199,0.1600699306,-0.08787225063,-0.08617199785,0.06369269253,0,-0.02328815063,-0.1840934047,0.1776999882,0.0812961679,-0.1458596374,0.008332786659,0.0382714404,0.008332786659,0,0.16,0.18,0,0
2.17,0.5098403694,-0.1388401774,-0.1778953268,-0.02544351245,-0.188858895,0.9820042351,0.01499943751,0.9998875021,0,0,1.19890097,1.649336143,-1.248008889,1.056456899,-0.414133492,0.4614229834,0.3354760925,-1.168904995,1.649336143,1.477864857,1.345684989,-0.5097758462,-0.001821637361,-0.1942632112,-0.06458612241,0,-0.1036959877,-0.06568463173,0.1616134328,-0.08896946952,-0.08611184873,0.06260629158,0,-0.02365813139,-0.1824327705,0.1781975504,0.0810055261,-0.1457210863,0.008331477485,0.03827120324,0.008331477485,0,0.16,0.18,0,0
2.18,0.5080585861,-0.1390926971,-0.1784616128,-0.02506024244,-0.188858895,0.9820042351,0.01499943751,0.9998875021,-0.5,0,1.198255109,1.649336143,-1.249045849,1.055800053,-0.4125173577,0.4605332887,0.334614974,-1.168278932,1.649336143,1.477628275,1.343860661,-0.5079938707,-0.0010115821,-0.1957204221,-0.06316597394,0,-0.1042676108,-0.06318573867,0.1631440233,-0.09006946701,-0.08604409338,0.06151504224,0,-0.02404358341,-0.1807610083,0.1787100383,0.08070511244,-0.1455929742,0.008330196798,0.03827097026,0.008330196798,0,0.16,0.18,0,0
2.19,0.5062711317,-0.1393413785,-0.1790295305,-0.02467586802,-0.193766535,0.9810476695,0.01499943751,0.9998875021,0,-0.5,1.197623449,1.649336143,-1.250088525,1.055168196,-0.4108859175,0.459632594,0.3337545331,-1.167663782,1.649336143,1.47738784,1.342053051,-0.5062067703,-0.0002045309755,-0.1971763518,-0.06174086587,0,-0.1048380978,-0.06067261463,0.164672631,-0.09117601837,-0.08597947421,0.06041910629,0,-0.02444224767,-0.179078588,0.1792352732,0.08039607503,-0.1454737452,0.008328944627,0.03827074149,0.008328944627,0,0.16,0.185,0,0
2.2,0.5044779905,-0.1395862111,-0.1795989413,-0.02429048301,-0.193766535,0.9810476695,0.009999833334,0.9999500004,0,0,1.197006041,1.649336143,-1.251136906,1.05456147,-0.4092391912,0.4587208339,0.3328947383,-1.167059591,1.649336143,1.477143417,1.340262265,-0.5044144176,0.0005994297748,-0.1986310893,-0.06030789424,0,-0.1054271391,-0.05814604856,0.166212465,-0.09229359006,-0.08593075173,0.05931602437,0,-0.0248124675,-0.1773859891,0.1797348241,0.08009501161,-0.1453337117,0.008327721047,0.03827051694,0.008327721047,0,0.155,0.18,0,0
2.21,0.5026791484,-0.1398271851,-0.1801697049,-0.02390418245,-0.193766535,0.9810476695,0.009999833334,0.9999500004,0,0,1.196402962,1.649336143,-1.252191178,1.053980009,-0.4075770665,0.457797898,0.3320354308,-1.166466431,1.649336143,1.476895292,1.338488405,-0.5026170693,0.001400379891,-0.2000844264,-0.0588741142,0,-0.1059954272,-0.05560684428,0.1677362069,-0.093412183,-0.08587346232,0.05820870182,0,-0.02519309293,-0.1756837016,0.1802443779,0.07978666789,-0.1452007494,0.008326526189,0.03827029661,0.008326526189,0,0.16,0.18,0,0
2.22,0.5008745924,-0.140064292,-0.1807416791,-0.02351706255,-0.193766535,0.9810476695,0.009999833334,0.9999500004,-0.5,0,1.195814221,1.649336143,-1.253251132,1.053423941,-0.4058997044,0.4568637761,0.3311766962,-1.165884344,1.649336143,1.476643362,1.336731568,-0.5008146256,0.00219824657,-0.2015364339,-0.05743705306,0,-0.1065600054,-0.05305582014,0.1692552169,-0.09453564825,-0.08581870783,0.057097934,0,-0.02559111255,-0.1739722249,0.1807702646,0.07946855625,-0.1450799148,0.008325360048,0.03827008053,0.008325360048,0,0.16,0.18,0,0
2.23,0.4990643112,-0.140297524,-0.18131472,-0.02312922073,-0.1986693308,0.9800665778,0.009999833334,0.9999500004,0,0,1.19523985,1.649336143,-1.254316732,1.052893382,-0.4042071523,0.4559184196,0.3303185091,-1.165313364,1.649336143,1.47638745,1.334991846,-0.4990069229,0.002992932132,-0.202987233,-0.05599418239,0,-0.1071386306,-0.05049380888,0.1707814029,-0.09566790544,-0.08577801706,0.05598154588,0,-0.02596897329,-0.1722520688,0.1812778524,0.07915549029,-0.1449444988,0.008324222668,0.03826986869,0.008324222668,0,0.16,0.185,0,0
2.24,0.4972482949,-0.1405268743,-0.1818886817,-0.02274075562,-0.1986693308,0.9800665778,0.009999833334,0.9999500004,0,-0.5,1.194679908,1.649336143,-1.255388118,1.052388444,-0.4024993383,0.4549617406,0.329460729,-1.164753549,1.649336143,1.476127761,1.333269325,-0.4971941444,0.003784487035,-0.204436678,-0.05454927384,0,-0.107711417,-0.04792165737,0.1723007583,-0.09680373797,-0.08573918935,0.05486275771,0,-0.02636982206,-0.1705237525,0.1818067324,0.07883086377,-0.144825369,0.00832311414,0.03826966112,0.00832311414,0,0.16,0.18,0,0
2.25,0.495426535,-0.1407523373,-0.1824634169,-0.02235176705,-0.1986693308,0.9800665778,0.004999979167,0.9999875,0,0,1.194134416,1.649336143,-1.256465233,1.051909228,-0.4007763307,0.4539937032,0.3286033371,-1.164204921,1.649336143,1.475864062,1.331564088,-0.4953760771,0.004572795673,-0.2058849317,-0.05310692065,0,-0.1082531542,-0.04534022642,0.1737955364,-0.09793675991,-0.08568669023,0.05373914017,0,-0.02675219796,-0.1687878055,0.182318695,0.07851089388,-0.1446930586,0.008322034485,0.0382694578,0.008322034485,0,0.16,0.18,0,0
2.26,0.4935990245,-0.1409739083,-0.1830387762,-0.02196235603,-0.1986693308,0.9800665778,0.004999979167,0.9999875,-0.5,0,1.193603346,1.649336143,-1.257547764,1.051455826,-0.3990383753,0.4530143356,0.3277464702,-1.16366753,1.649336143,1.47559654,1.329876209,-0.4935528901,0.005357904612,-0.2073318623,-0.05165803966,0,-0.1088213909,-0.04275039028,0.1753051153,-0.09908038243,-0.08565710225,0.05261278494,0,-0.02714215733,-0.1670447668,0.1828376046,0.07818567442,-0.1445662339,0.008320983631,0.03826925876,0.008320983631,0,0.16,0.18,0,0
2.27,0.4917657579,-0.1411915834,-0.1836146087,-0.02157262479,-0.2035671599,0.9790609845,0.004999979167,0.9999875,0,0,1.193086766,1.649336143,-1.258635978,1.051028322,-0.3972853242,0.4520235318,0.3268898991,-1.163141402,1.649336143,1.475325119,1.328205762,-0.4917245141,0.006139761356,-0.2087775246,-0.0502077889,0,-0.1093878634,-0.04015303668,0.1768096875,-0.1002273923,-0.08563294974,0.05148389762,0,-0.02753744915,-0.1652951855,0.1833612949,0.07785628617,-0.1444433749,0.008319961687,0.038269064,0.008319961687,0,0.16,0.185,0,0
2.28,0.4899267313,-0.14140536,-0.1841907615,-0.02118267676,-0.2035671599,0.9790609845,0.004999979167,0.9999875,0,0,1.192584688,1.649336143,-1.259729857,1.050626791,-0.3955172273,0.4510212579,0.3260335696,-1.162626563,1.649336143,1.475049744,1.32655281,-0.4898909011,0.006918324218,-0.2102219584,-0.048760544,0,-0.1099285929,-0.03754906639,0.1782923249,-0.101371734,-0.08559947417,0.05035298303,0,-0.02794019521,-0.1635396201,0.1838916156,0.07752214236,-0.1443260751,0.008318968661,0.03826887351,0.008318968661,0,0.16,0.18,0,0
2.29,0.4880819421,-0.1416152366,-0.18476708,-0.02079261655,-0.2035671599,0.9790609845,0.004999979167,0.9999875,-0.5,0,1.192097083,1.649336143,-1.260829143,1.050251301,-0.393734304,0.4500075405,0.3251775749,-1.162123033,1.649336143,1.474770342,1.324917414,-0.488051985,0.007693545641,-0.2116652191,-0.04731292998,0,-0.1104668825,-0.03493939286,0.1797687956,-0.1025185542,-0.08557167401,0.049218562,0,-0.02832297846,-0.161778639,0.1844033047,0.07719377032,-0.1441949404,0.008318004474,0.03826868731,0.008318004474,0,0.165,0.18,0,0
2.3,0.4862313896,-0.1418212124,-0.1853434079,-0.02040255,-0.2084598998,0.9780309147,0.004999979167,0.9999875,0,0,1.191623953,1.649336143,-1.261933811,1.049901907,-0.3919366161,0.448982355,0.3243218582,-1.161630848,1.649336143,1.474487113,1.323299627,-0.4862079519,0.008465483344,-0.2131071685,-0.04586323707,0,-0.1110162438,-0.03232494198,0.1812481498,-0.1036705782,-0.0855583701,0.04808317355,0,-0.02871802532,-0.1600128203,0.1849258561,0.07685916261,-0.1440729768,0.008317069115,0.03826850539,0.008317069115,0,0.165,0.185,0,0
2.31,0.4843750745,-0.1420232879,-0.1859195871,-0.02001258412,-0.2084598998,0.9780309147,0.004999979167,0.9999875,0,0,1.191165321,1.649336143,-1.263043974,1.049578657,-0.3901241346,0.4479456492,0.3234662745,-1.161150016,1.649336143,1.474199932,1.321699499,-0.4843586934,0.00923407497,-0.2145478983,-0.04441767753,0,-0.1115413487,-0.02970665187,0.1827055709,-0.1048191156,-0.08553765642,0.04694779488,0,-0.02913414158,-0.1582427515,0.1854672373,0.07651532412,-0.1439665085,0.008316162606,0.03826832776,0.008316162606,0,0.165,0.18,0,0
2.32,0.4825129989,-0.1422214647,-0.1864954576,-0.01962282714,-0.2084598998,0.9780309147,0.004999979167,0.9999875,0,0,1.190721144,1.649336143,-1.264159387,1.049281591,-0.3882970789,0.446897458,0.3226108979,-1.160680538,1.649336143,1.473908591,1.320117072,-0.482504021,0.009999228212,-0.2159875634,-0.04297194192,0,-0.1120717432,-0.02708547233,0.1841612178,-0.1059706451,-0.0855284348,0.04580895815,0,-0.02951432085,-0.1564690298,0.1859750622,0.07618368455,-0.1438351649,0.008315284848,0.03826815441,0.008315284848,0,0.165,0.18,0,0
2.33,0.4806451669,-0.1424157455,-0.1870708578,-0.01923338848,-0.2084598998,0.9780309147,0.004999979167,0.9999875,-0.5,0,1.190291425,1.649336143,-1.265280105,1.049010736,-0.3864554667,0.4458377516,0.3217556135,-1.160222448,1.649336143,1.473613448,1.318552381,-0.4806442704,0.01076106506,-0.217425915,-0.04152787862,0,-0.1125990936,-0.02446236472,0.1856089955,-0.1071227681,-0.08552577212,0.04467063484,0,-0.02991162396,-0.1546922616,0.1864979091,0.07584464472,-0.1437167081,0.008314435829,0.03826798534,0.008314435829,0,0.165,0.18,0,0
2.34,0.4787715839,-0.1426061339,-0.1876456242,-0.01884437877,-0.2133474283,0.9769763942,0.004999979167,0.9999875,0,0,1.189876146,1.649336143,-1.266406096,1.048766112,-0.3845993767,0.4447665239,0.3209003558,-1.159775742,1.649336143,1.473314332,1.317005459,-0.4787792913,0.0115195115,-0.2188630821,-0.0400862558,0,-0.1131217203,-0.02183830151,0.1870474177,-0.1082746463,-0.08552891742,0.04353209907,0,-0.03030945378,-0.152913063,0.1870204537,0.07550460638,-0.1435994462,0.008313615497,0.03826782055,0.008313615497,0,0.165,0.185,0,0
2.35,0.4768922571,-0.1427926349,-0.1882195916,-0.01845590984,-0.2133474283,0.9769763942,0.004999979167,0.9999875,0,0,1.189475283,1.649336143,-1.267537313,1.048547729,-0.3827289026,0.4436837774,0.3200450666,-1.159340421,1.649336143,1.473011237,1.315476328,-0.4769090867,0.01227455757,-0.2202990766,-0.03865172796,0,-0.1136134617,-0.01921426599,0.1884579381,-0.1094198735,-0.08552172057,0.04239374597,0,-0.03070773869,-0.1511320593,0.1875425317,0.07516380113,-0.1434834204,0.00831282379,0.03826766003,0.00831282379,0,0.165,0.18,0,0
2.36,0.4750071953,-0.1429752543,-0.188792593,-0.0180680947,-0.2133474283,0.9769763942,0.004999979167,0.9999875,-0.5,0,1.189088766,1.649336143,-1.268673447,1.048355587,-0.3808443232,0.4425895787,0.3191898494,-1.158916484,1.649336143,1.47270416,1.313965007,-0.4750336614,0.01302619558,-0.2217339108,-0.03721604779,0,-0.1141292919,-0.01659125177,0.1898785125,-0.110570551,-0.08553904345,0.04125597613,0,-0.03110640611,-0.1493498849,0.1880639774,0.07482246413,-0.1433686712,0.008312060551,0.03826750377,0.008312060551,0,0.165,0.18,0,0
2.37,0.473116409,-0.1431539993,-0.1893644596,-0.01768104758,-0.2182296231,0.9758974493,0.004999979167,0.9999875,0,0,1.188716606,1.649336143,-1.26981474,1.048189674,-0.378945538,0.4414838732,0.318334459,-1.158503924,1.649336143,1.472393096,1.312471509,-0.4731530216,0.01377442022,-0.2231675975,-0.03578789141,0,-0.1146178323,-0.01397026268,0.1912730379,-0.1117145067,-0.08554886682,0.04011919586,0,-0.03150538573,-0.1475671835,0.1885846266,0.07448083288,-0.1432552397,0.008311325789,0.03826735178,0.008311325789,0,0.165,0.185,0,0
2.38,0.4712199104,-0.1433288782,-0.189935021,-0.0172948839,-0.2182296231,0.9758974493,0.004999979167,0.9999875,0,0,1.188358727,1.649336143,-1.270960919,1.048049972,-0.3770328077,0.4403667281,0.3174789703,-1.158102732,1.649336143,1.472078042,1.310995837,-0.4712671754,0.01451922855,-0.2246001499,-0.03436134357,0,-0.1151197513,-0.01135231215,0.192669557,-0.1128604806,-0.08557704468,0.03898381602,0,-0.03190459364,-0.1457846079,0.1891043021,0.07413915294,-0.1431431571,0.00831061934,0.03826720403,0.00831061934,0,0.165,0.18,0,0
2.39,0.4693177135,-0.1434999003,-0.1905041047,-0.01690972029,-0.2182296231,0.9758974493,0.004999979167,0.9999875,-0.5,0,1.188015113,1.649336143,-1.272112116,1.047936448,-0.3751061121,0.4392381233,0.3166231999,-1.157712894,1.649336143,1.471758996,1.309537991,-0.4693761324,0.01526062008,-0.2260315814,-0.03294522899,0,-0.1155822151,-0.008738423068,0.1940308687,-0.1139961269,-0.08559062767,0.03785025418,0,-0.0323039639,-0.1440028197,0.1896228426,0.0737976664,-0.1430324665,0.00830994116,0.03826706053,0.00830994116,0,0.165,0.18,0,0
2.4,0.4674098338,-0.1436670763,-0.1910715368,-0.01652567458,-0.2231063621,0.9747941071,0.004999979167,0.9999875,0,0,1.187685661,1.649336143,-1.273267938,1.047849064,-0.3731658034,0.4380981621,0.3157672936,-1.157334391,1.649336143,1.471435956,1.308097963,-0.4674799039,0.01599859674,-0.2274619061,-0.03153421663,0,-0.1160423381,-0.006129627162,0.1953825545,-0.1151293466,-0.08561321924,0.03671893246,0,-0.0327034172,-0.1422224897,0.1901400742,0.07345662324,-0.1429232008,0.008309291029,0.03826692125,0.008309291029,0,0.165,0.185,0,0
2.41,0.4654962888,-0.143830418,-0.1916371413,-0.01614286578,-0.2231063621,0.9747941071,0.004999979167,0.9999875,0,0,1.187370319,1.649336143,-1.274428362,1.047787768,-0.3712119779,0.4369468686,0.3149111614,-1.156967202,1.649336143,1.471108922,1.306675738,-0.4655785032,0.01673316298,-0.2288911381,-0.0301251886,0,-0.1165237234,-0.003526964775,0.1967408473,-0.1162648411,-0.08565992676,0.03559027849,0,-0.03310287643,-0.1404442972,0.1906558245,0.07311627558,-0.1428153933,0.008308668834,0.03826678618,0.008308668834,0,0.165,0.18,0,0
2.42,0.4635770977,-0.1439899382,-0.1922007406,-0.01576141412,-0.2231063621,0.9747941071,0.004999979167,0.9999875,0,0,1.187069067,1.649336143,-1.275593599,1.047752498,-0.3692445694,0.4357842202,0.3140545622,-1.156611299,1.649336143,1.470777893,1.305271295,-0.4636719449,0.01746432573,-0.2303192921,-0.02872954976,0,-0.1169564259,-0.0009314845878,0.1980564879,-0.1173866322,-0.08568700589,0.03446472527,0,-0.03350226361,-0.1386689304,0.1911699199,0.07277687872,-0.142709076,0.008308074523,0.03826665532,0.008308074523,0,0.165,0.18,0,0
2.43,0.4616522813,-0.1441456512,-0.1927621553,-0.01538144103,-0.2231063621,0.9747941071,0.004999979167,0.9999875,-0.5,0,1.186781771,1.649336143,-1.276763163,1.047743183,-0.3672640045,0.4346103539,0.3131976921,-1.156266652,1.649336143,1.470442871,1.303884605,-0.4617602457,0.01819209452,-0.2317463828,-0.02733569621,0,-0.1174187339,0.001655757094,0.1993839932,-0.11851151,-0.08574394739,0.03334271105,0,-0.03390149993,-0.1368970859,0.1916821859,0.07243869114,-0.1426042789,0.008307507823,0.03826652864,0.008307507823,0,0.165,0.18,0,0
2.44,0.4597218625,-0.1442975723,-0.1933212042,-0.01500306913,-0.2279775235,0.973666395,0.004999979167,0.9999875,0,0,1.186508415,1.649336143,-1.277937351,1.047759741,-0.3652701646,0.4334252388,0.3123402526,-1.155933225,1.649336143,1.470103856,1.302515634,-0.4598434239,0.01891648143,-0.2331724256,-0.02595510433,0,-0.1178398754,0.004233696314,0.2006734688,-0.1196234259,-0.08578645977,0.0322258393,0,-0.03431726195,-0.1351294689,0.1922077528,0.07209614571,-0.1425128589,0.008306968685,0.03826640613,0.008306968685,0,0.165,0.18,0,0
2.45,0.4577858657,-0.1444457183,-0.1938777044,-0.01462642224,-0.2279775235,0.973666395,0.004999979167,0.9999875,0,0,1.186248863,1.649336143,-1.279115749,1.047802078,-0.3632634299,0.4322290045,0.311482388,-1.155610966,1.649336143,1.469760683,1.30116434,-0.4579213464,0.01963744289,-0.2345975542,-0.02458221427,0,-0.1182593353,0.006801262206,0.2019522844,-0.1207305586,-0.08583960883,0.0311110957,0,-0.03469940758,-0.1333667931,0.1927007101,0.07176695147,-0.1423994994,0.008306456839,0.03826628776,0.008306456839,0,0.17,0.18,0,0
2.46,0.4558443175,-0.1445901069,-0.1944314711,-0.01425162539,-0.2279775235,0.973666395,0.004999979167,0.9999875,-0.5,0,1.186003041,1.649336143,-1.280298343,1.047870091,-0.361243907,0.4310216989,0.3106239919,-1.155299855,1.649336143,1.469413689,1.299830672,-0.4559943393,0.0203551124,-0.2360215492,-0.023219393,0,-0.1186652654,0.009357377159,0.2032118322,-0.1218298204,-0.08589615341,0.03000238038,0,-0.03509770951,-0.1316097802,0.1932064292,0.07143397376,-0.1422994248,0.008305972124,0.03826617352,0.008305972124,0,0.17,0.18,0,0
2.47,0.453897246,-0.1447307574,-0.1949823179,-0.01387880481,-0.2328429855,0.9725143413,0.004999979167,0.9999875,0,0,1.185770847,1.649336143,-1.281484995,1.047963664,-0.3592117887,0.4298034007,0.3097650304,-1.154999831,1.649336143,1.469062712,1.298514574,-0.454062275,0.02106945214,-0.2374445434,-0.02186396853,0,-0.1190788861,0.01190095731,0.2044667453,-0.1229252562,-0.08596966337,0.02889900916,0,-0.03549553691,-0.1298591603,0.1937096102,0.07110326925,-0.1422009717,0.008305514331,0.03826606339,0.008305514331,0,0.17,0.18,0,0
2.48,0.4519446815,-0.1448676901,-0.1955300564,-0.01350808792,-0.2328429855,0.9725143413,0.004999979167,0.9999875,0,0,1.185552208,1.649336143,-1.282675784,1.048082674,-0.3571671213,0.4285741482,0.3089053338,-1.154710841,1.649336143,1.468707756,1.297215982,-0.4521251789,0.02178048483,-0.2388665532,-0.02052191832,0,-0.1194645191,0.01443091281,0.205691648,-0.124008684,-0.08603786745,0.02780144614,0,-0.03589280689,-0.1281156715,0.1942100739,0.07077511104,-0.1421041601,0.008305083305,0.03826595734,0.008305083305,0,0.17,0.18,0,0
2.49,0.4499866559,-0.1450009266,-0.1960744967,-0.01313960333,-0.2328429855,0.9725143413,0.004999979167,0.9999875,-0.5,0,1.185346989,1.649336143,-1.283870429,1.048226983,-0.3551102048,0.4273340613,0.3080449551,-1.154432827,1.649336143,1.468348828,1.295934826,-0.4501830781,0.02248823594,-0.2402875948,-0.01919092845,0,-0.1198409916,0.01694614835,0.206899486,-0.1250836503,-0.08611280474,0.02671016068,0,-0.03628943894,-0.1263800598,0.1947076432,0.0704497739,-0.1420090098,0.008304678777,0.03826585535,0.008304678777,0,0.17,0.18,0,0
2.5,0.4480232032,-0.14513049,-0.1966154469,-0.01277348089,-0.2377026264,0.9713379749,0.004999979167,0.9999875,0,0,1.185155079,1.649336143,-1.285068839,1.048396445,-0.3530412099,0.4260832248,0.307183827,-1.154165725,1.649336143,1.467985934,1.294671025,-0.4482360017,0.02319273368,-0.2417076849,-0.01787262815,0,-0.1202011796,0.01944556343,0.2080849559,-0.1261481297,-0.08619015971,0.02562562625,0,-0.03668533919,-0.1246530788,0.1952021287,0.07012753944,-0.1419155297,0.008304300519,0.03826575739,0.008304300519,0,0.17,0.18,0,0
2.51,0.4460543592,-0.1452564045,-0.1971527134,-0.01240985161,-0.2377026264,0.9713379749,0.004999979167,0.9999875,0,0,1.184976353,1.649336143,-1.286270851,1.0485909,-0.3509603604,0.4248217435,0.3063219254,-1.153909469,1.649336143,1.467619081,1.293424494,-0.4462839804,0.02389400908,-0.2431268401,-0.01656285314,0,-0.1205767062,0.02192805282,0.209270094,-0.1272082384,-0.08629003885,0.0245483226,0,-0.03708043181,-0.1229354903,0.1956933575,0.06980868548,-0.141823739,0.008303948275,0.03826566343,0.008303948275,0,0.17,0.18,0,0
2.52,0.4440801619,-0.1453786958,-0.1976861009,-0.01204884772,-0.2377026264,0.9713379749,0.004999979167,0.9999875,-0.5,0,1.184810724,1.649336143,-1.287476618,1.048810181,-0.3488676594,0.4235496611,0.3054590251,-1.153663986,1.649336143,1.467248276,1.292195139,-0.4443270468,0.02459209593,-0.2445450775,-0.01527102592,0,-0.1209083365,0.02439250676,0.2104128329,-0.1282510051,-0.08637524292,0.02347873353,0,-0.03747462778,-0.1212280631,0.1961811448,0.0694934965,-0.1417336459,0.008303621871,0.03826557345,0.008303621871,0,0.17,0.18,0,0
2.53,0.4421006508,-0.1454973907,-0.1982154122,-0.01169060264,-0.2425563248,0.970137325,0.004999979167,0.9999875,0,0,1.184658014,1.649336143,-1.288685702,1.049054106,-0.3467635311,0.4222671511,0.3045952726,-1.153429199,1.649336143,1.46687353,1.290982859,-0.4423652354,0.0252870309,-0.245962414,-0.01399208929,0,-0.1212335861,0.02683781157,0.2115393576,-0.1292838114,-0.08646956486,0.02241734791,0,-0.03786784049,-0.1195315739,0.1966653083,0.0691822583,-0.1416452578,0.008303320947,0.0382654874,0.008303320947,0,0.17,0.18,0,0
2.54,0.4401158679,-0.1456125175,-0.1987404485,-0.01133525099,-0.2425563248,0.970137325,0.004999979167,0.9999875,0,0,1.184518093,1.649336143,-1.289898037,1.049322484,-0.3446481375,0.420974313,0.303730577,-1.153205025,1.649336143,1.466494852,1.289787543,-0.4403985823,0.02597885348,-0.2473788666,-0.01272550098,0,-0.1215600876,0.02926284984,0.2126548151,-0.1303076704,-0.08657796141,0.02136465942,0,-0.03825998259,-0.1178468064,0.1971456649,0.06887525899,-0.1415585795,0.008303045244,0.03826540527,0.008303045244,0,0.17,0.18,0,0
2.55,0.4381258568,-0.1457241058,-0.1992610089,-0.01098292861,-0.2425563248,0.970137325,0.004999979167,0.9999875,-0.5,0,1.184390838,1.649336143,-1.291113638,1.049615112,-0.3425215894,0.4196712363,0.3028647974,-1.152991378,1.649336143,1.466112252,1.288609075,-0.4384271257,0.02666760607,-0.2487944524,-0.01147402918,0,-0.1218730817,0.03166650078,0.2137485192,-0.1313189675,-0.0866912408,0.02032116653,0,-0.03865096606,-0.1161745517,0.1976220315,0.06857278886,-0.1414736129,0.008302794513,0.03826532701,0.008302794513,0,0.17,0.18,0,0
2.56,0.4361306633,-0.1458321866,-0.1997768911,-0.01063377252,-0.2474039593,0.9689124217,0.004999979167,0.9999875,0,0,1.184276098,1.649336143,-1.292332369,1.049931777,-0.3403841042,0.4183580466,0.301997885,-1.152788167,1.649336143,1.465725742,1.28744733,-0.4364509053,0.02735333396,-0.2502091885,-0.01024095207,0,-0.1221540432,0.03404764062,0.2148070777,-0.1323134056,-0.08679779753,0.01928737242,0,-0.03904070218,-0.1145156078,0.1980942243,0.06827514032,-0.1413903569,0.008302568453,0.03826525259,0.008302568453,0,0.17,0.18,0,0
2.57,0.4341303352,-0.1459367923,-0.2002878909,-0.01028792093,-0.2474039593,0.9689124217,0.004999979167,0.9999875,0,0,1.184173688,1.649336143,-1.29355391,1.050272254,-0.3382360334,0.4170349125,0.301129907,-1.152595293,1.649336143,1.465335335,1.286302173,-0.4344699631,0.02803608536,-0.2516230921,-0.009020834108,0,-0.1224439512,0.03640514301,0.2158592609,-0.1332988219,-0.0869236229,0.01826378495,0,-0.03942910159,-0.1128707799,0.1985620597,0.0679826078,-0.1413088074,0.008302366697,0.03826518197,0.008302366697,0,0.17,0.18,0,0
2.58,0.4321249224,-0.1460379565,-0.2007938022,-0.009945513289,-0.2474039593,0.9689124217,0.004999979167,0.9999875,-0.5,0,1.18408348,1.649336143,-1.294778349,1.050636305,-0.3360774408,0.4157019243,0.3002606708,-1.152412655,1.649336143,1.464941044,1.285173466,-0.4324843425,0.02871591144,-0.2530361801,-0.007818985394,0,-0.1227105101,0.03873787915,0.2168819388,-0.1342680838,-0.08704838904,0.0172509166,0,-0.03981607428,-0.1112408799,0.1990253536,0.06769548768,-0.1412289571,0.008302188986,0.03826511511,0.008302188986,0,0.17,0.18,0,0
2.59,0.4301144768,-0.1461357145,-0.2012944173,-0.009606690206,-0.2522454086,0.9676632957,0.004999979167,0.9999875,0,0,1.18400529,1.649336143,-1.296005454,1.051023684,-0.3339086214,0.4143592435,0.2993901869,-1.152240146,1.649336143,1.464542883,1.284061057,-0.430494089,0.02939286631,-0.2544484697,-0.0066354407,0,-0.1229573189,0.04104471832,0.2178773984,-0.1352214173,-0.08717443168,0.01625048443,0,-0.04021824115,-0.1096267262,0.1994991142,0.06740870806,-0.1411625567,0.008302034957,0.03826505197,0.008302034957,0,0.17,0.18,0,0
2.6,0.4280990524,-0.1462301027,-0.2017895266,-0.00927159351,-0.2522454086,0.9676632957,0.004999979167,0.9999875,0,0,1.183938936,1.649336143,-1.297235027,1.051434131,-0.3317298474,0.4130070293,0.2985184425,-1.152077641,1.649336143,1.464140701,1.28296479,-0.4284990978,0.0300669534,-0.2558600953,-0.005467485172,0,-0.123207176,0.04332452809,0.218861592,-0.1361628383,-0.08731624466,0.01525942544,0,-0.04058554397,-0.1080291441,0.1999377275,0.06713865462,-0.1410744259,0.008301904248,0.03826499251,0.008301904248,0,0.17,0.18,0,0
2.61,0.4260787053,-0.1463211592,-0.2022789188,-0.008940366227,-0.2522454086,0.9676632957,0.004999979167,0.9999875,-0.5,0,1.183884261,1.649336143,-1.298467099,1.051867376,-0.3295412315,0.4116454009,0.2976452801,-1.151925047,1.649336143,1.463734845,1.281884498,-0.4264997205,0.03073833994,-0.2572708395,-0.004319794226,0,-0.1234317699,0.04557617458,0.2198141711,-0.1370861351,-0.08745594864,0.01428183497,0,-0.0409676891,-0.1064489652,0.2003862906,0.06686956874,-0.1409995965,0.008301796549,0.03826493667,0.008301796549,0,0.17,0.18,0,0
2.62,0.4240534938,-0.1464089234,-0.2027623808,-0.008613152581,-0.2570805519,0.9663899781,0.004999979167,0.9999875,0,0,1.183841063,1.649336143,-1.299701417,1.052323138,-0.3273430898,0.4102745396,0.2967707206,-1.151782229,1.649336143,1.463325169,1.280820008,-0.4244958576,0.03140703563,-0.2586808355,-0.003191799917,0,-0.1236389731,0.04779852284,0.2207404806,-0.1379923625,-0.08759855282,0.01331705886,0,-0.04134804122,-0.1048870274,0.2008295755,0.06660709828,-0.1409264042,0.008301711459,0.03826488443,0.008301711459,0,0.17,0.18,0,0
2.63,0.4220234782,-0.1464934362,-0.2032396977,-0.008290097999,-0.2570805519,0.9663899781,0.004999979167,0.9999875,0,0,1.183809145,1.649336143,-1.300937807,1.052801123,-0.325135685,0.4088946159,0.2958947351,-1.151649058,1.649336143,1.462911688,1.279771138,-0.4224875619,0.03207310661,-0.2600900995,-0.002081650299,0,-0.1238458588,0.0499904371,0.2216524488,-0.1388843212,-0.08775490945,0.01236563225,0,-0.04172651047,-0.103344175,0.2012674011,0.06635154695,-0.1408548271,0.008301648589,0.03826483572,0.008301648589,0,0.17,0.18,0,0
2.64,0.4199887211,-0.1465747397,-0.2037106529,-0.007971349105,-0.2570805519,0.9663899781,0.004999979167,0.9999875,-0.5,0,1.183788329,1.649336143,-1.302176265,1.053301028,-0.3229191605,0.4075057727,0.295017186,-1.151525402,1.649336143,1.462494423,1.278737696,-0.4204748879,0.03273662208,-0.2614986478,-0.0009927988052,0,-0.1240323796,0.05215078098,0.22253558,-0.1397575128,-0.08791231343,0.01142809369,0,-0.04210299381,-0.1018212581,0.201699575,0.06610322382,-0.1407848306,0.008301607587,0.03826479049,0.008301607587,0,0.17,0.18,0,0
2.65,0.4179492871,-0.146652878,-0.204175028,-0.007657053725,-0.2619092681,0.9650925009,0.004999979167,0.9999875,0,0,1.183778401,1.649336143,-1.303416589,1.053822536,-0.3206938047,0.4061081976,0.2941380629,-1.151411121,1.649336143,1.462073393,1.277719484,-0.4184578921,0.03339765432,-0.2629064961,7.600615572e-05,0,-0.1242114576,0.05427841779,0.22339886,-0.1406139089,-0.08807896268,0.01050498738,0,-0.04247740646,-0.1003191331,0.2021259221,0.06586243332,-0.14071639,0.008301588032,0.0382647487,0.008301588032,0,0.17,0.18,0,0
2.66,0.4159052432,-0.1467278962,-0.2046326028,-0.007347360884,-0.2619092681,0.9650925009,0.004999979167,0.9999875,0,0,1.183779161,1.649336143,-1.304658703,1.05436532,-0.3184598161,0.4047020585,0.2932572732,-1.151306071,1.649336143,1.461648619,1.276716293,-0.4164366329,0.03405627865,-0.26431366,0.001120418652,0,-0.1243564296,0.05637221075,0.2242230378,-0.141447824,-0.08823788962,0.009596860878,0,-0.04284965062,-0.09883866216,0.2025462566,0.06562948506,-0.1406494676,0.008301589529,0.03826471029,0.008301589529,0,0.17,0.18,0,0
2.67,0.4138566584,-0.146799841,-0.2050831554,-0.007042420808,-0.2619092681,0.9650925009,0.004999979167,0.9999875,-0.5,0,1.183790365,1.649336143,-1.305902268,1.054929042,-0.3162175857,0.4032875803,0.2923748943,-1.151210102,1.649336143,1.461220123,1.275727906,-0.4144111703,0.0347125735,-0.2657201547,0.002145776469,0,-0.1245093226,0.05843102329,0.225037898,-0.1422667995,-0.0884157805,0.008704266157,0,-0.0432196311,-0.09738071309,0.2029603956,0.06540468879,-0.1405840244,0.008301611598,0.0382646752,0.008301611598,0,0.17,0.175,0,0
2.68,0.4118036042,-0.1468687609,-0.2055264619,-0.006742384921,-0.2667314367,0.9637708964,0.004999979167,0.9999875,0,0,1.183811823,1.649336143,-1.307147361,1.055513352,-0.3139672067,0.4018649123,0.2914907365,-1.15112306,1.649336143,1.460787926,1.274754099,-0.4123815664,0.03536662039,-0.2671259949,0.003144806723,0,-0.1246225117,0.06045371906,0.2258092054,-0.1430611761,-0.08858229205,0.007827759353,0,-0.04358725219,-0.09594615951,0.2033681567,0.06518835531,-0.1405200175,0.008301653863,0.03826464338,0.008301653863,0,0.17,0.18,0,0
2.69,0.4097461541,-0.1469347056,-0.2059622969,-0.00644740585,-0.2667314367,0.9637708964,0.004999979167,0.9999875,0,0,1.183843271,1.649336143,-1.308393586,1.056117889,-0.3117091147,0.4004343005,0.2906049136,-1.151044782,1.649336143,1.460352054,1.273794637,-0.4103478848,0.03601850394,-0.2685311951,0.004124828472,0,-0.1247525596,0.06243916245,0.2265771936,-0.1438411499,-0.08877337978,0.006967900715,0,-0.04395241769,-0.09453588054,0.2037693581,0.06498079639,-0.1404573999,0.008301715808,0.03826461477,0.008301715808,0,0.17,0.18,0,0
2.7,0.4076843839,-0.1469977264,-0.2063904332,-0.006157637421,-0.2667314367,0.9637708964,0.004999979167,0.9999875,-0.5,0,1.183884519,1.649336143,-1.309641112,1.056742281,-0.3094433428,0.398995889,0.2897171798,-1.150975103,1.649336143,1.45991253,1.272849278,-0.4083101912,0.03666831191,-0.2699357691,0.005077451171,0,-0.1248435215,0.06438621836,0.2273016412,-0.1445955797,-0.08895333942,0.006125254566,0,-0.04431503092,-0.09315076077,0.2041638187,0.06478232467,-0.1403961205,0.008301797057,0.0382645893,0.008301797057,0,0.17,0.175,0,0
2.71,0.4056183719,-0.1470578762,-0.2068106416,-0.005873234658,-0.271546937,0.9624251976,0.004999979167,0.9999875,0,0,1.183935293,1.649336143,-1.310889547,1.057386143,-0.3071703263,0.3975499332,0.2888276464,-1.15091385,1.649336143,1.459469379,1.271917771,-0.406268553,0.03731613515,-0.2713397303,0.006007774109,0,-0.1249363112,0.06629375278,0.2280116311,-0.14533162,-0.08914816433,0.005300389261,0,-0.04467499474,-0.09179169019,0.2045513577,0.06459325359,-0.1403361243,0.008301897073,0.03826456692,0.008301897073,0,0.17,0.18,0,0
2.72,0.4035481983,-0.1471152095,-0.2072226913,-0.005594353787,-0.271546937,0.9624251976,0.004999979167,0.9999875,0,0,1.183995371,1.649336143,-1.31213891,1.058049081,-0.30489021,0.396096617,0.2879361648,-1.150860847,1.649336143,1.459022629,1.270999854,-0.4042230395,0.03796206769,-0.2727430916,0.006910736756,0,-0.1249985764,0.0681606326,0.2286837853,-0.146042683,-0.08933711667,0.00449387715,0,-0.04503221157,-0.09045956403,0.2049317954,0.06441389733,-0.1402773522,0.008302015418,0.03826454755,0.008302015418,0,0.17,0.18,0,0
2.73,0.401473946,-0.1471697822,-0.2076263498,-0.005321152234,-0.271546937,0.9624251976,0.004999979167,0.9999875,-0.5,0,1.184064479,1.649336143,-1.313388896,1.058730687,-0.3026033722,0.3946361902,0.2870427936,-1.150815908,1.649336143,1.458572307,1.270095258,-0.4021737215,0.03860620666,-0.2741458651,0.007790898915,0,-0.1250677562,0.06998572599,0.2293447621,-0.1467351468,-0.08954400022,0.003706294541,0,-0.04538658338,-0.08915528274,0.2053049525,0.06424457069,-0.1402197409,0.008302151553,0.03826453112,0.008302151553,0,0.17,0.175,0,0
2.74,0.3993957001,-0.147221652,-0.2080213827,-0.005053788626,-0.2763556486,0.9610554383,0.004999979167,0.9999875,0,0,1.184142388,1.649336143,-1.314639573,1.059430544,-0.3003099246,0.3931688387,0.2861473536,-1.150778845,1.649336143,1.458118441,1.269203705,-0.400120672,0.03924865237,-0.2755480625,0.008641890371,0,-0.1251016895,0.07176790231,0.2299641162,-0.1474006953,-0.0897417508,0.002938221664,0,-0.04573801175,-0.0878797519,0.2056706507,0.06408558906,-0.1401632227,0.008302305033,0.03826451758,0.008302305033,0,0.17,0.18,0,0
2.75,0.3973135479,-0.147270878,-0.2084075538,-0.004792422786,-0.2763556486,0.9610554383,0.004999979167,0.9999875,0,0,1.184228806,1.649336143,-1.31589059,1.060148223,-0.2980102834,0.3916948318,0.2852499361,-1.150749463,1.649336143,1.457661061,1.268324908,-0.3980639655,0.03988950826,-0.2769496947,0.009466472899,0,-0.1251247714,0.07350603239,0.2305591611,-0.1480432844,-0.08994581925,0.002190242637,0,-0.04608639783,-0.08663388213,0.2060287128,0.06393726833,-0.1401077258,0.008302475283,0.03826450684,0.008302475283,0,0.175,0.18,0,0
2.76,0.3952275793,-0.147317521,-0.2087846252,-0.004537215743,-0.2763556486,0.9610554383,0.004999979167,0.9999875,-0.5,0,1.184323471,1.649336143,-1.317141838,1.060883284,-0.2957046918,0.3902143989,0.2843504779,-1.15072756,1.649336143,1.457200197,1.267458569,-0.3960036784,0.04052888094,-0.278350772,0.01026351732,0,-0.1251330538,0.0751989885,0.2311268786,-0.1486616403,-0.09015353535,0.001462945439,0,-0.04643164242,-0.08541858905,0.206378962,0.06379992482,-0.1400531742,0.008302661786,0.03826449884,0.008302661786,0,0.175,0.175,0,0
2.77,0.3931378865,-0.1473616434,-0.2091523572,-0.00428832972,-0.2811574513,0.9596616527,0.004999979167,0.9999875,0,0,1.184426106,1.649336143,-1.318393169,1.061635274,-0.293393423,0.3887277825,0.2834489426,-1.150712931,1.649336143,1.456735881,1.266604383,-0.3939398887,0.04116688019,-0.2797513037,0.01103574413,0,-0.1251511577,0.07684564446,0.2316848229,-0.1492596003,-0.09038054125,0.0007581787152,0,-0.04679022029,-0.08423479322,0.2067362009,0.06366905905,-0.1400111522,0.008302864001,0.03826449349,0.008302864001,0,0.175,0.18,0,0
2.78,0.3910445641,-0.1474033092,-0.2095105084,-0.004045928145,-0.2811574513,0.9596616527,0.004999979167,0.9999875,0,0,1.184536464,1.649336143,-1.31964468,1.06240373,-0.2910765748,0.3872351865,0.2825451371,-1.150705349,1.649336143,1.456267979,1.265762035,-0.3918725267,0.04180357078,-0.2811514152,0.0117734801,0,-0.1251115893,0.07844487558,0.2321842113,-0.1498245644,-0.09058336549,7.278138672e-05,0,-0.04711243557,-0.08308342,0.2070554312,0.06355942774,-0.1399466713,0.008303081441,0.03826449072,0.008303081441,0,0.175,0.175,0,0
2.79,0.3889477091,-0.1474425841,-0.2098588355,-0.003810175643,-0.2811574513,0.9596616527,0.004999979167,0.9999875,-0.5,0,1.184654199,1.649336143,-1.320895796,1.063188179,-0.2887547327,0.3857369409,0.2816393035,-1.150704621,1.649336143,1.455796854,1.264931201,-0.3898019724,0.04243916506,-0.282550882,0.0124865817,0,-0.1250920088,0.07999555892,0.2326808025,-0.1503698345,-0.0908116573,-0.000588904259,0,-0.04744765579,-0.08196539971,0.2073811927,0.06345691793,-0.1398944548,0.008303313429,0.03826449046,0.008303313429,0,0.175,0.175,0,0
2.8,0.386847421,-0.1474795354,-0.2101970935,-0.00358123804,-0.2859522251,0.9582438755,0.004999979167,0.9999875,0,0,1.184779064,1.649336143,-1.322146716,1.063988134,-0.2864279246,0.3842332425,0.2807311869,-1.15071051,1.649336143,1.455322378,1.264111547,-0.3877281605,0.04307373424,-0.2839498265,0.0131696963,0,-0.1250522717,0.08149794533,0.2331462396,-0.1508885886,-0.09103936474,-0.001228098763,0,-0.04777955337,-0.08088100056,0.2076991753,0.06336651672,-0.1398432251,0.008303559482,0.03826449261,0.008303559482,0,0.175,0.18,0,0
2.81,0.3847437937,-0.1475142305,-0.2105315466,-0.003357969044,-0.2859522251,0.9582438755,0.004999979167,0.9999875,0,0,1.184910761,1.649336143,-1.323397239,1.064803114,-0.2840964622,0.3827243566,0.2798207933,-1.150722791,1.649336143,1.454844582,1.263302737,-0.3856511687,0.04370739941,-0.2853482588,0.01385458503,0,-0.1250071709,0.08301619745,0.2336254664,-0.1514252675,-0.09127106209,-0.001871852902,0,-0.04811831198,-0.07979935277,0.2080436787,0.06328206701,-0.1398112642,0.008303819011,0.0382644971,0.008303819011,0,0.175,0.175,0,0
2.82,0.3826365453,-0.147546662,-0.2109322417,-0.003126283943,-0.2859522251,0.9582438755,0.004999979167,0.9999875,-0.5,0,1.185049307,1.649336143,-1.324647311,1.065633276,-0.2817602076,0.381210104,0.2789080826,-1.15074151,1.649336143,1.454363399,1.262504744,-0.3835707319,0.04434022008,-0.2867463714,0.01459228063,0,-0.1250251883,0.08464071555,0.234215643,-0.1520503478,-0.09154473026,-0.002558444255,0,-0.04847834115,-0.07867637388,0.2084625045,0.06319479679,-0.1398240654,0.008304092054,0.03826450394,0.008304092054,0.005,0.175,0.175,0,0
2.83,0.3805248698,-0.1475767161,-0.211416652,-0.002882555935,-0.2907398501,0.9568021423,0.004999979167,0.9999875,0,0,1.18519523,1.649336143,-1.325897562,1.066479683,-0.2794180511,0.3796896005,0.2779926353,-1.150767094,1.649336143,1.453878616,1.26171798,-0.3814861069,0.04497216805,-0.2881446121,0.01538193925,0,-0.1250870024,0.08637549549,0.2349045931,-0.1527626693,-0.09184870443,-0.003289646464,0,-0.04886046968,-0.07750971762,0.2089574934,0.06310450165,-0.139882622,0.008304379654,0.03826451328,0.008304379654,0,0.175,0.18,0,0
2.84,0.37840794,-0.1476042739,-0.2119827499,-0.002627076725,-0.2907398501,0.9568021423,0.004999979167,0.9999875,0,0,1.185349049,1.649336143,-1.327148432,1.067343438,-0.2770690052,0.3781619738,0.2770741483,-1.150799991,1.649336143,1.453390011,1.260942883,-0.379396532,0.04560321306,-0.2895434383,0.01622297426,0,-0.1252000179,0.08821746824,0.2356957162,-0.1535611191,-0.09218904639,-0.004064248547,0,-0.04926441283,-0.07630046466,0.2095267454,0.06301167124,-0.1399859376,0.008304682839,0.03826452531,0.008304682839,0,0.175,0.175,0,0
2.85,0.3762849492,-0.1476292194,-0.2126285221,-0.002360135911,-0.2907398501,0.9568021423,0.004999979167,0.9999875,-0.5,0,1.185511279,1.649336143,-1.328400433,1.068225613,-0.2747120481,0.3766263626,0.2761522578,-1.150840633,1.649336143,1.452897367,1.260179878,-0.3773012645,0.04623332977,-0.2909432976,0.01711072963,0,-0.1253404436,0.09016357561,0.2365698485,-0.1544392972,-0.09255164973,-0.004881047992,0,-0.04968988224,-0.07504969292,0.2101683697,0.06291678873,-0.1401330255,0.008305002624,0.03826454016,0.008305002624,0.005,0.175,0.175,0,0
2.86,0.3741551106,-0.1476514394,-0.2133519702,-0.002082020982,-0.2955202067,0.9553364891,0.004999979167,0.9999875,0,0,1.185682386,1.649336143,-1.329653837,1.069127248,-0.2723463496,0.3750819696,0.2752267413,-1.150889444,1.649336143,1.452400468,1.259429381,-0.3751995808,0.04686249766,-0.2923446279,0.01804617433,0,-0.1255273838,0.09221077024,0.2375389005,-0.1553981098,-0.09295007937,-0.005738850636,0,-0.05013658622,-0.07375847769,0.2108804848,0.06282033121,-0.1403229088,0.008305339934,0.038264558,0.008305339934,0,0.175,0.175,0,0
2.87,0.3720176575,-0.1476708235,-0.2141511104,-0.001793017322,-0.2955202067,0.9553364891,0.004999979167,0.9999875,-0.5,0,1.185862848,1.649336143,-1.330909111,1.070049356,-0.2699709606,0.3735279885,0.2742972405,-1.150946832,1.649336143,1.451899102,1.258691796,-0.373090776,0.04749070097,-0.293747857,0.01902895628,0,-0.1257700484,0.0943560155,0.238607679,-0.1564367064,-0.09339153343,-0.00663647055,0,-0.05060422991,-0.07242789176,0.2116612181,0.06272277009,-0.1405546202,0.008305695713,0.03826457897,0.008305695713,0,0.175,0.175,0,0
2.88,0.3698718427,-0.1476872644,-0.2150239736,-0.001493408208,-0.3002931752,0.9538469526,0.004999979167,0.9999875,0,0,1.186053138,1.649336143,-1.332166811,1.070992916,-0.2675848838,0.3719636215,0.2733633252,-1.151013197,1.649336143,1.45139306,1.257967517,-0.3709741638,0.04811792867,-0.2951534032,0.02005452997,0,-0.1260451341,0.09659628548,0.2397574228,-0.1575488394,-0.09386213627,-0.007572729938,0,-0.05109251552,-0.07105900547,0.2125087065,0.06262457141,-0.1408272024,0.0083060709,0.03826460323,0.0083060709,0,0.175,0.18,0,0
2.89,0.3677169388,-0.1477006573,-0.2159686051,-0.001183474809,-0.3002931752,0.9538469526,0.004999979167,0.9999875,0,0,1.186253683,1.649336143,-1.333427263,1.071958879,-0.2651873095,0.3703881331,0.2724247038,-1.151088924,1.649336143,1.450882135,1.257256927,-0.3688490767,0.04874417439,-0.2965616752,0.02112089529,0,-0.1263487057,0.09892856524,0.2409834122,-0.1587315674,-0.09436049425,-0.008546459048,0,-0.05160114247,-0.06965288681,0.2134210962,0.0625261962,-0.1411397078,0.008306466343,0.03826463091,0.008306466343,0,0.175,0.175,0,0
2.9,0.3655522378,-0.1477109004,-0.2169830651,-0.0008634961876,-0.3002931752,0.9538469526,0.004999979167,0.9999875,-0.5,0,1.186464892,1.649336143,-1.33469075,1.072948165,-0.2627774754,0.3688008174,0.2714810989,-1.151174389,1.649336143,1.450366123,1.256560398,-0.3667148658,0.04936943635,-0.2979730723,0.02222461781,0,-0.1266654319,0.1013498509,0.2422726498,-0.1599801344,-0.09487777611,-0.009556496102,0,-0.05212980761,-0.06821060136,0.2143965423,0.06242810071,-0.141491199,0.008306882853,0.03826466215,0.008306882853,0,0.175,0.175,0,0
2.91,0.3633770511,-0.1477178946,-0.2180654284,-0.0005337492998,-0.3050586364,0.9523335699,0.004999979167,0.9999875,0,0,1.186687138,1.649336143,-1.335957404,1.073961663,-0.2603547489,0.3672010161,0.2705323211,-1.151269954,1.649336143,1.449844825,1.255878292,-0.3645709003,0.04999371736,-0.2993879843,0.02337088805,0,-0.1270476346,0.1038571501,0.2436613831,-0.1613007328,-0.09544910466,-0.01060168723,0,-0.05267820533,-0.06673321239,0.2154332096,0.06233073667,-0.1418807482,0.008307321171,0.03826469709,0.008307321171,0,0.175,0.175,0,0
2.92,0.3611907093,-0.1477215437,-0.2192137844,-0.0001945089941,-0.3050586364,0.9523335699,0.004999979167,0.9999875,0,0,1.186920847,1.649336143,-1.33722788,1.075000235,-0.2579181351,0.3655880087,0.2695778301,-1.15137597,1.649336143,1.449318043,1.25521096,-0.3624165682,0.05061702472,-0.3008067918,0.02455292176,0,-0.1274538535,0.1064474819,0.245117691,-0.1626843025,-0.09604867912,-0.01168088641,0,-0.05324602769,-0.06522178076,0.2165292719,0.06223455148,-0.1423074376,0.008307782145,0.03826473585,0.008307782145,0,0.175,0.175,0,0
2.93,0.3589925618,-0.1477217541,-0.2204262372,0.0001539519874,-0.3050586364,0.9523335699,0.004999979167,0.9999875,-0.5,0,1.187166376,1.649336143,-1.338502419,1.076064709,-0.2554669582,0.3639611657,0.2686173433,-1.151492779,1.649336143,1.448785583,1.254558742,-0.3602512755,0.05123937024,-0.3022298661,0.02576588054,0,-0.1278571696,0.1091178779,0.2466201647,-0.1641243497,-0.09666001764,-0.01279295544,0,-0.05383296458,-0.06367736492,0.2176829124,0.0621399884,-0.1427703591,0.008308266486,0.03826477856,0.008308266486,0,0.175,0.175,0,0
2.94,0.3567819772,-0.1477184349,-0.2217009054,0.0005113630101,-0.3098164712,0.9507963789,0.004999979167,0.9999875,0,0,1.187424035,1.649336143,-1.339780991,1.077155888,-0.2530007565,0.3623199222,0.2676507431,-1.151620709,1.649336143,1.448247253,1.253921969,-0.3580744464,0.05186077012,-0.3036575697,0.02701686452,0,-0.1283254111,0.111865382,0.2482164991,-0.1656293758,-0.09732838999,-0.01393676391,0,-0.05443870382,-0.06210102085,0.2188923238,0.06204748671,-0.1432686142,0.008308774814,0.03826482535,0.008308774814,0,0.175,0.175,0,0
2.95,0.3545583425,-0.1477114979,-0.2230359224,0.0008774555458,-0.3098164712,0.9507963789,0.004999979167,0.9999875,-0.5,0,1.187694204,1.649336143,-1.341064245,1.078274542,-0.2505185915,0.3606636285,0.2666774592,-1.151760077,1.649336143,1.447702866,1.253300959,-0.3558855232,0.05248124499,-0.3050902559,0.02829620711,0,-0.1287932912,0.1146870513,0.2498573733,-0.1671867984,-0.09801228234,-0.01511118919,0,-0.05506293122,-0.06049380192,0.220155708,0.06195748178,-0.1438013142,0.008309307885,0.03826487632,0.008309307885,0,0.175,0.175,0,0
2.96,0.3523210637,-0.1477008577,-0.2244294362,0.001251963174,-0.3145665606,0.9492354181,0.004999979167,0.9999875,0,0,1.187977166,1.649336143,-1.342352178,1.079421413,-0.2480200178,0.3589917605,0.2656973364,-1.151911188,1.649336143,1.447152237,1.252696021,-0.3536839661,0.05310081981,-0.306528269,0.02960617348,0,-0.1292902033,0.1175799566,0.2515625197,-0.1687990235,-0.09873188735,-0.01631511609,0,-0.05570533428,-0.05885675884,0.2214712796,0.06187040429,-0.1443675821,0.00830986627,0.0382649316,0.00830986627,0,0.175,0.18,0,0
2.97,0.3500695649,-0.1476864315,-0.2258796095,0.001634621579,-0.3145665606,0.9492354181,0.004999979167,0.9999875,0,0,1.188273228,1.649336143,-1.34364508,1.080597212,-0.2455043926,0.3573037702,0.2647100175,-1.15207434,1.649336143,1.446595183,1.252107453,-0.3514692533,0.05371952385,-0.3079719448,0.03094258139,0,-0.1297939421,0.1205411831,0.2533140305,-0.1704604038,-0.09947368004,-0.01754743835,0,-0.05636558453,-0.05719093954,0.22283725,0.06178668483,-0.1449665404,0.008310450583,0.0382649913,0.008310450583,0,0.175,0.175,0,0
2.98,0.3478032887,-0.147668139,-0.2273846194,0.002025168556,-0.3145665606,0.9492354181,0.004999979167,0.9999875,0,0,1.188582653,1.649336143,-1.344943019,1.081802624,-0.2429712523,0.3555991662,0.2637152807,-1.152249814,1.649336143,1.446031528,1.251535544,-0.3492408808,0.0543373907,-0.3094216102,0.03230777864,0,-0.1303348426,0.1235678308,0.2551324306,-0.1721733761,-0.1002585072,-0.01880705581,0,-0.05704337285,-0.05549738897,0.2242518591,0.06170674482,-0.1455973354,0.008311061355,0.03826505551,0.008311061355,0,0.175,0.175,0,0
2.99,0.3455216958,-0.1476459027,-0.2289426581,0.002423344003,-0.3145665606,0.9492354181,0.004999979167,0.9999875,0,0,1.188905731,1.649336143,-1.346246368,1.083038302,-0.240419928,0.3538774324,0.2627126957,-1.152437885,1.649336143,1.445461094,1.25098057,-0.3469983622,0.05495445815,-0.3108775836,0.03369785229,0,-0.1308927264,0.1266570155,0.2570013433,-0.173932619,-0.1010741339,-0.02009287718,0,-0.05773837443,-0.05377714899,0.2257133438,0.06163100562,-0.1462591125,0.008311699167,0.03826512435,0.008311699167,0,0.175,0.175,0,0
3,0.3432242648,-0.1476196475,-0.230551932,0.002828889928,-0.3145665606,0.9492354181,0.004999979167,0.9999875,0,0,1.18924271,1.649336143,-1.347555295,1.084304872,-0.2378499146,0.3521381062,0.2617019543,-1.152638813,1.649336143,1.44488371,1.250442798,-0.3447412288,0.0555707682,-0.3123401747,0.03510943481,0,-0.1314513767,0.1298058697,0.2589072643,-0.1757335405,-0.10191083,-0.02140381879,0,-0.05845026628,-0.0520312582,0.2272199538,0.06155988397,-0.1469510284,0.008312364521,0.0382651979,0.008312364521,0,0.175,0.175,0,0
3.01,0.3409104923,-0.1475893011,-0.2322106624,0.003241550443,-0.3145665606,0.9492354181,0.004999979167,0.9999875,0,0,1.189593804,1.649336143,-1.348869809,1.085602931,-0.2352608419,0.3503807708,0.260682846,-1.152852852,1.649336143,1.444299207,1.249922486,-0.3424690292,0.05618636704,-0.313809685,0.03654275867,0,-0.1320238055,0.1330115427,0.2608581225,-0.177575956,-0.1027780338,-0.02273880479,0,-0.05917872381,-0.05026075171,0.2287699485,0.06149379285,-0.1476722482,0.008313057854,0.03826527628,0.008313057854,0,0.175,0.175,0,0
3.02,0.3385798926,-0.1475547936,-0.2339170851,0.00366107177,-0.3145665606,0.9492354181,0.004999979167,0.9999875,0,0,1.189959232,1.649336143,-1.350190047,1.086933047,-0.2326522607,0.3486050113,0.2596550657,-1.15308024,1.649336143,1.44370742,1.249419878,-0.3401813297,0.05680130497,-0.3152864075,0.03799573074,0,-0.1326040006,0.1362712022,0.2628479364,-0.1794568307,-0.1036726699,-0.02409676728,0,-0.05992342086,-0.04846666099,0.230361597,0.06143314146,-0.1484219454,0.00831377961,0.03826535956,0.00831377961,0,0.175,0.175,0,0
3.03,0.3362319975,-0.1475160577,-0.2356694507,0.004087202236,-0.3145665606,0.9492354181,0.004999979167,0.9999875,0.5,0,1.190339189,1.649336143,-1.351516087,1.088295759,-0.2300237813,0.346810443,0.258618339,-1.153321207,1.649336143,1.443108186,1.248935212,-0.3378777138,0.05741563639,-0.3167706269,0.03946770767,0,-0.1331977919,0.1395820348,0.2648794412,-0.181374882,-0.1045994411,-0.02547664634,0,-0.06068402969,-0.0466500136,0.2319931784,0.06137833505,-0.1491993013,0.008314530191,0.03826544783,0.008314530191,0,0.175,0.175,0,0
3.04,0.3338663562,-0.1474730284,-0.2374660243,0.004519692275,-0.3098164712,0.9507963789,0.004999979167,0.9999875,0,0,1.190733866,1.649336143,-1.352848065,1.089691579,-0.2273749869,0.3449966941,0.2575723446,-1.153575974,1.649336143,1.442501346,1.248468711,-0.335557782,0.05802941974,-0.31826262,0.0409599692,0,-0.1338271266,0.1429412468,0.2669672776,-0.183331087,-0.1055737218,-0.0268773901,0,-0.06146022105,-0.04481183301,0.2336629817,0.06132977492,-0.1500035052,0.008315309986,0.03826554119,0.008315309986,0,0.175,0.17,0,0
3.05,0.3314825353,-0.1474256435,-0.2393050858,0.004958294429,-0.3098164712,0.9507963789,0.004999979167,0.9999875,0,0,1.191143466,1.649336143,-1.354186336,1.091120991,-0.2247053142,0.3431633833,0.2565166074,-1.153844748,1.649336143,1.441886744,1.248020593,-0.3332211522,0.05864271749,-0.319762655,0.0424616869,0,-0.1344127825,0.146346065,0.2690516701,-0.1853120077,-0.1065439337,-0.02829795481,0,-0.06225166416,-0.0429531383,0.2353693058,0.0612878582,-0.1508337539,0.008316119413,0.0382656397,0.008316119413,0,0.175,0.17,0,0
3.06,0.3290801185,-0.147373843,-0.2411849295,0.005402763346,-0.3098164712,0.9507963789,0.004999979167,0.9999875,0,0,1.191568083,1.649336143,-1.355530464,1.092584452,-0.2220147975,0.3413102632,0.255451168,-1.154127727,1.649336143,1.441264227,1.247591062,-0.3308674591,0.05925559607,-0.3212709925,0.04398099586,0,-0.1350334673,0.1497937383,0.2711890406,-0.1873268228,-0.1075628996,-0.02973589645,0,-0.06307466894,-0.041074944,0.2371253377,0.06124896339,-0.1517010503,0.008316958673,0.03826574345,0.008316958673,0,0.175,0.17,0,0
3.07,0.3266587065,-0.1473175694,-0.2431038647,0.005852855781,-0.3098164712,0.9507963789,0.004999979167,0.9999875,0,0,1.192007893,1.649336143,-1.356880798,1.094082389,-0.219302907,0.339436995,0.254375539,-1.154425086,1.649336143,1.44063348,1.247180312,-0.3284962057,0.0598680857,-0.3227880031,0.04551329341,0,-0.1356617588,0.1532815376,0.2733577858,-0.1893694941,-0.1086132687,-0.03119440211,0,-0.06387902961,-0.03917825969,0.2388848062,0.06122553851,-0.1525692535,0.008317828133,0.03826585251,0.008317828133,0,0.175,0.175,0,0
3.08,0.3242179165,-0.1472567679,-0.2450602151,0.006308330597,-0.3098164712,0.9507963789,0.004999979167,0.9999875,0,0,1.192463025,1.649336143,-1.358237416,1.095615205,-0.2165693292,0.3375433,0.2532894063,-1.15473703,1.649336143,1.43999469,1.24678853,-0.3261073577,0.06048034109,-0.3243136956,0.04705489481,0,-0.1362773075,0.1568067574,0.2755414672,-0.1914351593,-0.1096822404,-0.0326682497,0,-0.06471422492,-0.03726408992,0.2406905858,0.06120589245,-0.1534728865,0.008318728066,0.03826596695,0.008318728066,0,0.175,0.175,0,0
3.09,0.321757383,-0.1471913857,-0.247052319,0.006768948762,-0.3098164712,0.9507963789,0.004999979167,0.9999875,0.5,0,1.192933574,1.649336143,-1.359600189,1.097183272,-0.2138139145,0.3356289484,0.2521925839,-1.155063713,1.649336143,1.439347548,1.246415889,-0.3237004518,0.06109240001,-0.3258484245,0.04860616664,0,-0.1368938176,0.1603667168,0.2777487772,-0.1935237155,-0.1107795899,-0.03415782616,0,-0.06556333355,-0.03533343376,0.2425261844,0.06119443398,-0.1543994213,0.008319658676,0.03826608684,0.008319658676,0,0.175,0.175,0,0
3.1,0.3192767565,-0.1471213726,-0.2490785295,0.007234473353,-0.3050586364,0.9523335699,0.004999979167,0.9999875,0,0,1.193419636,1.649336143,-1.360969127,1.09878694,-0.2110364267,0.3336937113,0.251084788,-1.155405291,1.649336143,1.438691914,1.246062554,-0.32127519,0.06170434435,-0.3273924187,0.05016630574,0,-0.1375151668,0.1639587598,0.2799812121,-0.1956336554,-0.1119085768,-0.03566212942,0,-0.06642602029,-0.0333872846,0.2443899554,0.06119153636,-0.1553480904,0.008320620172,0.03826621223,0.008320620172,0.005,0.175,0.17,0,0
3.11,0.3167757041,-0.1470466807,-0.2511372143,0.007704669552,-0.3050586364,0.9523335699,0.004999979167,0.9999875,0,0,1.193921299,1.649336143,-1.362344279,1.100426527,-0.2082366146,0.3317373747,0.2499657023,-1.155761912,1.649336143,1.438027654,1.245728682,-0.3188312904,0.06231625972,-0.3289458996,0.05173257193,0,-0.1381284974,0.1675802569,0.2822279188,-0.197761245,-0.1130612625,-0.0371801672,0,-0.06730193562,-0.03142662985,0.2462802515,0.06119757062,-0.1563181232,0.00832161275,0.0382663432,0.00832161275,0,0.175,0.17,0,0
3.12,0.3142539093,-0.1469672644,-0.2532267558,0.00817930465,-0.3050586364,0.9523335699,0.004999979167,0.9999875,0,0,1.194438625,1.649336143,-1.363725564,1.10210233,-0.2054143354,0.3297597623,0.2488350896,-1.156133714,1.649336143,1.437354635,1.245414415,-0.3163684879,0.06292823542,-0.3305090808,0.05330374361,0,-0.1387336974,0.1712286059,0.2844874762,-0.1999045226,-0.1142381523,-0.0387109544,0,-0.06819074748,-0.02945245063,0.2481954533,0.0612128978,-0.1573087683,0.008322636552,0.03826647979,0.008322636552,0,0.175,0.17,0,0
3.13,0.3117110715,-0.1468830805,-0.2553455508,0.008658148042,-0.3050586364,0.9523335699,0.004999979167,0.9999875,0,0,1.194971662,1.649336143,-1.365112901,1.103814616,-0.2025694607,0.3277607171,0.2476927081,-1.156520823,1.649336143,1.436672727,1.245119891,-0.3138865334,0.0635403644,-0.3320821685,0.0548823838,0,-0.1393635186,0.1749012324,0.2867828676,-0.2020657703,-0.1154617828,-0.04025351595,0,-0.0690921096,-0.02746572147,0.2501339409,0.06123787622,-0.1583192704,0.008323691696,0.03826662206,0.008323691696,0,0.175,0.17,0,0
3.14,0.3091469061,-0.1467940882,-0.2574920111,0.009140971234,-0.3050586364,0.9523335699,0.004999979167,0.9999875,0,0,1.195520486,1.649336143,-1.366506536,1.105563628,-0.199701632,0.3257400594,0.2465380903,-1.156923359,1.649336143,1.435981806,1.244845234,-0.311385194,0.06415274316,-0.3336653612,0.05645840153,0,-0.1399405605,0.1785955911,0.289055437,-0.2042330195,-0.1166807879,-0.04180688559,0,-0.07000567721,-0.02546741004,0.2520941081,0.06127285746,-0.1593488816,0.008324778352,0.03826677006,0.008324778352,0,0.175,0.17,0,0
3.15,0.3065611443,-0.1467002486,-0.2596645629,0.009627547836,-0.3050586364,0.9523335699,0.004999979167,0.9999875,0,0,1.19608507,1.649336143,-1.367905942,1.107349584,-0.1968110776,0.3236977292,0.2453712824,-1.157341427,1.649336143,1.435281749,1.244590559,-0.3088642529,0.06476547174,-0.33525885,0.05804001812,0,-0.1405465664,0.1823091668,0.2913645548,-0.2064149083,-0.1179505172,-0.04337010626,0,-0.07093110392,-0.02345847678,0.25407436,0.06131818683,-0.1603968585,0.008325896492,0.03826692384,0.008325896492,0,0.175,0.17,0,0
3.16,0.3039535331,-0.1466015254,-0.2618616471,0.01011765356,-0.3050586364,0.9523335699,0.004999979167,0.9999875,0.5,0,1.19666547,1.649336143,-1.369311407,1.109172676,-0.1938974321,0.3216335801,0.2441917772,-1.157775128,1.649336143,1.434572438,1.244355975,-0.3063235093,0.0653786536,-0.3368628186,0.05961944053,0,-0.1411235136,0.1860394749,0.2936659422,-0.2086021175,-0.1192324629,-0.0449422302,0,-0.07186804169,-0.02143987464,0.2560731132,0.06137420309,-0.1614624623,0.008327046248,0.03826708343,0.008327046248,0,0.175,0.17,0,0
3.17,0.3013238348,-0.1464978845,-0.2640817193,0.01061106625,-0.3002931752,0.9538469526,0.004999979167,0.9999875,0,0,1.197261665,1.649336143,-1.370722642,1.11103307,-0.1909607727,0.3195475589,0.2429994526,-1.158224551,1.649336143,1.433853758,1.244141576,-0.3037627781,0.06599239564,-0.3384774432,0.06119929963,0,-0.1417044621,0.1897840627,0.2959829602,-0.2107969467,-0.1205493138,-0.04652231915,0,-0.07281614076,-0.01941254875,0.2580887953,0.06144123818,-0.1625449582,0.008328227602,0.03826724889,0.008328227602,0,0.175,0.17,0,0
3.18,0.2986718272,-0.1463892938,-0.2663232497,0.01110756581,-0.3002931752,0.9538469526,0.004999979167,0.9999875,0,0,1.197873658,1.649336143,-1.372139687,1.112930911,-0.1880009431,0.3174395894,0.2417939595,-1.158689774,1.649336143,1.433125597,1.24394745,-0.3011818902,0.06660680802,-0.3401028928,0.0627775639,0,-0.1422814993,0.1935405097,0.2983085811,-0.2129965004,-0.1218961815,-0.04810944444,0,-0.07377504967,-0.01737743612,0.260119846,0.06151961686,-0.1636436154,0.008329440586,0.03826742024,0.008329440586,0,0.175,0.17,0,0
3.19,0.2959973033,-0.1462757236,-0.2685847232,0.01160693429,-0.3002931752,0.9538469526,0.004999979167,0.9999875,0,0,1.198501433,1.649336143,-1.373562502,1.114866316,-0.1850178572,0.3153096244,0.2405749977,-1.159170868,1.649336143,1.432387846,1.243773676,-0.2985806917,0.06722200419,-0.3417393289,0.06434904316,0,-0.1428179871,0.197306429,0.3006143502,-0.2151945508,-0.1232486076,-0.04970268718,0,-0.07474441523,-0.01533546531,0.2621647164,0.06160965648,-0.1647577065,0.008330685195,0.03826759752,0.008330685195,0,0.175,0.17,0,0
3.2,0.2933000712,-0.1461571463,-0.2708646392,0.01210895585,-0.3002931752,0.9538469526,0.004999979167,0.9999875,0,0,1.199144924,1.649336143,-1.374990682,1.11683938,-0.1820117137,0.3131576789,0.2393425116,-1.159667895,1.649336143,1.431640402,1.243620321,-0.2959590446,0.06783810075,-0.343386906,0.06591651698,0,-0.1433481452,0.2010794676,0.3029246173,-0.2173934984,-0.1246300409,-0.05130113835,0,-0.07572388247,-0.01328755613,0.2642218697,0.06171166658,-0.1658865076,0.008331961318,0.03826778077,0.008331961318,0,0.175,0.17,0,0
3.21,0.290579954,-0.1460335364,-0.273161512,0.01261341672,-0.3002931752,0.9538469526,0.004999979167,0.9999875,0,0,1.199804089,1.649336143,-1.376424163,1.118850175,-0.1789824676,0.3109837439,0.2380962112,-1.160180907,1.649336143,1.430883163,1.243487446,-0.2933168259,0.06845521742,-0.3450457711,0.06748025403,0,-0.1438841326,0.2048573078,0.3052473951,-0.2195929253,-0.1260490914,-0.05290389898,0,-0.07671309463,-0.01123461931,0.266289781,0.06182594864,-0.1670292978,0.008333268904,0.03826797001,0.008333268904,0,0.175,0.17,0,0
3.22,0.2878367894,-0.1459048705,-0.2754738703,0.01312010527,-0.3002931752,0.9538469526,0.004999979167,0.9999875,0.5,0,1.200478891,1.649336143,-1.377863005,1.120898748,-0.1759299936,0.3087878147,0.2368357203,-1.160709946,1.649336143,1.430116032,1.2433751,-0.2906539281,0.0690734769,-0.3467160641,0.06903628138,0,-0.1443995609,0.208637667,0.3075619312,-0.2217879453,-0.1274881102,-0.0545100803,0,-0.07771169313,-0.009177556244,0.268366938,0.06195279569,-0.1681853588,0.008334607904,0.03826816526,0.008334607904,0,0.175,0.17,0,0
3.23,0.2850704298,-0.1457711275,-0.2778002576,0.01362881197,-0.2955202067,0.9553364891,0.004999979167,0.9999875,0,0,1.201169254,1.649336143,-1.379307,1.122985125,-0.1728543743,0.3065699352,0.2355608392,-1.161255046,1.649336143,1.429338915,1.243283324,-0.2879702587,0.06969300486,-0.3483979177,0.07058205996,0,-0.1448803246,0.2124182994,0.3098566016,-0.2239752956,-0.12893764,-0.05611880389,0,-0.07871931755,-0.007117258621,0.2704518405,0.06209249201,-0.1693539752,0.008335978192,0.03826836655,0.008335978192,0,0.175,0.165,0,0
3.24,0.2822807423,-0.1456322883,-0.2801392319,0.01413932938,-0.2955202067,0.9553364891,0.004999979167,0.9999875,0,0,1.201875075,1.649336143,-1.380755803,1.125109308,-0.1697558083,0.3043301823,0.2342714628,-1.161816234,1.649336143,1.428551722,1.243212152,-0.2852657403,0.07031392978,-0.3500914574,0.07211977088,0,-0.1453552948,0.2161969959,0.312151975,-0.2261565914,-0.1304175452,-0.05772920181,0,-0.0797356056,-0.005054608166,0.2725430011,0.06224531281,-0.1705344338,0.008337379593,0.0382685739,0.008337379593,0,0.175,0.165,0,0
3.25,0.279467608,-0.1454883356,-0.282489366,0.01465145219,-0.2955202067,0.9553364891,0.004999979167,0.9999875,0,0,1.202596273,1.649336143,-1.382209356,1.127271278,-0.1666342885,0.3020686164,0.2329672873,-1.162393527,1.649336143,1.427754366,1.243161605,-0.2825403103,0.07093638291,-0.3517968017,0.07364757732,0,-0.145816684,0.2199715853,0.3144412465,-0.2283292433,-0.1319226819,-0.05934041677,0,-0.0807601931,-0.002990476326,0.2746389451,0.06241152382,-0.1717260234,0.008338811974,0.03826878733,0.008338811974,0,0.175,0.165,0,0
3.26,0.2766309224,-0.1453392545,-0.2848492472,0.01516497718,-0.2955202067,0.9553364891,0.004999979167,0.9999875,0,0,1.203332748,1.649336143,-1.383667523,1.129470994,-0.1634898761,0.2997853239,0.2316480605,-1.162986931,1.649336143,1.426946764,1.243131701,-0.2797939208,0.07156049815,-0.353514062,0.07516468102,0,-0.1462659907,0.2237399344,0.3167245846,-0.2304917412,-0.1334542101,-0.0609516023,0,-0.08179271396,-0.0009257239847,0.2767382109,0.06259138103,-0.1729280348,0.008340275166,0.03826900684,0.008340275166,0,0.175,0.17,0,0
3.27,0.2737705952,-0.1451850321,-0.2872174777,0.01567970326,-0.2955202067,0.9553364891,0.004999979167,0.9999875,0.5,0,1.204084395,1.649336143,-1.385130183,1.131708393,-0.1603226302,0.2974804065,0.2303135184,-1.163596447,1.649336143,1.426128837,1.243122443,-0.2770265387,0.07218641196,-0.3552433423,0.0766673679,0,-0.1466772294,0.2274999489,0.3189815216,-0.23263971,-0.1349943136,-0.06256192286,0,-0.08283280016,0.001138798832,0.27883935,0.06278513028,-0.1741397606,0.008341768986,0.03826923244,0.008341768986,0,0.175,0.17,0,0
3.28,0.2708865497,-0.1450256571,-0.289592674,0.01619543141,-0.2907398501,0.9568021423,0.004999979167,0.9999875,0,0,1.204851069,1.649336143,-1.386596955,1.133983393,-0.157132815,0.2951540094,0.2289635752,-1.164222066,1.649336143,1.425300509,1.243133831,-0.2742381452,0.07281426326,-0.3569847399,0.07815832863,0,-0.1470838753,0.2312495739,0.3212362771,-0.2347751451,-0.1365660469,-0.0641705537,0,-0.08388008503,0.003202253233,0.2809409301,0.06299300632,-0.175360497,0.008343293175,0.03826946416,0.008343293175,0.005,0.175,0.165,0,0
3.29,0.2679787231,-0.1448611207,-0.2919734675,0.01671196475,-0.2907398501,0.9568021423,0.004999979167,0.9999875,0,0,1.205632652,1.649336143,-1.388067794,1.136295888,-0.1539204522,0.292806258,0.2275979148,-1.164863771,1.649336143,1.424461708,1.243165854,-0.2714287359,0.07344419332,-0.3587383449,0.07963355374,0,-0.1474566223,0.2349867943,0.3234659151,-0.2368934264,-0.138149193,-0.06577668258,0,-0.08493418683,0.005263811736,0.2830415211,0.06321523566,-0.1765895323,0.008344847529,0.03826970198,0.008344847529,0,0.175,0.165,0,0
3.3,0.2650470662,-0.1446914158,-0.2943585042,0.0172291085,-0.2907398501,0.9568021423,0.004999979167,0.9999875,0,0,1.206428988,1.649336143,-1.38954236,1.138645756,-0.1506857931,0.2904373237,0.2262164228,-1.165521538,1.649336143,1.423612366,1.243218492,-0.2685983207,0.07407634568,-0.3605042402,0.08109545721,0,-0.1478263731,0.2387096352,0.325692832,-0.2389961885,-0.1397650761,-0.0673795068,0,-0.08599474144,0.00732265854,0.2851397238,0.06345202975,-0.1778261701,0.008346431765,0.03826994591,0.008346431765,0,0.175,0.165,0,0
3.31,0.2620915433,-0.1445165372,-0.2967464446,0.01774666996,-0.2907398501,0.9568021423,0.004999979167,0.9999875,0,0,1.207239942,1.649336143,-1.391020624,1.141032853,-0.1474288648,0.2880473618,0.2248187721,-1.166195333,1.649336143,1.422752419,1.243291719,-0.2657469234,0.07471086598,-0.3622825019,0.08253900611,0,-0.1481532982,0.2424161622,0.3278861514,-0.2410779399,-0.1413860121,-0.06897823646,0,-0.08706136976,0.009377989781,0.2872341416,0.06370359115,-0.1790697055,0.008348045647,0.03827019596,0.008348045647,0,0.175,0.165,0,0
3.32,0.259112132,-0.1443364816,-0.2991359641,0.01826445858,-0.2907398501,0.9568021423,0.004999979167,0.9999875,0,0,1.208065332,1.649336143,-1.392502157,1.143457014,-0.1441500033,0.2856365824,0.223404912,-1.166885116,1.649336143,1.421881805,1.243385499,-0.262874582,0.07534790189,-0.364073199,0.08396775828,0,-0.1484790581,0.2461044824,0.3300764743,-0.2431413397,-0.1430407972,-0.07057209305,0,-0.08813369391,0.01142901379,0.2893233949,0.0639701099,-0.1803194369,0.008349688839,0.03827045212,0.008349688839,0,0.175,0.165,0,0
3.33,0.2561088231,-0.1441512479,-0.3015257525,0.01878228589,-0.2907398501,0.9568021423,0.004999979167,0.9999875,0.5,0,1.20890501,1.649336143,-1.393986948,1.145918059,-0.1408492385,0.283205169,0.221974504,-1.167590837,1.649336143,1.421000468,1.243499789,-0.2599813481,0.07598760299,-0.3658763934,0.08537807641,0,-0.1487765121,0.2497727437,0.3322425178,-0.2451822695,-0.1447104354,-0.07216030988,0,-0.08921133403,0.01347495133,0.2914061185,0.06425176388,-0.1815746636,0.008351361076,0.03827071438,0.008351361076,0,0.175,0.165,0,0
3.34,0.2530816204,-0.1439608364,-0.3039145144,0.01929996552,-0.2859522251,0.9582438755,0.004999979167,0.9999875,0,0,1.209758791,1.649336143,-1.395474713,1.148415786,-0.1375268133,0.2807533463,0.2205273996,-1.16831244,1.649336143,1.420108355,1.243634538,-0.2570672869,0.07663012063,-0.36769214,0.08676771007,0,-0.1490310363,0.2534191358,0.3343723932,-0.2471980453,-0.1463844497,-0.07374213231,0,-0.09029390827,0.01551503584,0.2934809619,0.06454871844,-0.1828346853,0.00835306202,0.03827098273,0.00835306202,0,0.175,0.16,0,0
3.35,0.2500305405,-0.1437652497,-0.306300969,0.01981731324,-0.2859522251,0.9582438755,0.004999979167,0.9999875,0,0,1.210626468,1.649336143,-1.396965023,1.150949978,-0.1341830894,0.2782813659,0.2190635551,-1.169049861,1.649336143,1.419205416,1.243789689,-0.2541324773,0.07727560781,-0.3695204868,0.0881393996,0,-0.1492763339,0.2570418903,0.3364908378,-0.2491904573,-0.1480861424,-0.07531681779,0,-0.0913810328,0.01754851364,0.2955465894,0.06486112605,-0.1840988024,0.008354791289,0.03827125717,0.008354791289,0,0.175,0.165,0,0
3.36,0.2469556129,-0.1435644919,-0.3086838501,0.02033414688,-0.2859522251,0.9582438755,0.004999979167,0.9999875,0,0,1.211507862,1.649336143,-1.398457787,1.153520397,-0.130818181,0.2757894613,0.2175826937,-1.169803029,1.649336143,1.418291605,1.243965174,-0.2511770114,0.07792421907,-0.3713614749,0.08949292468,0,-0.1495176528,0.2606392809,0.3386011422,-0.2511585117,-0.1498190295,-0.07688363605,0,-0.09247232179,0.01957464421,0.2976016803,0.06518912604,-0.1853663157,0.008356548554,0.03827153767,0.008356548554,0,0.175,0.165,0,0
3.37,0.2438568796,-0.1433585691,-0.3110619062,0.02085028643,-0.2859522251,0.9582438755,0.004999979167,0.9999875,0,0,1.212402791,1.649336143,-1.399952963,1.156126789,-0.1274321696,0.2732778762,0.2160845034,-1.170571866,1.649336143,1.417366882,1.24416092,-0.2482009946,0.07857611033,-0.373215138,0.09082101101,0,-0.149690096,0.2642096233,0.3406532963,-0.2530952408,-0.1515371511,-0.078443546,0,-0.09355063604,0.02159270031,0.2996301812,0.06553587994,-0.1866243571,0.008358333484,0.03827182423,0.008358333484,0,0.175,0.165,0,0
3.38,0.240734395,-0.1431474891,-0.3134339004,0.02136555395,-0.2859522251,0.9582438755,0.004999979167,0.9999875,0.5,0,1.213311001,1.649336143,-1.401449864,1.158768886,-0.1240256366,0.2707469238,0.2145691319,-1.171356301,1.649336143,1.416431376,1.244376847,-0.2452046928,0.07923146913,-0.3750813816,0.09213232475,0,-0.149885876,0.2677512757,0.3427166469,-0.2550073705,-0.1533050786,-0.07999081753,0,-0.09466589187,0.02360196818,0.3016751012,0.06589234752,-0.1879087613,0.008360145599,0.03827211683,0.008360145599,0,0.175,0.165,0,0
3.39,0.2375882259,-0.1429312615,-0.3157986106,0.02187977361,-0.2811574513,0.9596616527,0.004999979167,0.9999875,0,0,1.214232324,1.649336143,-1.402948723,1.161446398,-0.1205984702,0.2681968501,0.2130360811,-1.172156209,1.649336143,1.415484717,1.244612867,-0.2421879418,0.07989039261,-0.3769604692,0.09341663442,0,-0.1500097584,0.2712626383,0.3447180786,-0.2568855933,-0.1550552428,-0.08152977713,0,-0.09576734273,0.02560174787,0.3036908156,0.06626782336,-0.1891822749,0.008361984594,0.03827241544,0.008361984594,0,0.175,0.16,0,0
3.4,0.2344184511,-0.1427098977,-0.3181548292,0.02239277171,-0.2811574513,0.9596616527,0.004999979167,0.9999875,0,0,1.215166491,1.649336143,-1.40444882,1.164159025,-0.1171512894,0.2656279941,0.2114855287,-1.172971507,1.649336143,1.414527043,1.244868884,-0.2391510336,0.08055307084,-0.378852292,0.09468276133,0,-0.1501561125,0.2747421542,0.3467287787,-0.2587365044,-0.1568539741,-0.0830580739,0,-0.09687139505,0.02759135324,0.305690866,0.06665931075,-0.1904563921,0.00836384996,0.03827272004,0.00836384996,0,0.175,0.16,0,0
3.41,0.2312251616,-0.1424834107,-0.3205013631,0.02290437662,-0.2811574513,0.9596616527,0.004999979167,0.9999875,0,0,1.216113318,1.649336143,-1.405950382,1.166906446,-0.1136840016,0.2630406291,0.209916989,-1.173802088,1.649336143,1.41355833,1.245144798,-0.2360941249,0.08121966395,-0.3807568559,0.09592126643,0,-0.1502360788,0.2781883085,0.3486803644,-0.2605517556,-0.1586378464,-0.08457504093,0,-0.09797765323,0.02957011219,0.3076740106,0.06706687843,-0.1917304156,0.008365741361,0.0382730306,0.008365741361,0,0.175,0.16,0,0
3.42,0.2280084601,-0.1422518153,-0.3228370343,0.02341441885,-0.2811574513,0.9596616527,0.004999979167,0.9999875,0,0,1.217072531,1.649336143,-1.407452742,1.169688329,-0.110197198,0.2604351115,0.2083306105,-1.174647838,1.649336143,1.412578553,1.245440499,-0.2330173848,0.08189033273,-0.38267416,0.09713642916,0,-0.1502983228,0.2815996288,0.3506092834,-0.2623341718,-0.1604408474,-0.08608002438,0,-0.09908571985,0.03153736683,0.3096390239,0.06749058014,-0.1930036485,0.008367658274,0.03827334709,0.008367658274,0,0.175,0.16,0,0
3.43,0.224768461,-0.1420151281,-0.3251606789,0.02392273101,-0.2811574513,0.9596616527,0.004999979167,0.9999875,0.5,0,1.218043895,1.649336143,-1.408955726,1.172504326,-0.1066911051,0.2578117698,0.206726202,-1.175508638,1.649336143,1.411587696,1.245755873,-0.2299209946,0.08256523853,-0.3846041965,0.09832989138,0,-0.1503656122,0.284974685,0.3525323887,-0.2640842197,-0.1622788196,-0.08757238354,0,-0.1001951956,0.03349247361,0.3115846971,0.06793045437,-0.1942753942,0.00836960026,0.0382736695,0.00836960026,0,0.175,0.16,0,0
3.44,0.2215052904,-0.141773367,-0.3274711481,0.0244291478,-0.2763556486,0.9610554383,0.004999979167,0.9999875,0,0,1.219027194,1.649336143,-1.410459382,1.175354073,-0.1031657812,0.2551709276,0.2051034138,-1.176384362,1.649336143,1.410585744,1.246090797,-0.2268051476,0.08324454308,-0.3865469505,0.09949382651,0,-0.1503629208,0.2883120889,0.3543916431,-0.2657953452,-0.1640975753,-0.08905149099,0,-0.1013056794,0.03543480344,0.3135098383,0.06838652407,-0.1955449566,0.008371566915,0.03827399777,0.008371566915,0,0.175,0.16,0,0
3.45,0.2182190857,-0.141526552,-0.3297673075,0.02493350604,-0.2763556486,0.9610554383,0.004999979167,0.9999875,0,0,1.220022132,1.649336143,-1.411963011,1.178237194,-0.0996218648,0.2525129742,0.2034624381,-1.177274877,1.649336143,1.409572687,1.246445145,-0.2236700492,0.08392840832,-0.3885024,0.1006361755,0,-0.1503772633,0.2916104945,0.3562531212,-0.267472765,-0.1659588408,-0.09051673268,0,-0.1024167682,0.03736374182,0.3154132729,0.06885879642,-0.1968116403,0.008373557673,0.03827433187,0.008373557673,0,0.175,0.16,0,0
3.46,0.2149099957,-0.1412747043,-0.3320480373,0.02543564467,-0.2763556486,0.9610554383,0.004999979167,0.9999875,0,0,1.221028494,1.649336143,-1.413466784,1.181153298,-0.09605933359,0.2498382465,0.2018028497,-1.178180044,1.649336143,1.408548519,1.246818783,-0.2205159165,0.08461699628,-0.3904705164,0.1017485043,0,-0.1503260498,0.2948685974,0.3580528994,-0.2691097303,-0.1678027218,-0.09196750805,0,-0.1035280576,0.03927868894,0.3172938436,0.06934726259,-0.1980747501,0.008375572131,0.03827467178,0.008375572131,0,0.175,0.16,0,0
3.47,0.2115781801,-0.141017847,-0.3343122326,0.0259354047,-0.2763556486,0.9610554383,0.004999979167,0.9999875,0,0,1.222045979,1.649336143,-1.414970044,1.184101984,-0.0924788046,0.2471471492,0.2001248224,-1.17909972,1.649336143,1.407513239,1.24721157,-0.2173429781,0.08531046891,-0.3924512639,0.1028349746,0,-0.1502570438,0.298085135,0.3598270421,-0.2707086339,-0.1696628374,-0.09340323011,0,-0.1046391411,0.04117905977,0.3191504106,0.06985189748,-0.1993335919,0.008377609713,0.03827501744,0.008377609713,0,0.175,0.16,0,0
3.48,0.2082238098,-0.1407560047,-0.336558803,0.02643262929,-0.2763556486,0.9610554383,0.004999979167,0.9999875,0.5,0,1.223074329,1.649336143,-1.416472614,1.187082836,-0.08888053418,0.2444400629,0.1984281941,-1.180033752,1.649336143,1.406466847,1.24762336,-0.214151474,0.08600898788,-0.3944445998,0.1038968095,0,-0.1501880321,0.3012588858,0.3615887503,-0.2722695453,-0.171551479,-0.09482332556,0,-0.1057496108,0.04306428416,0.320981852,0.07037265957,-0.2005874721,0.008379669928,0.03827536882,0.008379669928,0,0.175,0.16,0,0
3.49,0.2048470664,-0.1404892034,-0.3387866726,0.02692716368,-0.271546937,0.9624251976,0.004999979167,0.9999875,0,0,1.224113297,1.649336143,-1.417974495,1.190095425,-0.08526464668,0.2417173674,0.1967126793,-1.180981985,1.649336143,1.405409351,1.248054003,-0.2109416555,0.08671271448,-0.3964504746,0.1049289585,0,-0.1500698306,0.3043886693,0.3632996182,-0.2737884819,-0.1734323687,-0.09622723484,0,-0.1068590571,0.04493380688,0.3227870643,0.07090949064,-0.2018356983,0.008381752308,0.03827572587,0.008381752308,0,0.175,0.155,0,0
3.5,0.2014481422,-0.1402174709,-0.3409947805,0.02741885521,-0.271546937,0.9624251976,0.004999979167,0.9999875,0,0,1.225162587,1.649336143,-1.419475193,1.193139311,-0.08163165049,0.2389794826,0.1949783556,-1.181944257,1.649336143,1.404340761,1.248503341,-0.2077137848,0.08742180938,-0.3984688315,0.1059328679,0,-0.149921509,0.3074733457,0.3649737718,-0.2752658638,-0.1753185052,-0.09761441224,0,-0.107967069,0.04678708771,0.3245649619,0.07146231568,-0.2030775789,0.008383856281,0.03827608855,0.008383856281,0,0.175,0.155,0,0
3.51,0.1980272401,-0.1399408363,-0.34318208,0.02790755336,-0.271546937,0.9624251976,0.004999979167,0.9999875,0,0,1.226221915,1.649336143,-1.420974408,1.196214045,-0.07798191278,0.236226824,0.1932251705,-1.182920402,1.649336143,1.40326109,1.248971212,-0.2044681352,0.08813643254,-0.4004996073,0.1069110648,0,-0.1497742913,0.3105118157,0.3666348566,-0.2767025638,-0.1772319306,-0.09898432597,0,-0.1090732339,0.04862360147,0.3263144781,0.07203104261,-0.2043124239,0.008385981307,0.0382764568,0.008385981307,0,0.175,0.155,0,0
3.52,0.1945845734,-0.1396593303,-0.3453475394,0.02839310969,-0.271546937,0.9624251976,0.004999979167,0.9999875,0,0,1.227291026,1.649336143,-1.422472151,1.199319163,-0.07431556421,0.2334597983,0.1914528512,-1.183910245,1.649336143,1.402170358,1.249457448,-0.2012049904,0.08885674297,-0.4025427316,0.1078565322,0,-0.1495556816,0.3135030196,0.368226278,-0.278093868,-0.1791189138,-0.1003364582,0,-0.1101771378,0.05044283805,0.3280345647,0.07261556223,-0.2055395444,0.008388126893,0.03827683058,0.008388126893,0,0.175,0.155,0,0
3.53,0.1911203655,-0.139372985,-0.3474901416,0.02887537787,-0.271546937,0.9624251976,0.004999979167,0.9999875,0.5,0,1.228369591,1.649336143,-1.423967708,1.202454193,-0.07063330143,0.2306788596,0.1896616621,-1.184913609,1.649336143,1.401068586,1.249961876,-0.1979246448,0.08958289859,-0.404598127,0.1087773253,0,-0.1493566437,0.3164459379,0.3698179735,-0.2794438419,-0.1810451633,-0.1016703053,0,-0.1112783656,0.05224430245,0.3297241929,0.07321574797,-0.2067582534,0.008390292405,0.03827720983,0.008390292405,0,0.175,0.16,0,0
3.54,0.1876348501,-0.1390818342,-0.3496088839,0.02935421368,-0.2667314367,0.9637708964,0.004999979167,0.9999875,0,0,1.229457365,1.649336143,-1.425461274,1.205618653,-0.0669351217,0.2278844212,0.1878512105,-1.185930312,1.649336143,1.399955803,1.25048432,-0.1946274028,0.09031505607,-0.4066657096,0.1096657964,0,-0.1490966542,0.3193395895,0.3713470496,-0.2807476517,-0.1829508363,-0.1029853775,0,-0.1123765005,0.05402751478,0.3313823529,0.07383145588,-0.2079678653,0.00839247737,0.0382775945,0.00839247737,0,0.175,0.155,0,0
3.55,0.1841282707,-0.1387859127,-0.3517027786,0.02982947501,-0.2667314367,0.9637708964,0.004999979167,0.9999875,0,0,1.230554023,1.649336143,-1.426952241,1.208812048,-0.0632216512,0.2250769447,0.1860217021,-1.186960166,1.649336143,1.398832038,1.251024595,-0.1913135793,0.09105337063,-0.4087453882,0.1105276215,0,-0.1488411322,0.3221830326,0.372863813,-0.2820077801,-0.1848831509,-0.1042811994,0,-0.1134711251,0.05579201025,0.3330080544,0.07446252443,-0.209167697,0.00839468116,0.03827798453,0.00839468116,0,0.175,0.155,0,0
3.56,0.1806008806,-0.138485257,-0.3537708523,0.03030102186,-0.2667314367,0.9637708964,0.004999979167,0.9999875,0,0,1.231659299,1.649336143,-1.428440652,1.212033879,-0.05949301307,0.2222568669,0.1841728706,-1.188002978,1.649336143,1.397697326,1.251582515,-0.1879834988,0.09179799587,-0.4108370652,0.1113572072,0,-0.1485305877,0.3249753633,0.3743215445,-0.2832208702,-0.186797362,-0.1055573098,0,-0.1145618203,0.05753733916,0.3346003269,0.07510877445,-0.2103570673,0.008396903261,0.03827837986,0.008396903261,0,0.175,0.155,0,0
3.57,0.1770529429,-0.1381799051,-0.3558121466,0.03076871633,-0.2667314367,0.9637708964,0.004999979167,0.9999875,0,0,1.232772871,1.649336143,-1.429925958,1.215283632,-0.05574979763,0.2194246582,0.182304897,-1.189058551,1.649336143,1.396551708,1.252157888,-0.1846374955,0.09254908362,-0.4129406359,0.112159066,0,-0.1482178363,0.3277157156,0.3757608927,-0.2843886091,-0.1887315816,-0.1068132617,0,-0.1156481665,0.0592630669,0.3361582199,0.07577000907,-0.2115352976,0.008399143045,0.03827878044,0.008399143045,0,0.175,0.155,0,0
3.58,0.1734847301,-0.137869896,-0.3578257174,0.03123242263,-0.2667314367,0.9637708964,0.004999979167,0.9999875,0.5,0,1.233894462,1.649336143,-1.431408136,1.21856079,-0.0519921887,0.2165807721,0.1804175812,-1.190126684,1.649336143,1.395395226,1.252750519,-0.1812759133,0.09330678371,-0.4150559888,0.1129304415,0,-0.1478742475,0.3304032608,0.3771591202,-0.2855091711,-0.1906637246,-0.1080486225,0,-0.1167297428,0.0609687739,0.337680803,0.07644601366,-0.2127017122,0.008401399972,0.03827918619,0.008401399972,0,0.175,0.155,0,0
3.59,0.1698965241,-0.1375552704,-0.3598106354,0.03169200707,-0.2619092681,0.9650925009,0.004999979167,0.9999875,0,0,1.235023766,1.649336143,-1.432886879,1.221864822,-0.0482205975,0.2137256804,0.1785109439,-1.19120717,1.649336143,1.394227929,1.253360207,-0.1778991053,0.09407124384,-0.4171830059,0.1136705307,0,-0.1474923746,0.3330372068,0.3785099224,-0.2865818287,-0.1925872233,-0.1092629738,0,-0.1178061278,0.06265405555,0.339167166,0.07713655574,-0.213855638,0.00840367345,0.03827959707,0.00840367345,0,0.175,0.15,0,0
3.6,0.1662886159,-0.13723607,-0.3617659861,0.03214733807,-0.2619092681,0.9650925009,0.004999979167,0.9999875,0,0,1.236160471,1.649336143,-1.434361803,1.225195194,-0.04443549827,0.2108598621,0.1765850717,-1.1922998,1.649336143,1.393049868,1.253986747,-0.1745074336,0.0948426094,-0.4193215623,0.1143800769,0,-0.1470821877,0.3356167978,0.3798206151,-0.2876065111,-0.1945084659,-0.1104559117,0,-0.1188768991,0.06431852221,0.3406164197,0.07784138505,-0.2149964057,0.008405962864,0.03828001299,0.008405962864,0,0.175,0.15,0,0
3.61,0.1626613059,-0.1369123382,-0.3636908694,0.03259828617,-0.2619092681,0.9650925009,0.004999979167,0.9999875,0,0,1.237304272,1.649336143,-1.435832625,1.228551362,-0.04063729212,0.207983797,0.174639987,-1.193404359,1.649336143,1.391861099,1.254629932,-0.1711012694,0.09562102325,-0.4214715264,0.1150621607,0,-0.146681113,0.3381413136,0.3811201406,-0.2885837972,-0.1964545667,-0.1116270466,0,-0.1199416338,0.06596179908,0.3420276952,0.07856023346,-0.216123349,0.008408267618,0.0382804339,0.008408267618,0,0.175,0.155,0,0
3.62,0.1590149031,-0.1365841194,-0.3655843999,0.03304472401,-0.2619092681,0.9650925009,0.004999979167,0.9999875,0.5,0,1.238454894,1.649336143,-1.437299436,1.231932775,-0.03682609072,0.205097959,0.1726754414,-1.19452063,1.649336143,1.390661682,1.25528955,-0.1676809925,0.09640662559,-0.4236327599,0.1157115028,0,-0.1462292255,0.3406100692,0.3823610849,-0.2895114173,-0.1983796165,-0.1127760032,0,-0.1209999084,0.06758352616,0.343400145,0.07929281505,-0.2172358059,0.008410587174,0.03828085972,0.008410587174,0,0.175,0.155,0,0
3.63,0.1553497253,-0.1362514592,-0.367445707,0.03348652631,-0.2570805519,0.9663899781,0.004999979167,0.9999875,0,0,1.239612009,1.649336143,-1.438761728,1.235338876,-0.03300247987,0.2022028449,0.1706916452,-1.19564839,1.649336143,1.389451683,1.255965386,-0.164246991,0.09719955374,-0.4258051179,0.1163306545,0,-0.1457570437,0.3430224139,0.383566937,-0.2903899115,-0.2003054343,-0.1139024209,0,-0.1220512992,0.06918335815,0.3447329426,0.08003882612,-0.2183331182,0.008412920886,0.03828129039,0.008412920886,0.005,0.175,0.15,0,0
3.64,0.1516660992,-0.1359144047,-0.3692739345,0.03392356995,-0.2570805519,0.9663899781,0.004999979167,0.9999875,0,0,1.240775315,1.649336143,-1.440219298,1.2387691,-0.0291668105,0.1992989457,0.1686885908,-1.196787414,1.649336143,1.38823117,1.256657219,-0.1607996616,0.097999942,-0.4279884491,0.1169181309,0,-0.1452477044,0.3453777312,0.3847239828,-0.2912185454,-0.2022182159,-0.1150080044,0,-0.1230783878,0.07076096436,0.3460106098,0.08079996174,-0.2194018596,0.008415268162,0.03828172582,0.008415268162,0,0.175,0.15,0,0
3.65,0.1479643597,-0.1355730041,-0.3710682411,0.03435573386,-0.2570805519,0.9663899781,0.004999979167,0.9999875,0,0,1.241944496,1.649336143,-1.441671775,1.242222877,-0.02531957067,0.1963867603,0.1666664087,-1.197937494,1.649336143,1.387000387,1.257364829,-0.1573395555,0.09880794162,-0.4301824677,0.1174770442,0,-0.144738895,0.347675438,0.3858615166,-0.2919977308,-0.2041454415,-0.1160862673,0,-0.1241318645,0.07231602852,0.3472765094,0.08156977533,-0.2204797813,0.008417628375,0.03828216596,0.008417628375,0,0.175,0.15,0,0
3.66,0.1442448502,-0.1352273067,-0.3728278,0.03478289912,-0.2570805519,0.9663899781,0.004999979167,0.9999875,0,0,1.243119267,1.649336143,-1.443119164,1.245699632,-0.0214609555,0.193466783,0.1646249543,-1.199098356,1.649336143,1.385759068,1.258087989,-0.1538667904,0.09962363937,-0.4323872655,0.1180050208,0,-0.1442028431,0.3499149835,0.386957253,-0.2927265204,-0.2060650587,-0.1171430469,0,-0.1251600595,0.07384824885,0.3484856077,0.08235407602,-0.221527759,0.008420000961,0.03828261071,0.008420000961,0,0.17,0.15,0,0
3.67,0.1405079222,-0.1348773631,-0.374551799,0.0352049489,-0.2570805519,0.9663899781,0.004999979167,0.9999875,0.5,0,1.244299317,1.649336143,-1.444561193,1.249198782,-0.01759138297,0.1905395178,0.1625643037,-1.200269787,1.649336143,1.384507467,1.258826472,-0.1503819343,0.1004471801,-0.4346025431,0.1185013921,0,-0.1436313177,0.3520958496,0.3880042285,-0.2934045964,-0.2079696415,-0.1181759883,0,-0.1261796733,0.07535733776,0.3496519636,0.083150415,-0.2225580076,0.008422385307,0.03828306,0.008422385307,0,0.17,0.15,0,0
3.68,0.1367539354,-0.1345232251,-0.3762394408,0.03562176848,-0.2522454086,0.9676632957,0.004999979167,0.9999875,0,0,1.245484331,1.649336143,-1.445997506,1.25271974,-0.01371134069,0.1876054718,0.1604846073,-1.201451547,1.649336143,1.383245671,1.259580045,-0.1468854147,0.1012786843,-0.4368281232,0.1189675241,0,-0.1430406524,0.3542175494,0.389014931,-0.2940319786,-0.2098704998,-0.1191848024,0,-0.1271902817,0.07684302177,0.3507748595,0.0839584009,-0.2235698944,0.008424780787,0.03828351375,0.008424780787,0.005,0.17,0.145,0,0
3.69,0.1329832572,-0.1341649456,-0.3778899424,0.03603324524,-0.2522454086,0.9676632957,0.004999979167,0.9999875,0,0,1.246674006,1.649336143,-1.447427912,1.256261916,-0.009821191378,0.184665152,0.1583859023,-1.202643395,1.649336143,1.381973768,1.260348475,-0.1433776661,0.1021182683,-0.4390638221,0.1194034848,0,-0.142431435,0.3562796272,0.3899894278,-0.2946084163,-0.2117669941,-0.1201692148,0,-0.1281914608,0.07830504138,0.3518535999,0.08477762518,-0.2245627928,0.008427186798,0.03828397189,0.008427186798,0,0.17,0.15,0,0
3.7,0.1291962629,-0.1338025784,-0.3795025356,0.03643926867,-0.2522454086,0.9676632957,0.004999979167,0.9999875,0,0,1.247868041,1.649336143,-1.448852227,1.259824712,-0.0059212971,0.1817190679,0.1562682323,-1.203845087,1.649336143,1.380691853,1.261131526,-0.1398591301,0.1029660445,-0.4413094501,0.1198086236,0,-0.1417950115,0.3582816574,0.3909204284,-0.2951336703,-0.2136513457,-0.121128965,0,-0.1291827873,0.07974315091,0.3528875119,0.08560766234,-0.2255360826,0.008429602739,0.03828443433,0.008429602739,0,0.17,0.15,0,0
3.71,0.1253933354,-0.1334361787,-0.381076467,0.03683973037,-0.2522454086,0.9676632957,0.004999979167,0.9999875,0,0,1.249066127,1.649336143,-1.450270177,1.263407529,-0.002012092816,0.1787677312,0.1541317189,-1.205056377,1.649336143,1.379400025,1.261928957,-0.136330255,0.1038221212,-0.4435648109,0.1201830005,0,-0.1411311343,0.3602232443,0.3918072917,-0.295607652,-0.2155221694,-0.122063807,0,-0.1301638382,0.08115711836,0.3538759449,0.08644807011,-0.2264891504,0.008432027996,0.03828490099,0.008432027996,0,0.17,0.15,0,0
3.72,0.1215748649,-0.1330658027,-0.3826109976,0.03723452405,-0.2522454086,0.9676632957,0.004999979167,0.9999875,0.5,0,1.250267957,1.649336143,-1.451681488,1.267009761,0.001905980101,0.1758116546,0.1519764972,-1.206277015,1.649336143,1.378098387,1.262740528,-0.1327914955,0.1046866019,-0.4458297024,0.1205301113,0,-0.140483181,0.3621040211,0.392684232,-0.2960301185,-0.2174119223,-0.1229735088,0,-0.1311341915,0.08254672519,0.3548182712,0.08729838961,-0.2274213898,0.008434461953,0.03828537179,0.008434461953,0,0.17,0.15,0,0
3.73,0.1177412492,-0.1326915075,-0.3841054031,0.03762354553,-0.2474039593,0.9689124217,0.004999979167,0.9999875,0,0,1.251473258,1.649336143,-1.45308632,1.270630801,0.005832822421,0.1728513535,0.149802378,-1.20750675,1.649336143,1.376787045,1.263565996,-0.1292433128,0.1055595858,-0.4481039163,0.1208429402,0,-0.1397607704,0.3639236495,0.393478687,-0.2964012069,-0.2192494211,-0.1238578526,0,-0.1320934259,0.08391176621,0.3557138859,0.08815814567,-0.2283322019,0.008436904064,0.03828584663,0.008436904064,0,0.17,0.145,0,0
3.74,0.113892893,-0.1323133514,-0.3855589741,0.03800669271,-0.2474039593,0.9689124217,0.004999979167,0.9999875,0,0,1.252681688,1.649336143,-1.454483928,1.274270038,0.009767609291,0.1698873414,0.1476098837,-1.208745328,1.649336143,1.375466111,1.264405113,-0.1256861739,0.1064411672,-0.4503872383,0.1211282685,0,-0.1390486285,0.3656818194,0.394257882,-0.2967206143,-0.2210991477,-0.1247166347,0,-0.1330411211,0.08525204937,0.356562207,0.08902684701,-0.2292209955,0.008439353641,0.03828632544,0.008439353641,0,0.17,0.145,0,0
3.75,0.1100302081,-0.1319313935,-0.3869710154,0.03838386563,-0.2474039593,0.9689124217,0.004999979167,0.9999875,0,0,1.253892971,1.649336143,-1.455874414,1.277926856,0.01371018811,0.1669201352,0.1453988923,-1.209992495,1.649336143,1.374135699,1.265257634,-0.1221205519,0.1073314357,-0.4526794483,0.1213846787,0,-0.1383274978,0.3673782476,0.395006095,-0.2969881963,-0.2229451202,-0.1255496652,0,-0.133976858,0.08656739556,0.3573626757,0.08990398655,-0.2300871874,0.00844181013,0.03828680812,0.00844181013,0,0.17,0.145,0,0
3.76,0.1061536134,-0.1315456943,-0.3883408469,0.03875496642,-0.2474039593,0.9689124217,0.004999979167,0.9999875,0,0,1.255106817,1.649336143,-1.457257689,1.281600638,0.01766024906,0.1639502533,0.1431694411,-1.211247991,1.649336143,1.372795931,1.266123308,-0.1185469251,0.1082304756,-0.4549803201,0.1216082035,0,-0.1375433815,0.3690126776,0.3956795342,-0.2972047166,-0.2247438456,-0.1263567684,0,-0.1349002186,0.08785763846,0.358114756,0.0907890417,-0.230930203,0.00844427295,0.03828729459,0.00844427295,0,0.17,0.145,0,0
3.77,0.1022635341,-0.1311563148,-0.3896678028,0.03911989932,-0.2474039593,0.9689124217,0.004999979167,0.9999875,0.5,0,1.256322899,1.649336143,-1.458633123,1.285290765,0.0216170444,0.1609782061,0.1409220026,-1.212511559,1.649336143,1.371446929,1.267001884,-0.1149657776,0.109138366,-0.4572896222,0.1218064099,0,-0.1367934199,0.3705848792,0.3963558084,-0.2973688096,-0.2265702358,-0.1271377822,0,-0.1358107867,0.08912262429,0.3588179357,0.09168147465,-0.2317494766,0.008446741436,0.03828778475,0.008446741436,0,0.17,0.145,0,0
3.78,0.09836040241,-0.1307633172,-0.3909512322,0.03947857068,-0.2425563248,0.970137325,0.004999979167,0.9999875,0,0,1.257540964,1.649336143,-1.460001057,1.288996614,0.02558060249,0.158004518,0.1386563002,-1.213782937,1.649336143,1.370088821,1.26789311,-0.1113775982,0.1100551807,-0.4596071169,0.1219721779,0,-0.1359813627,0.3720946473,0.3969571058,-0.2974820772,-0.2283475485,-0.1278925584,0,-0.1367081474,0.09036221165,0.3594717255,0.09258073274,-0.2325444511,0.008449215076,0.03828827851,0.008449215076,0,0.17,0.145,0,0
3.79,0.09444465669,-0.1303667645,-0.3921904985,0.03983088896,-0.2425563248,0.970137325,0.004999979167,0.9999875,0,0,1.258760685,1.649336143,-1.461360871,1.29271756,0.02955017355,0.1550296973,0.1363728248,-1.215061862,1.649336143,1.368721739,1.268796732,-0.1077828809,0.110980988,-0.4619325614,0.1221098873,0,-0.135162446,0.3735418019,0.3975274183,-0.2975436989,-0.230117935,-0.1286209624,0,-0.1375918876,0.0915762713,0.3600756597,0.09348624876,-0.2333145794,0.008451693214,0.03828877579,0.008451693214,0,0.17,0.145,0,0
3.8,0.09051674172,-0.1299667209,-0.3933849803,0.04017676471,-0.2425563248,0.970137325,0.004999979167,0.9999875,0,0,1.259981784,1.649336143,-1.462712495,1.296452978,0.03352544773,0.1520542603,0.1340716454,-1.216348072,1.649336143,1.36734582,1.269712495,-0.1041821243,0.1119158505,-0.4642657072,0.1222192619,0,-0.1343304581,0.3749261871,0.3980613504,-0.2975538203,-0.2318753528,-0.1293228731,0,-0.1384615963,0.09276468593,0.3606292959,0.09439744136,-0.2340593239,0.008454175279,0.03828927649,0.008454175279,0,0.17,0.145,0,0
3.81,0.08657710839,-0.129563251,-0.3945340702,0.0405161106,-0.2425563248,0.970137325,0.004999979167,0.9999875,0,0,1.261203977,1.649336143,-1.4640558,1.30020224,0.03750606123,0.1490787221,0.1317528919,-1.217641301,1.649336143,1.365961205,1.270640142,-0.1005758314,0.1128598249,-0.4666063005,0.1223007296,0,-0.1334884199,0.3762476709,0.3985609487,-0.2975124149,-0.2336210374,-0.1299981829,0,-0.1393168642,0.09392734999,0.3611322155,0.0953137154,-0.2347781571,0.008456660696,0.03828978051,0.008456660696,0,0.17,0.145,0,0
3.82,0.0826262136,-0.1291564207,-0.395637176,0.04084884141,-0.2425563248,0.970137325,0.004999979167,0.9999875,0.5,0,1.262426984,1.649336143,-1.465390684,1.303964717,0.04149167072,0.1461035979,0.1294166815,-1.218941283,1.649336143,1.364568036,1.271579415,-0.09696450923,0.1138129621,-0.4689540821,0.1223528723,0,-0.132613567,0.3775061441,0.3990073269,-0.2974203658,-0.2353356427,-0.1306491675,0,-0.1401401565,0.09506416942,0.3615694935,0.09623569107,-0.2354573508,0.008459148895,0.03829028776,0.008459148895,0,0.17,0.145,0,0
3.83,0.07866452008,-0.1287462965,-0.3966937198,0.04117487401,-0.2377026264,0.9713379749,0.004999979167,0.9999875,0,0,1.263650513,1.649336143,-1.46671682,1.307739778,0.04548174399,0.1431293943,0.1270633251,-1.220247774,1.649336143,1.363166634,1.272530057,-0.09334881429,0.114775319,-0.4713086556,0.1223789129,0,-0.1317471506,0.3787015204,0.3994335356,-0.2972764451,-0.2370508675,-0.1312686319,0,-0.1409826154,0.0961750614,0.3619845015,0.09715900335,-0.2361361382,0.008461639279,0.03829079815,0.008461639279,0,0.17,0.14,0,0
3.84,0.07469249629,-0.1283329458,-0.3977031385,0.04149412741,-0.2377026264,0.9713379749,0.004999979167,0.9999875,0,0,1.264874302,1.649336143,-1.468034291,1.311526794,0.04947607935,0.1401566298,0.1246928164,-1.221560461,1.649336143,1.361756808,1.273491808,-0.08972896928,0.115746909,-0.4736700169,0.122374398,0,-0.1308231969,0.3798337351,0.3997854918,-0.2970833453,-0.2387126785,-0.1318636258,0,-0.1417921333,0.09725995429,0.3623329973,0.09808681989,-0.2367741812,0.008464131313,0.03829131157,0.008464131313,0,0.17,0.14,0,0
3.85,0.07071061622,-0.1279164368,-0.3986648836,0.04180652269,-0.2377026264,0.9713379749,0.004999979167,0.9999875,0,0,1.266098046,1.649336143,-1.469342523,1.315325131,0.05347393426,0.1371857963,0.1223056896,-1.222879097,1.649336143,1.360338887,1.274464407,-0.08610563931,0.1167277772,-0.4760377588,0.1223442349,0,-0.1299065473,0.3809027452,0.4001154768,-0.2968388736,-0.240371747,-0.1324317213,0,-0.1425855942,0.09831878718,0.3626293339,0.09901720825,-0.237384307,0.008466624372,0.03829182793,0.008466624372,0,0.17,0.14,0,0
3.86,0.06671935931,-0.1274968385,-0.3995784213,0.04211198306,-0.2377026264,0.9713379749,0.004999979167,0.9999875,0,0,1.267321488,1.649336143,-1.470641589,1.319134158,0.05747508903,0.1342174076,0.1199019722,-1.224203414,1.649336143,1.358913031,1.275447595,-0.08247934597,0.1177179493,-0.4784116018,0.1222875901,0,-0.1289818985,0.3819085285,0.4004106576,-0.2965437391,-0.2420146874,-0.1329728758,0,-0.1433626053,0.0993515098,0.3628732138,0.09994951054,-0.237966046,0.008469117928,0.03829234712,0.008469117928,0,0.17,0.145,0,0
3.87,0.06271921022,-0.1270742205,-0.4004432322,0.04241043383,-0.2377026264,0.9713379749,0.004999979167,0.9999875,0.5,0,1.268544364,1.649336143,-1.471931408,1.322953244,0.06147919561,0.1312519702,0.1174818253,-1.225533143,1.649336143,1.357479405,1.27644111,-0.07885061383,0.1187174444,-0.4807912623,0.1222042019,0,-0.1280413898,0.3828510831,0.4006641881,-0.2961985429,-0.243633967,-0.13348706,0,-0.1441227735,0.1003580823,0.3630643597,0.100883058,-0.2385189376,0.008471611438,0.03829286907,0.008471611438,0,0.17,0.145,0,0
3.88,0.05871065877,-0.1266486534,-0.401258812,0.04270180241,-0.2328429855,0.9725143413,0.004999979167,0.9999875,0,0,1.269766406,1.649336143,-1.473211821,1.326781755,0.06548583749,0.1282899848,0.1150454856,-1.226868013,1.649336143,1.356038177,1.277444691,-0.07521997023,0.119726275,-0.4831764517,0.122092811,0,-0.1270619015,0.3837304271,0.4008566357,-0.2958049056,-0.2452095422,-0.133974257,0,-0.1448657087,0.1013384748,0.3632025179,0.1018171715,-0.2390425333,0.008474104351,0.03829339365,0.008474104351,0,0.17,0.14,0,0
3.89,0.05469419972,-0.1262202083,-0.4020246706,0.04298601833,-0.2328429855,0.9725143413,0.004999979167,0.9999875,0,0,1.270987334,1.649336143,-1.47448244,1.330619059,0.06949440385,0.1253319357,0.1125933902,-1.228207756,1.649336143,1.35458952,1.278458076,-0.07158794505,0.1207444467,-0.485566877,0.1219565041,0,-0.1260836791,0.3845465976,0.4010205036,-0.2953610975,-0.2467727913,-0.1344344625,0,-0.1455910241,0.1022926676,0.3632874583,0.1027511614,-0.239536397,0.008476596088,0.03829392078,0.008476596088,0,0.17,0.14,0,0
3.9,0.05067033268,-0.1257889571,-0.4027403329,0.04326301322,-0.2328429855,0.9725143413,0.004999979167,0.9999875,0.5,0,1.272206899,1.649336143,-1.475743277,1.334464525,0.07350460888,0.1223783248,0.1101256623,-1.229552101,1.649336143,1.35313361,1.279481003,-0.06795507047,0.1217719583,-0.487962241,0.109959704,-0.1249756208,0.05212650943,0.385428873,0.2551609637,-0.305999265,-0.103298723,-0.1348676844,0,-0.1462983367,0.1032206504,0.3633189741,0.1036843288,-0.2400001052,0.008479086134,0.03829445035,0.008479086134,0,0.17,0.14,0,0
3.91,0.04663956192,-0.1253549724,-0.4034053381,0.04353272081,-0.2279775235,0.973666395,0.004999979167,0.9999875,0.5,0,1.273306496,1.648086387,-1.475222012,1.338318814,0.07605621852,0.1193183321,0.109092675,-1.230900777,1.649336143,1.351670626,1.280513209,-0.06432188073,0.1228088016,-0.490362242,0.09457496826,-0.2806102412,0.2716025399,0.3859847465,0.07437472478,-0.3202996307,0.07541167797,-0.1352739426,0,-0.1469872669,0.1041224225,0.363296882,0.1046159658,-0.2404332474,0.008472178234,0.03829498226,0.008472178234,0.005,0.17,0.135,0,0
3.92,0.04260239626,-0.1249183272,-0.4040192404,0.04379507695,-0.2231063621,0.9747941071,0.004999979167,0.9999875,0.5,0,1.274252246,1.645280285,-1.472505987,1.342178661,0.07679996577,0.1161153358,0.1098467918,-1.232253517,1.649336143,1.350200754,1.281554433,-0.06068891191,0.1238549613,-0.4927665745,0.09369860198,-0.2831075766,0.2733461249,0.3866118731,0.07258195162,-0.3214775344,0.07650579607,-0.1356532692,0,-0.1476574393,0.1049979923,0.363221022,0.1055453559,-0.2408354259,0.008453874401,0.03829551641,0.008453874401,0.01,0.17,0.13,0,0
3.93,0.0385593489,-0.1244790955,-0.4045816084,0.0440500196,-0.2182296231,0.9758974493,0.004999979167,0.9999875,0.5,0,1.275189232,1.642449209,-1.469772526,1.34604478,0.07752578528,0.1129005605,0.1106118498,-1.23361005,1.649336143,1.348724179,1.282604413,-0.05705670169,0.1249104148,-0.4951749287,0.09277831705,-0.2856227956,0.2751135515,0.38717616,0.07072168067,-0.3226206866,0.07765156698,-0.1360057078,0,-0.1483084825,0.1058473772,0.363091257,0.1064717746,-0.2412062567,0.008435818251,0.03829605271,0.008435818251,0.015,0.17,0.125,0,0
3.94,0.03451093727,-0.1240373517,-0.4050920254,0.04429748881,-0.2133474283,0.9769763942,0.004999979167,0.9999875,0.5,0,1.276117015,1.639592981,-1.46702139,1.349916541,0.07823300209,0.1096743536,0.1113883655,-1.234970107,1.649336143,1.347241095,1.283662887,-0.05342578912,0.1259751326,-0.4975869913,0.09181305736,-0.2881648858,0.2769180086,0.3876777337,0.06878272089,-0.3237296715,0.07886063468,-0.1363313139,0,-0.1489400291,0.1066706034,0.3629074733,0.1073944903,-0.2415453689,0.008418019815,0.03829659103,0.008418019815,0.015,0.17,0.12,0,0
3.95,0.0304576829,-0.1235931709,-0.4055500893,0.04453742674,-0.2084598998,0.9780309147,0.004999979167,0.9999875,0.5,0,1.277035146,1.636711332,-1.46425221,1.353793319,0.0789208293,0.1064370569,0.1121769718,-1.23633342,1.649336143,1.345751694,1.284729593,-0.04979671439,0.1270490775,-0.500002445,0.09080606742,-0.2907025736,0.2787163558,0.388116737,0.06680065666,-0.3248014033,0.08009797298,-0.1366301541,0,-0.1495517164,0.1074677055,0.3626695802,0.1083127645,-0.2418524056,0.008400488735,0.03829713129,0.008400488735,0.02,0.17,0.12,0,0
3.96,0.02640011128,-0.1231466285,-0.4059554129,0.04476977767,-0.2035671599,0.9790609845,0.004999979167,0.9999875,0.5,0,1.277943206,1.633804306,-1.461465046,1.357674486,0.07958883586,0.1031890428,0.1129779515,-1.237699721,1.649336143,1.344256177,1.28580427,-0.04617001859,0.1281322051,-0.5024209691,0.0897541564,-0.2932655132,0.2805508413,0.3884933289,0.06474024666,-0.3258383202,0.08139919682,-0.1369023065,0,-0.1501431861,0.1082387263,0.3623775095,0.1092258527,-0.2421270235,0.008383237041,0.03829767339,0.008383237041,0.025,0.17,0.115,0,0
3.97,0.02233875169,-0.1226978008,-0.4063076233,0.04499448797,-0.1986693308,0.9800665778,0.004999979167,0.9999875,0.5,0,1.278840748,1.630871651,-1.458659538,1.361559419,0.08023623833,0.09993065964,0.1137919435,-1.239068744,1.649336143,1.342754745,1.286886657,-0.04254624349,0.1292244637,-0.5048422393,0.08865845951,-0.2958423225,0.2824062047,0.3888076839,0.06261395626,-0.3268391355,0.08275234825,-0.1371505655,0,-0.1506966563,0.1089837169,0.362016696,0.1101335352,-0.2423551554,0.008366274914,0.03829821721,0.008366274914,0.03,0.165,0.11,0,0
3.98,0.01827413705,-0.1222467644,-0.4066063625,0.04521150614,-0.193766535,0.9810476695,0.004999979167,0.9999875,0.5,0,1.279727333,1.627913228,-1.455835476,1.365447496,0.08086237789,0.09666226829,0.114619467,-1.24044025,1.649336143,1.341247779,1.287976494,-0.03892607653,0.130325799,-0.5072657908,0.08751904571,-0.2984319515,0.2842817158,0.3890599916,0.06042222674,-0.327803488,0.08415745235,-0.137366907,0,-0.1512642463,0.1097027357,0.3616308477,0.1110334116,-0.2425778254,0.008349613547,0.03829876266,0.008349613547,0.035,0.165,0.105,0,0
3.99,0.01420680382,-0.1217935965,-0.406851287,0.04542078277,-0.188858895,0.9820042351,0.004999979167,0.9999875,0.5,0,1.280602523,1.624928908,-1.452992659,1.369338096,0.08146660016,0.09338423341,0.1154610415,-1.241813919,1.649336143,1.339735136,1.289073522,-0.03530976805,0.1314361331,-0.5096915691,0.08633480759,-0.3010431389,0.286190149,0.3892504562,0.05815418851,-0.3287319367,0.08562588141,-0.1375595735,0,-0.151792961,0.1103958493,0.3611760611,0.1119264226,-0.2427532686,0.008333264414,0.03829930963,0.008333264414,0.035,0.165,0.1,0,0
4,0.0101372918,-0.1213383747,-0.407042068,0.04562227055,-0.1839465335,0.9829362506,0.004999979167,0.9999875,0.5,0,1.281465871,1.621918477,-1.450130757,1.373230601,0.08204814205,0.09009691404,0.1163173003,-1.243189515,1.649336143,1.338217207,1.29017748,-0.03169800744,0.1325553974,-0.5121191018,0.0851094291,-0.3036450329,0.2880897712,0.3893792964,0.05584469944,-0.3296212799,0.08712312852,-0.1377259729,0,-0.1523000743,0.1110631311,0.36066705,0.1128112198,-0.2428950621,0.008317238664,0.03829985802,0.008317238664,0.04,0.165,0.095,0,0
4.01,0.00606614399,-0.1208811772,-0.4071783913,0.0458159243,-0.1790295734,0.9838436928,0.004999979167,0.9999875,0.5,0,1.282316965,1.618882027,-1.44724986,1.377124394,0.08260658904,0.08680070124,0.1171885316,-1.244566775,1.649336143,1.336694206,1.291288112,-0.02809133694,0.1336835096,-0.5145480524,0.08383941805,-0.3062666806,0.2900214565,0.3894467447,0.05345940032,-0.3304739719,0.08868410625,-0.1378662366,0,-0.1527852535,0.1117046619,0.3601038579,0.1136870372,-0.2430029342,0.008301549537,0.03830040773,0.008301549537,0.045,0.165,0.09,0,0
4.02,0.001993906494,-0.1204220824,-0.4072599575,0.04600170092,-0.1741081376,0.9847265389,0.004999979167,0.9999875,0.5,0,1.28315536,1.61581936,-1.444349645,1.381018861,0.08314118304,0.08349596153,0.1180753727,-1.245945437,1.649336143,1.335166353,1.292405158,-0.02449029836,0.1348203799,-0.5169780818,0.08252610532,-0.3088967943,0.2919704584,0.3894530474,0.05101054562,-0.3312886491,0.09029698364,-0.1379805066,0,-0.1532481677,0.1123205293,0.3594865474,0.1145531063,-0.2430766248,0.008286208675,0.03830095864,0.008286208675,0.05,0.165,0.085,0,0
4.03,-0.002078871686,-0.1199611695,-0.4072864817,0.04617955944,-0.1691823491,0.9855847669,0.004999979167,0.9999875,0.5,0,1.283980621,1.612730392,-1.44142994,1.384913392,0.0836512885,0.08018307503,0.1189783425,-1.247325242,1.649336143,1.333633872,1.293528364,-0.02089543289,0.135965911,-0.519408848,0.08116828647,-0.3115443326,0.2939498039,0.3893984637,0.04848703785,-0.3320658779,0.09197339557,-0.1380689326,0,-0.1536885064,0.1129108277,0.3588152144,0.1154086565,-0.2431159003,0.008271228604,0.03830151067,0.008271228604,0.055,0.165,0.08,0,0
4.04,-0.006151638765,-0.1194985178,-0.4072576937,0.04634946098,-0.164252331,0.9864183553,0.004999979167,0.9999875,0.5,0,1.284792304,1.609614949,-1.438490442,1.388807376,0.08413615888,0.07686241626,0.1198980765,-1.248705931,1.649336143,1.332096987,1.294657472,-0.01730728075,0.1371199976,-0.521840007,0.07977016613,-0.3141775111,0.2959171127,0.3892832656,0.0459246469,-0.3328022484,0.09367775487,-0.1381316772,0,-0.1541059431,0.1134756578,0.3580899579,0.1162529166,-0.2431205244,0.008256621555,0.0383020637,0.008256621555,0.06,0.165,0.075,0,0
4.05,-0.01022384033,-0.119034207,-0.4071733378,0.04651136879,-0.1593182066,0.9872272834,0.004999979167,0.9999875,0.5,0,1.285590005,1.606473173,-1.435531271,1.392700209,0.08459540535,0.07353439377,0.120834854,-1.250087248,1.649336143,1.330555927,1.295792228,-0.01372638117,0.1382825267,-0.5242712122,0.07832784147,-0.3168261829,0.2979139628,0.3891077379,0.04328821318,-0.3335003302,0.09544591178,-0.1381689103,0,-0.1545001722,0.1140151267,0.3573109102,0.1170851148,-0.2430902873,0.008242401668,0.03830261764,0.008242401668,0.06,0.165,0.075,0,0
4.06,-0.01429491949,-0.1185683172,-0.4070331732,0.04666524819,-0.1543800993,0.9880115308,0.004999979167,0.9999875,0.5,0,1.286373284,1.603304912,-1.432552132,1.396591286,0.08502828748,0.07019939047,0.1217893131,-1.251468937,1.649336143,1.329010925,1.29693238,-0.01015327207,0.1394533779,-0.5267021151,0.07684285651,-0.3194787076,0.2999254178,0.3888721772,0.04059033191,-0.3341586553,0.09726562495,-0.1381808115,0,-0.1548708904,0.1145293474,0.3564782212,0.1179044792,-0.2430249909,0.008228581604,0.03830317238,0.008228581604,0.065,0.165,0.07,0,0
4.07,-0.01836431701,-0.1181009289,-0.4068369736,0.04681106665,-0.1494381325,0.9887710779,0.004999979167,0.9999875,0.5,0,1.287141712,1.600110125,-1.429552877,1.400480008,0.0854341908,0.06685780392,0.1227619694,-1.252850745,1.649336143,1.327462216,1.298077673,-0.006588489853,0.1406324227,-0.529132365,0.07531540744,-0.3221338914,0.3019508168,0.388576892,0.03783156906,-0.3347767563,0.09913675803,-0.1381675694,0,-0.1552178011,0.115018439,0.3555920616,0.118710239,-0.2429244523,0.008215174831,0.03830372782,0.008215174831,0.07,0.165,0.065,0,0
4.08,-0.02243147147,-0.1176321228,-0.4065845273,0.04694879371,-0.1444924297,0.9895059059,0.004999979167,0.9999875,0.5,0,1.287894866,1.596888786,-1.426533369,1.404365777,0.08581250649,0.06351003635,0.123753337,-1.254232421,1.649336143,1.325910038,1.299227858,-0.003032569237,0.1418195251,-0.5315616096,0.07374420666,-0.3248006196,0.3040030333,0.3882222023,0.03500094516,-0.3353551622,0.1010708624,-0.1381293814,0,-0.1555406141,0.1154825259,0.3546526219,0.1195016248,-0.2427885034,0.008202195027,0.03830428385,0.008202195027,0.075,0.165,0.06,0,0
4.09,-0.02649581941,-0.1171619801,-0.4062756375,0.04707840103,-0.1395431146,0.9902159962,0.004999979167,0.9999875,0.5,0,1.288632308,1.593640779,-1.423493339,1.408247999,0.08616251594,0.06015648473,0.1247640456,-1.255613715,1.649336143,1.324354632,1.300382683,0.0005139569827,0.1430145413,-0.5339894946,0.07213399347,-0.3274470465,0.3060403515,0.3878084393,0.03213413674,-0.3358903208,0.1030322455,-0.1380664536,0,-0.155839046,0.1159217382,0.3536601129,0.1202778694,-0.2426169908,0.00818965562,0.03830484038,0.00818965562,0.08,0.165,0.055,0,0
4.1,-0.03055679547,-0.1166905819,-0.4059101216,0.0471998624,-0.134590311,0.9909013312,0.004999979167,0.9999875,0.5,0,1.289353648,1.590366309,-1.420432935,1.412126083,0.08648385731,0.05679758152,0.125794368,-1.256994379,1.649336143,1.322796242,1.3015419,0.004050558112,0.14421732,-0.5364156645,0.07048046933,-0.3301029318,0.3081037476,0.3873359451,0.02919623816,-0.3363848164,0.1050566577,-0.1379790002,0,-0.1561128203,0.1163362112,0.3526147648,0.1210382082,-0.2424097762,0.008177571629,0.0383053973,0.008177571629,0.08,0.165,0.05,0,0
4.11,-0.03461383253,-0.11621801,-0.4054878121,0.04731315367,-0.1296341426,0.9915618937,0.004999979167,0.9999875,0.5,0,1.290058453,1.58706528,-1.417351898,1.415999443,0.08677581969,0.05343373336,0.1268449346,-1.258374169,1.649336143,1.321235114,1.302705262,0.00757670576,0.1454277021,-0.5388397623,0.06878540604,-0.332756577,0.3101785537,0.3868050723,0.02619985265,-0.3368370886,0.1071317646,-0.1378672435,0,-0.1563616675,0.1167260852,0.3515168271,0.1217818804,-0.242166736,0.008165956822,0.03830595451,0.008165956822,0.085,0.165,0.045,0,0
4.12,-0.03866636188,-0.1157443462,-0.4050085558,0.04741825285,-0.1246747334,0.9921976672,0.004999979167,0.9999875,0.5,0,1.290746307,1.583737714,-1.414250112,1.419867493,0.08703781821,0.05006536247,0.1279162523,-1.259752842,1.649336143,1.319671497,1.303872523,0.01109187403,0.1466455209,-0.5412614296,0.06704907118,-0.3354067214,0.3122641548,0.3862161837,0.02314562089,-0.3372466042,0.1092573304,-0.1377314138,0,-0.1565853255,0.1170915055,0.3503665683,0.122508129,-0.2418877614,0.008154825629,0.03830651192,0.008154825629,0.09,0.165,0.04,0,0
4.13,-0.04271381336,-0.1152696724,-0.4044722145,0.04751514001,-0.1197122073,0.9928086359,0.004999979167,0.9999875,0.5,0,1.291416798,1.580383647,-1.411127471,1.423729655,0.08726927442,0.04669289643,0.1290088256,-1.261130156,1.649336143,1.318105644,1.305043438,0.01459553971,0.1478706022,-0.5436803072,0.06527007344,-0.3380622787,0.3143734112,0.3855696524,0.02002257112,-0.3376138534,0.1114449292,-0.1375748106,0,-0.1567660343,0.1174326221,0.3491500188,0.1232159494,-0.2415586498,0.008144192636,0.03830706942,0.008144192636,0.095,0.165,0.035,0,0
4.14,-0.04675561547,-0.1147940708,-0.4038786642,0.04760379735,-0.1147466884,0.9933947843,0.004999979167,0.9999875,0.5,0,1.292069498,1.577003024,-1.407983737,1.427585352,0.08746950014,0.0433167579,0.1301232749,-1.262505904,1.649336143,1.316537983,1.306217764,0.0180870399,0.1491027617,-0.5460958937,0.06345375223,-0.3406910707,0.316464852,0.3848658609,0.01686664909,-0.3379351354,0.1136584046,-0.1373884843,0,-0.1569562448,0.1177495893,0.3479104255,0.1239053064,-0.2412217771,0.008134072215,0.03830762692,0.008134072215,0.1,0.165,0.03,0,0
4.15,-0.05079119558,-0.1143176239,-0.403227796,0.04768420918,-0.1097783008,0.993956098,0.004999979167,0.9999875,0.5,0,1.292704036,1.573596113,-1.404819088,1.43143401,0.08763816663,0.03993740654,0.1312598589,-1.263879789,1.649336143,1.314968421,1.30739526,0.02156614416,0.1503418147,-0.5485081115,0.06159534939,-0.3433230616,0.3185792842,0.3841052016,0.01364284671,-0.3382130534,0.1159337555,-0.137181892,0,-0.1571028335,0.1180425662,0.3466049974,0.1245747944,-0.2408344928,0.008124480001,0.0383081843,0.008124480001,0.105,0.165,0.03,0,0
4.16,-0.05481998002,-0.1138404142,-0.4025195153,0.0477563619,-0.1048071688,0.9944925627,0.004999979167,0.9999875,0.5,0,1.293319989,1.570162883,-1.401633295,1.435275062,0.08777459509,0.03655527601,0.1324191965,-1.265251608,1.649336143,1.313397393,1.308575686,0.02503219413,0.1515875627,-0.5509164564,0.05969688674,-0.345946412,0.3207021682,0.3832880757,0.01036390159,-0.3384459531,0.1182584296,-0.1369522215,0,-0.157223259,0.1183117159,0.3452485053,0.1252238851,-0.2404109859,0.008115430589,0.03830874148,0.008115430589,0.105,0.165,0.025,0,0
4.17,-0.05884139425,-0.1133625242,-0.4017537424,0.04782024405,-0.09983341665,0.9950041653,0.004999979167,0.9999875,0.5,0,1.293916958,1.566703418,-1.398426274,1.439107943,0.08787823411,0.03317081648,0.1336017808,-1.26662113,1.649336143,1.31182516,1.309758803,0.02848467918,0.1528398015,-0.5533205663,0.05775870393,-0.3485598085,0.3228329383,0.3824148938,0.00703053423,-0.338633237,0.1206320854,-0.1366997395,0,-0.1573172936,0.1185572053,0.3438413045,0.1258518516,-0.2399512174,0.008106939081,0.03830929835,0.008106939081,0.11,0.165,0.02,0,0
4.18,-0.06285486301,-0.1128840369,-0.400930412,0.04787584623,-0.09485716863,0.9954908928,0.004999979167,0.9999875,0.5,0,1.294494545,1.56321782,-1.395197944,1.442932092,0.08794853945,0.02978448411,0.1348081016,-1.267988127,1.649336143,1.310251987,1.310944375,0.03192309223,0.15409832,-0.5557200785,0.05577927924,-0.3511723055,0.3249845876,0.3814860751,0.003631663204,-0.3387753602,0.1230664361,-0.1364247163,0,-0.1573847323,0.1187792056,0.3423837788,0.1264579751,-0.2394551747,0.008099020674,0.03830985483,0.008099020674,0.115,0.165,0.015,0,0
4.19,-0.06685981046,-0.1124050349,-0.4000494737,0.04792316119,-0.0898785492,0.995952733,0.004999979167,0.9999875,0.5,0,1.295052338,1.559706097,-1.391948098,1.446746953,0.08798485608,0.02639673051,0.136038766,-1.269352375,1.649336143,1.30867814,1.312132167,0.03534693002,0.1553628998,-0.5581146302,0.05376463508,-0.3537511127,0.3271154624,0.3805020473,0.0002038793651,-0.3388684727,0.1255244873,-0.1361274325,0,-0.1574253563,0.1189778916,0.3408763108,0.1270415451,-0.2389228415,0.008055864858,0.03831041081,0.008055864858,0.12,0.165,0.01,0,0
4.2,-0.07085566033,-0.1119256013,-0.3991108915,0.04796218375,-0.0848976828,0.9963896745,0.004999979167,0.9999875,0.5,0,1.295589985,1.556168586,-1.388676944,1.450551973,0.08798689488,0.02300804578,0.1372940108,-1.270713649,1.649336143,1.307103886,1.313321946,0.03875569312,0.1566333152,-0.5605038586,0.05170947188,-0.3563267132,0.3292666388,0.3794632466,-0.003288296856,-0.3389152052,0.1280428534,-0.135808172,0,-0.15743897,0.1191534416,0.3393193111,0.1276018605,-0.2383542272,0.006887640546,0.03831096619,0.006887640546,0.125,0.165,0.005,0,0
4.21,-0.07484183607,-0.1114458189,-0.3981146442,0.04799291087,-0.07991469397,0.9968017063,0.004999979167,0.9999875,0,0,1.296107079,1.552605319,-1.385384277,1.454346606,0.08795401191,0.01961889373,0.1385744394,-1.272071731,1.649336143,1.305529496,1.314513481,0.04214888624,0.1579093338,-0.5628874009,0.1216685071,0.02340699052,-0.1639671037,0.378372335,0.4279427443,-0.2987043433,-0.3147292552,-0.1354672251,0,-0.1574253826,0.1193060375,0.3377132028,0.1281382297,-0.2377493525,0.005711216268,0.03831152089,0.005711216268,0.13,0.165,0,0,0
4.22,-0.07881776097,-0.1109657707,-0.3970607253,0.04801534161,-0.07991469397,0.9968017063,0.004999979167,0.9999875,0,0,1.297323764,1.552839389,-1.387023948,1.458130329,0.09223343935,0.0166318503,0.1354271468,-1.273426403,1.649336143,1.303955243,1.315706541,0.04552601826,0.1591907161,-0.5652648944,0.1206954755,0.02336826056,-0.1621021152,0.3772252041,0.4264299483,-0.2965199124,-0.3149530608,-0.1351048874,0,-0.1573844117,0.1194358646,0.3360584243,0.1286499714,-0.2371082515,0.005824804193,0.0383120748,0.005824804193,0.13,0.165,0,0,0
4.23,-0.08278285836,-0.1104855397,-0.3959491428,0.0480294771,-0.07991469397,0.9968017063,0.004999979167,0.9999875,0,0,1.298530719,1.553073072,-1.38864497,1.461902581,0.09649773883,0.01366665117,0.1322776162,-1.274777452,1.649336143,1.302381399,1.3169009,0.04888660251,0.1604772159,-0.5676359769,0.1197126985,0.02332638619,-0.1602345892,0.376024654,0.4248704218,-0.2943036439,-0.3151227605,-0.1347214598,0,-0.1573158838,0.1195431112,0.334355429,0.1291364155,-0.236430972,0.005938199848,0.03831262784,0.005938199848,0.125,0.16,0,0,0
4.24,-0.08673655169,-0.1100052088,-0.3947799194,0.04803532064,-0.07991469397,0.9968017063,0.004999979167,0.9999875,0,0,1.299727846,1.553306335,-1.390247315,1.465662828,0.1007464431,0.01072361473,0.1291263886,-1.276124666,1.649336143,1.30080824,1.318096331,0.0522301568,0.16176858,-0.5700002867,0.118718831,0.02327098361,-0.1583517477,0.3747711521,0.4232523126,-0.2920576808,-0.315225737,-0.1343172482,0,-0.1572196341,0.119627969,0.3326046845,0.129596903,-0.2357175752,0.006051381903,0.03831317992,0.006051381903,0.125,0.16,0,0,0
4.25,-0.09067826473,-0.1095248609,-0.3935530924,0.04803287758,-0.07991469397,0.9968017063,0.004999979167,0.9999875,0,0,1.300915034,1.553539045,-1.391830833,1.469410539,0.1049789662,0.007803037924,0.1259741312,-1.277467839,1.649336143,1.299236043,1.31929261,0.05555620364,0.163064549,-0.5723574624,0.1177201117,0.02323351449,-0.1564944305,0.3734651731,0.4216111256,-0.2897790978,-0.3152980009,-0.1338925632,0,-0.1570955071,0.1196906323,0.3308066727,0.1300307871,-0.2349681354,0.006164293866,0.03831373093,0.006164293866,0.125,0.16,0,0,0
4.26,-0.0946074217,-0.1090445789,-0.3922687139,0.04802215541,-0.07991469397,0.9968017063,0.004999979167,0.9999875,0.5,0,1.302092236,1.55377138,-1.393395777,1.473145191,0.1091950774,0.004905246946,0.1228211512,-1.278806764,1.649336143,1.297665088,1.320489517,0.05886427037,0.1643648569,-0.5747071438,0.04647791079,-0.3663931677,0.3409044154,0.3721049277,-0.01974793798,-0.3379509407,0.136792434,-0.1334477199,0,-0.1569433559,0.1197312987,0.3289618887,0.1304374336,-0.2341827401,0.006276986544,0.0383142808,0.006276986544,0.125,0.16,0,0,0
4.27,-0.09852344739,-0.1085644454,-0.3909268505,0.04800316371,-0.07492970727,0.9971888181,0.004999979167,0.9999875,0,0,1.302557015,1.550107449,-1.389986733,1.47686624,0.1089975981,0.001525737539,0.1241890756,-1.280141242,1.649336143,1.296095655,1.32168683,0.06215388926,0.1656692313,-0.5770489712,0.1160506147,0.02167961522,-0.1527204086,0.3706977077,0.4171957324,-0.2872049462,-0.3139172298,-0.1329830376,0,-0.1567630433,0.1197501682,0.327070841,0.1308162214,-0.2333614895,0.005062635439,0.03831482943,0.005062635439,0.13,0.16,0,0,0
4.28,-0.1024257674,-0.1080845431,-0.3895275834,0.04797591418,-0.07492970727,0.9971888181,0.004999979167,0.9999875,0,0,1.303717521,1.550324245,-1.391513937,1.480573217,0.1131695554,-0.001346311923,0.1210499033,-1.281471072,1.649336143,1.294528024,1.322884331,0.06542459767,0.1669773935,-0.5793825861,0.1150242404,0.02162517021,-0.1508470682,0.3692372166,0.4154046452,-0.2848462596,-0.3138151175,-0.1324988396,0,-0.1565544412,0.1197474437,0.3251340508,0.1311665429,-0.2325044965,0.005169069709,0.03831537673,0.005169069709,0.13,0.16,0,0,0
4.29,-0.106313808,-0.1076049546,-0.3880710087,0.04794042063,-0.07492970727,0.9971888181,0.004999979167,0.9999875,0,0,1.304867763,1.550540497,-1.393022408,1.48426559,0.1173236018,-0.004194774519,0.1179117521,-1.28279606,1.649336143,1.29296248,1.324081806,0.06867593817,0.1682890589,-0.581707631,0.1139912162,0.0215677732,-0.1489741702,0.3677262173,0.4135664734,-0.2824606318,-0.3136560462,-0.1319989248,0,-0.1562996807,0.1197233307,0.3231379622,0.1314867679,-0.2315972827,0.005275202964,0.03831592262,0.005275202964,0.125,0.16,0,0,0
4.3,-0.1101869969,-0.1071257621,-0.3865572369,0.04789669895,-0.07492970727,0.9971888181,0.004999979167,0.9999875,0,0,1.306007675,1.550756174,-1.39451215,1.487942852,0.1214592666,-0.007019380837,0.1147751916,-1.28411605,1.649336143,1.291399483,1.325279039,0.07190731779,0.1696039266,-0.5840236038,0.1129501935,0.02149689624,-0.1470889718,0.3661652188,0.4116693147,-0.280050482,-0.3134273741,-0.1314731984,0,-0.1560520723,0.1196780369,0.3211255468,0.131779391,-0.2306839186,0.005381015799,0.03831646702,0.005381015799,0.125,0.16,0,0,0
4.31,-0.1140447625,-0.106647048,-0.3849863933,0.04784476716,-0.07492970727,0.9971888181,0.004999979167,0.9999875,0,0,1.307137177,1.550971143,-1.395983039,1.491604504,0.1255759597,-0.009819885657,0.1116409179,-1.285430782,1.649336143,1.289838962,1.326475819,0.07511857326,0.1709217205,-0.586330443,0.1119073287,0.02144443788,-0.1452319968,0.3645547363,0.4097489192,-0.2776120777,-0.313165607,-0.1309324292,0,-0.1557579287,0.1196117729,0.3190547777,0.1320408137,-0.2297205008,0.005486453119,0.03831700982,0.005486453119,0.125,0.16,0,0,0
4.32,-0.117886535,-0.1061688941,-0.3833586176,0.04778464539,-0.07492970727,0.9971888181,0.004999979167,0.9999875,0,0,1.308256251,1.551185588,-1.397435359,1.495250051,0.1296734489,-0.01259600643,0.1085092618,-1.286740106,1.649336143,1.288281383,1.327671937,0.07830912104,0.1722421286,-0.588627648,0.1108574015,0.02137818703,-0.1433631863,0.3628952914,0.4077690198,-0.275150909,-0.31283302,-0.1303734736,0,-0.1554350745,0.1195247511,0.3169404663,0.1322714862,-0.2287219113,0.005591568806,0.03831755095,0.005591568806,0.125,0.16,0,0,0
4.33,-0.1217117456,-0.1056913823,-0.3816740645,0.04771635586,-0.07492970727,0.9971888181,0.004999979167,0.9999875,0,0,1.309364825,1.551399369,-1.398868991,1.498879004,0.1337511391,-0.01534751552,0.1053809316,-1.288043841,1.649336143,1.286727032,1.328867185,0.0814785257,0.1735648435,-0.5909148672,0.1098028402,0.02130898883,-0.1414966356,0.3611874118,0.4057417461,-0.2726663231,-0.3124417848,-0.1297966706,0,-0.1550834335,0.1194171866,0.3147831941,0.1324708769,-0.2276883264,0.005686462564,0.03831809032,0.005686462564,0.125,0.16,0,0,0
4.34,-0.1255198276,-0.1052145941,-0.3799329031,0.04763992291,-0.07492970727,0.9971888181,0.004999979167,0.9999875,0,0,1.310462853,1.551612459,-1.400283957,1.502490878,0.1378085566,-0.01807417875,0.1022565138,-1.289341807,1.649336143,1.285176198,1.330061357,0.08462635764,0.1748895522,-0.5931917504,0.1087441368,0.02123684985,-0.1396327842,0.3594316311,0.4036670496,-0.2701591994,-0.3119915358,-0.1292023626,0,-0.1547029357,0.1192892963,0.3125835496,0.1326384703,-0.2266199304,0.005780123572,0.03831862786,0.005780123572,0.125,0.16,0,0,0
4.35,-0.1293102156,-0.1047386109,-0.3781353172,0.04755537298,-0.07492970727,0.9971888181,0.004999979167,0.9999875,0,0,1.311550294,1.551824828,-1.401680285,1.506085195,0.1418452271,-0.02077577075,0.09913659842,-1.290633831,1.649336143,1.283629169,1.33125425,0.08775219314,0.176215937,-0.5954579497,0.1076817773,0.02116177391,-0.1377720592,0.3576284888,0.4015448869,-0.2676304162,-0.3114819253,-0.1285908943,0,-0.1542935209,0.1191412997,0.3103421307,0.132773768,-0.2255169188,0.005873539871,0.03831916348,0.005873539871,0.125,0.16,0,0,0
4.36,-0.1330823465,-0.1042635136,-0.3762815052,0.04746273462,-0.07492970727,0.9971888181,0.004999979167,0.9999875,0,0,1.312627112,1.552036446,-1.403058006,1.509661479,0.1458606759,-0.02345207491,0.09602177917,-1.29191974,1.649336143,1.282086233,1.332445663,0.09085561445,0.1775436746,-0.5977131189,0.1066144254,0.02107295096,-0.1359015934,0.35577853,0.3993631885,-0.2650827307,-0.3109001649,-0.1279626124,0,-0.1538551391,0.118973418,0.3080595449,0.1328762888,-0.2243794982,0.005966691917,0.03831969711,0.005966691917,0.125,0.16,0,0,0
4.37,-0.136835659,-0.1037893831,-0.3743716804,0.04736203849,-0.07492970727,0.9971888181,0.004999979167,0.9999875,0,0,1.313693256,1.552247175,-1.404417022,1.513219265,0.1498543078,-0.02610290222,0.09291277752,-1.293199366,1.649336143,1.280547682,1.333635397,0.0939362099,0.1788724375,-0.5999569139,0.1055480703,0.02100313561,-0.134062077,0.3538823055,0.3971583947,-0.2625113679,-0.3102837018,-0.1273178657,0,-0.1533877504,0.1187858746,0.3057364083,0.1329455694,-0.2232078856,0.006059524738,0.03832022866,0.006059524738,0.12,0.16,0,0,0
4.38,-0.1405695941,-0.1033162996,-0.3724060703,0.04725331735,-0.07492970727,0.9971888181,0.004999979167,0.9999875,0,0,1.314748737,1.552457206,-1.405757643,1.516758088,0.1538258918,-0.0287280159,0.0898099405,-1.294472545,1.649336143,1.279013805,1.334823255,0.09699357398,0.1802018932,-0.6021889927,0.1044775972,0.02091927173,-0.1322132035,0.3519403717,0.3948936629,-0.2599228509,-0.3095941358,-0.1266570046,0,-0.1528913253,0.1185788948,0.3033733455,0.1329811646,-0.2220023086,0.006152091467,0.03832075806,0.006152091467,0.12,0.16,0,0,0
4.39,-0.1442835953,-0.1028443433,-0.3703849175,0.04713660608,-0.07492970727,0.9971888181,0.004999979167,0.9999875,0,0,1.315793513,1.552666399,-1.407079775,1.520277492,0.1577748284,-0.0313272444,0.08671399914,-1.295739115,1.649336143,1.277484891,1.336009044,0.1000273074,0.1815317049,-0.6044090158,0.1034053516,0.02083248906,-0.1303690809,0.3499532903,0.3925813883,-0.2573161627,-0.3088440388,-0.125980381,0,-0.1523658444,0.1183527058,0.3009709891,0.1329826477,-0.2207630052,0.006244336558,0.03832128523,0.006244336558,0.12,0.16,0,0,0
4.4,-0.1479771082,-0.102373594,-0.368308479,0.04701194164,-0.07492970727,0.9971888181,0.004999979167,0.9999875,0.5,0,1.316827567,1.552874724,-1.408383465,1.523777024,0.1617006423,-0.03390040603,0.08362555875,-1.296998919,1.649336143,1.275961233,1.337192571,0.1030370173,0.1828615313,-0.6066166459,0.03478719302,-0.388321772,0.3676597491,0.3479193626,-0.0628474455,-0.3321500066,0.1622851086,-0.1252883478,0,-0.1518112988,0.118107537,0.298529979,0.1329496109,-0.2194902232,0.006336241317,0.0383218101,0.006336241317,0.12,0.16,0,0,0
4.41,-0.1516495815,-0.1019041309,-0.3661770264,0.04687936312,-0.06994284734,0.9975510003,0.004999979167,0.9999875,0,0,1.317175438,1.548991506,-1.404706868,1.527256218,0.1610721678,-0.0372219061,0.08524840984,-1.298251802,1.649336143,1.27444312,1.338373647,0.1060223171,0.1841910274,-0.6088115481,0.1015630872,0.01926544889,-0.1266621532,0.3458459471,0.3869085732,-0.2541222616,-0.3059343331,-0.1245812592,0,-0.15122769,0.1178436194,0.2960509624,0.1328816656,-0.2181842202,0.005077649508,0.03832233259,0.005077649508,0.125,0.16,0,0,0
4.42,-0.1553004663,-0.101436033,-0.3639908461,0.04673891171,-0.06994284734,0.9975510003,0.004999979167,0.9999875,0,0,1.318191069,1.549184161,-1.40597349,1.530714678,0.1649412535,-0.03976312871,0.08218906651,-1.299497615,1.649336143,1.272930843,1.339552083,0.1089828267,0.1855198441,-0.6109933903,0.1004848537,0.01917596696,-0.1248341375,0.3437268451,0.3844604249,-0.2514640165,-0.3050110041,-0.1238594702,0,-0.1506150299,0.1175611857,0.2935345933,0.1327784428,-0.2168452636,0.005163419968,0.03830368967,0.005163419968,0.125,0.16,0,0,0
4.43,-0.158929217,-0.1009693788,-0.3617502391,0.04659063072,-0.06994284734,0.9975510003,0.004999979167,0.9999875,0,0,1.319195918,1.549375921,-1.407221831,1.534151946,0.1687858578,-0.04227776888,0.07913895647,-1.300736209,1.649336143,1.271424693,1.340727695,0.1119181727,0.1868476285,-0.613161843,0.09940480959,0.0190729001,-0.1229992929,0.3415648943,0.3819530139,-0.2487927492,-0.3040140277,-0.123123337,0,-0.1499733379,0.1172604709,0.2909815291,0.1326395929,-0.2154736271,0.005248821774,0.03828489174,0.005248821774,0.125,0.16,0,0,0
4.44,-0.1625352907,-0.1005042463,-0.359455521,0.04643456555,-0.06994284734,0.9975510003,0.004999979167,0.9999875,0,0,1.320189966,1.54956665,-1.408451824,1.537567595,0.1726053879,-0.04476569637,0.07609881619,-1.301967443,1.649336143,1.269924959,1.3419003,0.114827988,0.1881740245,-0.6153165792,0.098328802,0.01898925167,-0.1211976726,0.3393606816,0.3794228371,-0.2461027468,-0.3029811509,-0.1223732134,0,-0.1493026572,0.1169417114,0.2883924437,0.1324647878,-0.2140696048,0.005333801883,0.03826637011,0.005333801883,0.12,0.16,0,0,0
4.45,-0.1661181481,-0.1000407132,-0.3571070221,0.0462707637,-0.06994284734,0.9975510003,0.004999979167,0.9999875,0,0,1.321173254,1.549756542,-1.409663801,1.540961202,0.1763996163,-0.04722672384,0.07306900468,-1.303191175,1.649336143,1.268431933,1.343069717,0.1177119124,0.1894986723,-0.6174572753,0.09725177021,0.01889173565,-0.1193895172,0.3371147993,0.3768331761,-0.2434014041,-0.3018740156,-0.1216094577,0,-0.1486030215,0.1166051456,0.2857680007,0.1322537179,-0.212633483,0.005418416472,0.03824812583,0.005418416472,0.12,0.16,0,0,0
4.46,-0.169677253,-0.09957885666,-0.3547050873,0.0460992748,-0.06994284734,0.9975510003,0.004999979167,0.9999875,0,0,1.322145772,1.549945459,-1.410857696,1.54433235,0.1801679481,-0.04966073788,0.07005026452,-1.304407269,1.649336143,1.266945902,1.344235768,0.1205695924,0.1908212095,-0.6195836101,0.09617597663,0.01879156087,-0.1175886683,0.334827844,0.3741964955,-0.240687356,-0.3007053984,-0.1208324253,0,-0.1478744889,0.1162510135,0.2831088793,0.1320060955,-0.2111655678,0.005502612007,0.03823015979,0.005502612007,0.12,0.16,0,0,0
4.47,-0.1732120729,-0.09911875319,-0.3522500762,0.04592015057,-0.06994284734,0.9975510003,0.004999979167,0.9999875,0,0,1.323107531,1.550133375,-1.412033582,1.547680628,0.183909913,-0.05206761144,0.06704321054,-1.305615594,1.649336143,1.265467158,1.345398278,0.1234006812,0.1921412705,-0.6216952658,0.09510182793,0.01868874273,-0.1157954603,0.3325004175,0.3715129005,-0.2379614195,-0.2994752409,-0.1200464215,0,-0.1470990877,0.115879557,0.2804018847,0.1317197671,-0.2096510189,0.005586372169,0.03821247275,0.005586372169,0.12,0.16,0,0,0
4.48,-0.1767220789,-0.09866047892,-0.3497423629,0.04573344485,-0.06994284734,0.9975510003,0.004999979167,0.9999875,0,0,1.32405855,1.550320262,-1.413191537,1.551005632,0.187625042,-0.05444722564,0.06404845813,-1.306816058,1.649336143,1.263996167,1.346557074,0.1262047,0.1934584681,-0.623791776,0.09402972233,0.01858329372,-0.1140102148,0.3301331257,0.3687825078,-0.2352244048,-0.2981835065,-0.1192399439,0,-0.1463311569,0.1154910198,0.2776894722,0.1314001194,-0.2081357244,0.005669680902,0.0381950667,0.005669680902,0.12,0.16,0,0,0
4.49,-0.1802067458,-0.09820410938,-0.3471823364,0.04553921358,-0.06994284734,0.9975510003,0.004999979167,0.9999875,0,0,1.324998847,1.550506095,-1.414331639,1.554306964,0.1913128671,-0.05679946968,0.06106662307,-1.308008457,1.649336143,1.262532855,1.347711984,0.1289815948,0.1947724693,-0.6258731332,0.09296005005,0.01847522709,-0.1122332449,0.3277265795,0.3660054496,-0.232477114,-0.2968301855,-0.1184252161,0,-0.1455163663,0.1150856472,0.2749304179,0.1310413233,-0.2065743313,0.005752522403,0.03817793929,0.005752522403,0.12,0.16,0,0,0
4.5,-0.1836655526,-0.09774971954,-0.3445704002,0.04533751479,-0.06994284734,0.9975510003,0.004999979167,0.9999875,0,0,1.325928447,1.550690848,-1.415453972,1.557584229,0.1949729216,-0.05912424082,0.05809832121,-1.30919271,1.649336143,1.261077691,1.348862841,0.1317308989,0.1960828826,-0.6279388765,0.09189146368,0.01835343494,-0.1104517787,0.3252813941,0.3631697104,-0.2297228916,-0.2954025954,-0.1175986328,0,-0.1446730053,0.1146636865,0.2721394348,0.1306450344,-0.2049824413,0.005834881122,0.03816109227,0.005834881122,0.12,0.155,0,0,0
4.51,-0.1870979822,-0.09729738377,-0.3419069723,0.04512840866,-0.06994284734,0.9975510003,0.004999979167,0.9999875,0,0,1.326847362,1.550874382,-1.416558489,1.560837043,0.1986046187,-0.06142146974,0.05514429526,-1.310368696,1.649336143,1.259630961,1.350009477,0.1344522933,0.1973893329,-0.6299887009,0.09082958332,0.01825159203,-0.108705727,0.3227981892,0.3603122859,-0.2269548459,-0.2939392237,-0.1167605476,0,-0.1438011826,0.1142253867,0.269317219,0.1302110716,-0.203360398,0.005916704879,0.0381445258,0.005916704879,0.12,0.155,0,0,0
4.52,-0.1905035218,-0.09684717585,-0.3391924857,0.04491195742,-0.06994284734,0.9975510003,0.004999979167,0.9999875,0,0,1.327755658,1.551056898,-1.417645547,1.564065025,0.2022077416,-0.0636910182,0.05220490302,-1.311536301,1.649336143,1.25819295,1.351151731,0.1371454655,0.1986914436,-0.6320223049,0.08976946883,0.01813575579,-0.1069553711,0.320277589,0.3573961856,-0.2241814502,-0.2924013475,-0.1159113128,0,-0.1429010182,0.1137709985,0.26646447,0.1297392757,-0.2017085529,0.005998053372,0.03812823994,0.005998053372,0.12,0.155,0,0,0
4.53,-0.1938816632,-0.09639916889,-0.3364273877,0.04468822547,-0.06994284734,0.9975510003,0.004999979167,0.9999875,0,0,1.328653353,1.551238255,-1.4187151,1.567267801,0.2057817034,-0.0659328327,0.04928088954,-1.312695414,1.649336143,1.256763939,1.352289441,0.1398101102,0.1999888364,-0.6340393904,0.08871326537,0.01801735927,-0.1052144545,0.3177202218,0.3544341125,-0.2214008986,-0.2908021115,-0.1150512796,0,-0.1419726426,0.1133007744,0.2635818892,0.1292295095,-0.2000272646,0.006078873972,0.03811223456,0.006078873972,0.115,0.155,0,0,0
4.54,-0.1972319024,-0.09595343539,-0.3336121404,0.04445727926,-0.06994284734,0.9975510003,0.004999979167,0.9999875,0,0,1.329540485,1.551418429,-1.419767245,1.570445003,0.2093260445,-0.06814684169,0.04637286843,-1.313845927,1.649336143,1.255344213,1.353422449,0.1424459291,0.2012811315,-0.6360396631,0.08766132183,0.01789642379,-0.1034832526,0.3151267206,0.3514262888,-0.2186139456,-0.2891416467,-0.1141807989,0,-0.1410161941,0.112814969,0.2606701778,0.1286816576,-0.1983168959,0.006159152157,0.03809650945,0.006159152157,0.115,0.155,0,0,0
4.55,-0.2005537404,-0.09551004713,-0.3307472206,0.04421918737,-0.06994284734,0.9975510003,0.004999979167,0.9999875,0,0,1.330417099,1.551597393,-1.420802077,1.573596271,0.2128403074,-0.07033298114,0.04348145196,-1.314987735,1.649336143,1.253934051,1.354550599,0.1450526309,0.2025679481,-0.6380228321,0.08661397776,0.01777296756,-0.1017620272,0.3124977224,0.3483729504,-0.2158213362,-0.2874201075,-0.1133002163,0,-0.1400318365,0.1123138383,0.2577300498,0.1280956287,-0.196577829,0.006238873684,0.03808106421,0.006238873684,0.115,0.155,0,0,0
4.56,-0.2038466829,-0.09506907522,-0.3278331197,0.04397402051,-0.06994284734,0.9975510003,0.004999979167,0.9999875,0,0,1.331283238,1.551775123,-1.421819698,1.576721248,0.2163240369,-0.07249119451,0.04060725089,-1.316120737,1.649336143,1.252533733,1.355673737,0.1476299314,0.2038489043,-0.6399886103,0.08557156385,0.01764700964,-0.1000510316,0.3098338687,0.3452743517,-0.2130238047,-0.2856376764,-0.1124098813,0,-0.1390197224,0.1117976407,0.2547622043,0.1274713515,-0.1948104341,0.006318024576,0.03806589836,0.006318024576,0.115,0.155,0,0,0
4.57,-0.2071102406,-0.09463059006,-0.3248703436,0.04372185146,-0.06994284734,0.9975510003,0.004999979167,0.9999875,0.5,0,1.332138954,1.551951593,-1.422820208,1.579819586,0.2197767805,-0.07462143255,0.03775087412,-1.317244836,1.649336143,1.251143535,1.356791714,0.1501775534,0.2051236179,-0.6419367147,0.01958046859,-0.4136775251,0.3986252595,0.3071335354,-0.125741106,-0.3199435707,0.2063618176,-0.1115101377,0,-0.1379800304,0.1112666359,0.2517673523,0.1268087786,-0.1930151007,0.006396591124,0.03805101123,0.006396591124,0.115,0.155,0,0,0
4.58,-0.2103439292,-0.09419466128,-0.3218594131,0.04346275512,-0.06495423883,0.9978882437,0.004999979167,0.9999875,0,0,1.332334759,1.547814818,-1.418833955,1.582890922,0.2185193694,-0.07782086826,0.0398144923,-1.318359938,1.649336143,1.249763735,1.35790438,0.1526952269,0.2063917056,-0.6438668657,0.08373977308,0.01612186035,-0.09661159276,0.3044041712,0.3381508712,-0.2093797779,-0.2808268045,-0.1106013285,0,-0.1369129464,0.1107210861,0.2487462036,0.126107885,-0.1911922219,0.005040715324,0.0380358155,0.005040715324,0.12,0.155,0,0,0
4.59,-0.2135472701,-0.09376135779,-0.3188008635,0.0431968085,-0.06495423883,0.9978882437,0.004999979167,0.9999875,0,0,1.333172156,1.547976036,-1.419800071,1.585934964,0.2219008781,-0.07991466604,0.03700622425,-1.319465951,1.649336143,1.248394606,1.359011591,0.155182689,0.2076527845,-0.6457787879,0.08271208368,0.01600924829,-0.0949457837,0.3016396409,0.3349399223,-0.2065587278,-0.2788880101,-0.1096837948,0,-0.1358186673,0.1101612551,0.2456994681,0.1253686685,-0.1893421969,0.005113191665,0.03801507516,0.005113191665,0.12,0.155,0,0,0
4.6,-0.2167197896,-0.09333074769,-0.3156952447,0.04292409072,-0.06495423883,0.9978882437,0.004999979167,0.9999875,0,0,1.333999277,1.548136129,-1.420749529,1.58895136,0.2252502773,-0.08198025332,0.03421734415,-1.320562789,1.649336143,1.247036419,1.360113203,0.1576396836,0.2089064712,-0.6476722099,0.08168879749,0.01588297017,-0.09327796508,0.2988428623,0.3316726189,-0.2037379759,-0.2768764138,-0.1087578751,0,-0.1346974012,0.1095874088,0.2426278564,0.1245911494,-0.1874654312,0.005185120281,0.03799465744,0.005185120281,0.12,0.155,0,0,0
4.61,-0.21986102,-0.09290289828,-0.3125431214,0.04264468301,-0.06495423883,0.9978882437,0.004999979167,0.9999875,0,0,1.334816165,1.548294959,-1.421682309,1.591939789,0.2285670035,-0.08401763308,0.03144858002,-1.321650368,1.649336143,1.245689445,1.361209077,0.1600659622,0.2101523827,-0.6495468642,0.08067195165,0.01575447542,-0.091621526,0.2960144979,0.3283617179,-0.2009153195,-0.2748053363,-0.107823906,0,-0.1335493671,0.1089998151,0.2395320793,0.1237753709,-0.1855623365,0.005256451212,0.03797456259,0.005256451212,0.12,0.155,0,0,0
4.62,-0.222970499,-0.09247787605,-0.3093450728,0.04235866869,-0.06495423883,0.9978882437,0.004999979167,0.9999875,0,0,1.335622885,1.548452503,-1.422598524,1.594899934,0.2318506207,-0.08602678627,0.02870052665,-1.322728607,1.649336143,1.244353951,1.362299076,0.162461283,0.2113901364,-0.6514024876,0.07966182412,0.01562379123,-0.08997667152,0.2931552141,0.3250075896,-0.1980914211,-0.27267513,-0.1068822215,0,-0.1323747951,0.1083987439,0.2364128473,0.1229213988,-0.1836333307,0.005327172733,0.03795479069,0.005327172733,0.115,0.155,0,0,0
4.63,-0.2260477703,-0.09205574664,-0.3061016929,0.04206613319,-0.06495423883,0.9978882437,0.004999979167,0.9999875,0,0,1.336419503,1.548608741,-1.423498291,1.597831486,0.2351006966,-0.08800770048,0.02597377535,-1.323797429,1.649336143,1.243030203,1.363383063,0.1648254115,0.2126193504,-0.6532388209,0.07779465913,0.009634974372,-0.08170036429,0.2902656239,0.3152962548,-0.1968715794,-0.2638530465,-0.1059331532,0,-0.1311739266,0.1077844674,0.2332708705,0.1220293219,-0.1816788372,0.005397273398,0.03793534172,0.005397273398,0.115,0.155,0,0,0
4.64,-0.2290923837,-0.09163657483,-0.3028135901,0.04176716407,-0.06495423883,0.9978882437,0.004999979167,0.9999875,0,0,1.33719745,1.548705091,-1.424315294,1.600734142,0.2382536591,-0.08997641628,0.02333524489,-1.32485676,1.649336143,1.241718464,1.364460908,0.1671581202,0.2138396436,-0.6550556092,0.07584450855,0.002931527712,-0.07268226907,0.287346453,0.3047969931,-0.1959105655,-0.2541803941,-0.1049770301,0,-0.1299470136,0.1071572597,0.2301068587,0.1210992515,-0.1796992856,0.005447233989,0.03791621554,0.005447233989,0.115,0.155,0,0,0
4.65,-0.2321038951,-0.09122042451,-0.2994813877,0.04146185097,-0.06495423883,0.9978882437,0.004999979167,0.9999875,0,0,1.337955895,1.548734406,-1.425042117,1.603607606,0.2413016291,-0.09193552193,0.02079344095,-1.325906531,1.649336143,1.240418994,1.36553248,0.1694591888,0.2150506361,-0.6568526021,0.07489494285,0.002925076428,-0.07129354892,0.2843984529,0.3014867887,-0.1931352086,-0.2520430086,-0.1040141792,0,-0.1286943162,0.1065173971,0.2269215183,0.1201313215,-0.1776951081,0.005474645846,0.03789741186,0.005474645846,0.115,0.155,0,0,0
4.66,-0.2350818666,-0.09080735865,-0.2961057235,0.04115028565,-0.06495423883,0.9978882437,0.004999979167,0.9999875,0,0,1.338704844,1.548763657,-1.425755053,1.606451591,0.244316497,-0.09386687402,0.01827301086,-1.326946673,1.649336143,1.239132051,1.366597654,0.1717284039,0.2162519493,-0.6586295532,0.07395075965,0.002906416885,-0.06990302784,0.2814222406,0.2981233006,-0.1903611345,-0.2498362899,-0.1030449218,0,-0.1274161186,0.1058651584,0.2237155647,0.1191256901,-0.1756667541,0.005501807482,0.0378789303,0.005501807482,0.115,0.155,0,0,0
4.67,-0.2380258669,-0.09039743932,-0.29268725,0.04083256197,-0.06495423883,0.9978882437,0.004999979167,0.9999875,0,0,1.339444352,1.548792721,-1.426454083,1.609265813,0.24729773,-0.09577048536,0.01577464796,-1.327977122,1.649336143,1.23785789,1.367656306,0.1739655596,0.2174432062,-0.6603862207,0.07301720681,0.002909934321,-0.06854959468,0.2784185035,0.2947439334,-0.1875792154,-0.2475995633,-0.1020695809,0,-0.1261126961,0.1052008244,0.2204896969,0.1180825356,-0.1736146612,0.005528676128,0.03786077034,0.005528676128,0.115,0.155,0,0,0
4.68,-0.2409354711,-0.08999072762,-0.2892266344,0.04050877591,-0.06495423883,0.9978882437,0.004999979167,0.9999875,0,0,1.340174524,1.548821821,-1.427139579,1.612049998,0.2502451693,-0.09764627752,0.01329865233,-1.328997818,1.649336143,1.236596763,1.368708314,0.1761704566,0.2186240316,-0.6621223673,0.07208944992,0.002900894646,-0.06719422611,0.2753879331,0.2913117907,-0.1847998364,-0.2452940243,-0.1010884737,0,-0.1247843482,0.1045246782,0.217244623,0.1170020606,-0.1715392842,0.005555323827,0.03784293137,0.005555323827,0.115,0.155,0,0,0
4.69,-0.2438102614,-0.08958728368,-0.2857245584,0.04017902554,-0.06495423883,0.9978882437,0.004999979167,0.9999875,0,0,1.340895418,1.54885083,-1.427811521,1.614803878,0.2531582872,-0.09949427588,0.01084571209,-1.330008702,1.649336143,1.235348919,1.369753561,0.1783429028,0.2197940522,-0.6638377602,0.07116941105,0.002890932471,-0.06585018519,0.2723312251,0.287839869,-0.1820203133,-0.2429333382,-0.1001019151,0,-0.1234313823,0.1038370055,0.2139810468,0.1158844897,-0.1694410801,0.005581706969,0.03782541265,0.005581706969,0.115,0.155,0,0,0
4.7,-0.2466498264,-0.08918716666,-0.2821817185,0.03984341105,-0.06495423883,0.9978882437,0.004999979167,0.9999875,0,0,1.341607112,1.548879739,-1.428470023,1.61752719,0.2560366859,-0.101314479,0.008416378705,-1.331009721,1.649336143,1.234114605,1.370791931,0.1804827133,0.2209528971,-0.665532171,0.07025729987,0.002880026144,-0.06451757107,0.2692490796,0.2843286447,-0.1792412229,-0.2405180129,-0.09911472214,0,-0.1220358486,0.1031380943,0.210686168,0.1147272419,-0.1673048088,0.005607820876,0.03780821334,0.005607820876,0.115,0.155,0,0,0
4.71,-0.2494537622,-0.08879043467,-0.2785988257,0.03950203474,-0.06495423883,0.9978882437,0.004999979167,0.9999875,0,0,1.342309685,1.548908539,-1.429115199,1.620219681,0.2588799723,-0.1031068912,0.006011198575,-1.332000869,1.649336143,1.232894247,1.371823312,0.1825895749,0.2221001695,-0.6672052191,0.06935331614,0.002868150463,-0.06319646987,0.2661422009,0.2807786114,-0.1764631318,-0.238048581,-0.09811367896,0,-0.1206529986,0.1024282348,0.2074013047,0.1135390554,-0.1651781343,0.005633660945,0.03779133434,0.005633660945,0.115,0.155,0,0,0
4.72,-0.2522216719,-0.08839714482,-0.2749766058,0.03915500099,-0.06495423883,0.9978882437,0.004999979167,0.9999875,0,0,1.343003218,1.548937221,-1.429747163,1.622881103,0.2616877585,-0.1048715226,0.003630712765,-1.332982005,1.649336143,1.231687717,1.372847594,0.184663588,0.2232355601,-0.6688570004,0.06845765039,0.002855281377,-0.06188695992,0.2630112978,0.2771902844,-0.1736865949,-0.2355256041,-0.09711262555,0,-0.1192281288,0.1017077201,0.2040864257,0.1123117699,-0.1630142438,0.005659222632,0.03777477087,0.005659222632,0.115,0.155,0,0,0
4.73,-0.2549531657,-0.08800735315,-0.271315799,0.03880241632,-0.06495423883,0.9978882437,0.004999979167,0.9999875,0,0,1.343687795,1.548965773,-1.430366033,1.625511216,0.2644596613,-0.1066083885,0.001275456725,-1.333953132,1.649336143,1.230495436,1.373864671,0.1867044522,0.2243586778,-0.6704871428,0.06757048393,0.002841396037,-0.06058911183,0.2598570833,0.2735642015,-0.170912155,-0.2329496734,-0.09610735012,0,-0.1177799789,0.1009768456,0.2007558422,0.1110485107,-0.1608294079,0.005684501451,0.03775852368,0.005684501451,0.115,0.155,0,0,0
4.74,-0.2576478617,-0.08762111464,-0.2676171606,0.03844438934,-0.06495423883,0.9978882437,0.004999979167,0.9999875,0,0,1.3443635,1.548994187,-1.430971924,1.628109787,0.2671953033,-0.1083175101,-0.001054040009,-1.334914205,1.649336143,1.229317636,1.37487444,0.1887120107,0.2254691629,-0.6720954369,0.06669036898,0.002814916169,-0.05929022817,0.256680275,0.2698886091,-0.1681439162,-0.2303084155,-0.09509815327,0,-0.1163089066,0.1002359095,0.1974102458,0.1097496131,-0.1586241069,0.005709492972,0.0377425915,0.005709492972,0.115,0.155,0,0,0
4.75,-0.2603053854,-0.08723848314,-0.26388146,0.03808103077,-0.06495423883,0.9978882437,0.004999979167,0.9999875,0,0,1.345030403,1.549022337,-1.431564826,1.630676589,0.2698941894,-0.1099989492,-0.003357124165,-1.335865187,1.649336143,1.228154547,1.375876799,0.1906861131,0.226566659,-0.673681678,0.06582237658,0.002810788781,-0.05802900149,0.2534815952,0.2662013599,-0.1653716196,-0.2276418049,-0.09408532863,0,-0.1148152958,0.09948521254,0.1940503372,0.1084154366,-0.1563988391,0.005734154184,0.03772697301,0.005734154184,0.115,0.155,0,0,0
4.76,-0.26292537,-0.08685951142,-0.2601094816,0.03771245343,-0.06495423883,0.9978882437,0.004999979167,0.9999875,0,0,1.345688627,1.549050444,-1.432145116,1.633211405,0.272556203,-0.1116526654,-0.005633542213,-1.33680604,1.649336143,1.227006394,1.376871651,0.1926266165,0.2276508134,-0.6752456664,0.06496170357,0.002793729243,-0.05676648234,0.2502617704,0.262465458,-0.1626066068,-0.2249108521,-0.09306917249,0,-0.1132995178,0.09872505818,0.1906767977,0.1070463586,-0.1541540884,0.005758559047,0.03771166677,0.005758559047,0.115,0.155,0,0,0
4.77,-0.2655074568,-0.08648425108,-0.2563020244,0.03733877227,-0.06495423883,0.9978882437,0.004999979167,0.9999875,0,0,1.346338244,1.549078382,-1.432712781,1.635714023,0.2751808576,-0.1132787315,-0.007882650734,-1.337736732,1.649336143,1.225873399,1.377858902,0.1945333845,0.2287212769,-0.6767872073,0.06411016297,0.00277557006,-0.05551582514,0.2470215321,0.2586941705,-0.1598457442,-0.2221295983,-0.09204997415,0,-0.1117619704,0.09795575265,0.187290318,0.1056427805,-0.1518903571,0.005782663682,0.03769667127,0.005782663682,0.115,0.155,0,0,0
4.78,-0.2680512949,-0.08611275259,-0.2524599019,0.03696010431,-0.06495423883,0.9978882437,0.004999979167,0.9999875,0,0,1.346979346,1.549106137,-1.433267939,1.638184238,0.2777677993,-0.1148771889,-0.01010394672,-1.338657231,1.649336143,1.224755779,1.378838459,0.1964062876,0.2297777047,-0.6783061108,0.06326789135,0.002756300358,-0.05427706811,0.2437616164,0.2548881538,-0.1570895129,-0.2192987871,-0.09102802078,0,-0.1102030579,0.09717760502,0.1838915834,0.1042051246,-0.149608149,0.005806463886,0.03768198492,0.005806463886,0.115,0.155,0,0,0
4.79,-0.270556542,-0.08574506522,-0.2485839425,0.03657656871,-0.06495423883,0.9978882437,0.004999979167,0.9999875,0,0,1.347612025,1.5491337,-1.43381071,1.640621855,0.2803166808,-0.1164480841,-0.01229693459,-1.339567512,1.649336143,1.223653748,1.379810235,0.1982452035,0.230819756,-0.6798021923,0.06243501563,0.002735905523,-0.05305023621,0.2404827643,0.2510480813,-0.1543383833,-0.2164191855,-0.09000359646,0,-0.1086231951,0.0963909272,0.1804812767,0.102733834,-0.1473079735,0.005829216749,0.03766760603,0.005829216749,0.115,0.155,0,0,0
4.8,-0.2730228638,-0.08538123704,-0.2446749889,0.03618828673,-0.06495423883,0.9978882437,0.004999979167,0.9999875,0,0,1.348236375,1.549161059,-1.434341213,1.643026682,0.2828271616,-0.1179914679,-0.01446112644,-1.340467548,1.649336143,1.222567516,1.380774144,0.2000500162,0.2318470943,-0.6812752721,0.0616116539,0.002714372465,-0.051835347,0.2371857216,0.2471746493,-0.151592814,-0.2134915892,-0.08897698223,0,-0.1070228075,0.09559603404,0.1770600787,0.101229373,-0.1449903447,0.005850333939,0.03765353285,0.005850333939,0.115,0.155,0,0,0
4.81,-0.2754499347,-0.0850213149,-0.2407338988,0.03579538172,-0.06495423883,0.9978882437,0.004999979167,0.9999875,0,0,1.348852492,1.549188203,-1.434859566,1.645398539,0.2852989081,-0.119507396,-0.01659604233,-1.341357317,1.649336143,1.221497288,1.381730105,0.201820617,0.2328593881,-0.6827251755,0.06079791552,0.002691689651,-0.05063241074,0.2338712392,0.2432685771,-0.1488532514,-0.210516823,-0.08794845609,0,-0.1054023311,0.09479324335,0.1736286675,0.09969222664,-0.1426557823,0.005871178462,0.03763976356,0.005871178462,0.115,0.155,0,0,0
4.82,-0.2778374376,-0.0846653444,-0.2367615442,0.03539797915,-0.06495423883,0.9978882437,0.004999979167,0.9999875,0,0,1.349460471,1.54921512,-1.43536589,1.647737252,0.2877315939,-0.1209959285,-0.01870121056,-1.342236802,1.649336143,1.220443265,1.382678037,0.2035569037,0.2338563103,-0.6841517333,0.05999230947,0.002656125348,-0.04942871013,0.2305400732,0.2393182172,-0.1461240156,-0.207482627,-0.08691829309,0,-0.1037622122,0.09398287595,0.170187719,0.09812290027,-0.1403048109,0.005891746444,0.03762629627,0.005891746444,0.115,0.155,0,0,0
4.83,-0.2801850643,-0.08431336988,-0.2327588121,0.0349962066,-0.06495423883,0.9978882437,0.004999979167,0.9999875,0,0,1.350060394,1.549241681,-1.435860177,1.650042653,0.2901247761,-0.1224571687,-0.02077603683,-1.343105985,1.649336143,1.219405643,1.383617866,0.2052587809,0.2348375393,-0.6855547814,0.05919975118,0.002643149103,-0.0482627661,0.2271929848,0.2353618458,-0.1433937984,-0.2044295802,-0.08588676627,0,-0.1021029039,0.09316525577,0.1667379042,0.09652191908,-0.1379379573,0.005911995042,0.037613129,0.005911995042,0.115,0.155,0,0,0
4.84,-0.2824925155,-0.0839654344,-0.228726604,0.03459019375,-0.06495423883,0.9978882437,0.004999979167,0.9999875,0,0,1.350652391,1.549268113,-1.436342805,1.652314582,0.2924783945,-0.1238911067,-0.02282033264,-1.343964853,1.649336143,1.218384614,1.384549519,0.2069261599,0.2358027585,-0.686934161,0.05841545275,0.002616963851,-0.04709567647,0.2238307404,0.2313623974,-0.1406748137,-0.2013185381,-0.08485414211,0,-0.1004248839,0.09234070981,0.1632799021,0.09488983076,-0.1355557661,0.005931999556,0.03760025973,0.005931999556,0.115,0.155,0,0,0
4.85,-0.2847595012,-0.0836215797,-0.2246658358,0.03418007239,-0.06495423883,0.9978882437,0.004999979167,0.9999875,0,0,1.351236546,1.549294282,-1.436813762,1.65455289,0.2947920185,-0.1252978548,-0.02483351802,-1.344813394,1.649336143,1.217380365,1.385472926,0.208558959,0.2367516568,-0.6882897187,0.05764112917,0.002589593158,-0.04594050325,0.2204541123,0.2273334092,-0.1379635052,-0.1981639039,-0.08382068991,0,-0.09872861862,0.0915095683,0.1598143739,0.09322719902,-0.1331587682,0.005951716216,0.03758768638,0.005951716216,0.115,0.155,0,0,0
4.86,-0.2869857402,-0.0832818462,-0.2205774385,0.03376597641,-0.06495423883,0.9978882437,0.004999979167,0.9999875,0,0,1.351812957,1.549320178,-1.437273167,1.656757431,0.2970653526,-0.1266774899,-0.02681515706,-1.345651601,1.649336143,1.216393079,1.386388021,0.2101571027,0.2376839288,-0.6896213064,0.05687684868,0.002561039751,-0.0447972281,0.2170638779,0.2232757216,-0.1352602589,-0.1949666508,-0.08278667247,0,-0.09701459906,0.09067216464,0.1563419893,0.09153460966,-0.1307475127,0.005971141343,0.03757540682,0.005971141343,0.115,0.155,0,0,0
4.87,-0.289170961,-0.08294627297,-0.2164623573,0.03334804183,-0.06495423883,0.9978882437,0.004999979167,0.9999875,0,0,1.352381726,1.549345789,-1.437721139,1.65892807,0.2992981098,-0.1280300925,-0.02876482356,-1.346479468,1.649336143,1.215422933,1.387294743,0.2117205226,0.2385992749,-0.6909287815,0.05612267076,0.002531302101,-0.04366581949,0.2136608205,0.2191901915,-0.1325654517,-0.1917277733,-0.08175235097,0,-0.09528332269,0.08982883554,0.1528634132,0.08981266713,-0.1283225509,0.005990271336,0.03756341884,0.005990271336,0.115,0.155,0,0,0
4.88,-0.2913149016,-0.0826148977,-0.2123215525,0.03292640674,-0.06495423883,0.9978882437,0.004999979167,0.9999875,0,0,1.352942952,1.549371102,-1.438157797,1.661064678,0.3014900117,-0.129355747,-0.0306821013,-1.347296991,1.649336143,1.2144701,1.388193031,0.2132491567,0.2394974016,-0.692212007,0.05537864709,0.002500380431,-0.04254623939,0.2102457294,0.2150776986,-0.1298794493,-0.1884482932,-0.08071798402,0,-0.09353529698,0.08897992101,0.1493793084,0.08806199489,-0.1258844392,0.006009102655,0.0375517202,0.006009102655,0.115,0.155,0,0,0
4.89,-0.2934173095,-0.0822877567,-0.2081559986,0.03250121136,-0.06495423883,0.9978882437,0.004999979167,0.9999875,0,0,1.353496739,1.549396106,-1.43858326,1.663167135,0.3036407887,-0.1306545415,-0.03256658423,-1.348104171,1.649336143,1.213534747,1.389082831,0.2147429498,0.2403780215,-0.6934708514,0.0546448217,0.002468276726,-0.04143844339,0.2068193998,0.2109391455,-0.1272026066,-0.1851292597,-0.07968382781,0,-0.09177103936,0.08812576445,0.1458903363,0.08628323514,-0.1234337401,0.006027631828,0.03754030863,0.006027631828,0.115,0.155,0,0,0
4.9,-0.2954779423,-0.08196488487,-0.2039666851,0.03207259803,-0.06495423883,0.9978882437,0.004999979167,0.9999875,0,0,1.354043187,1.549420788,-1.438997644,1.665235329,0.3057501802,-0.1319265675,-0.03441787683,-1.348901009,1.649336143,1.212617036,1.389964088,0.2162018532,0.2412408539,-0.6947051888,0.05391967235,0.002423201628,-0.04032977739,0.2033826329,0.206763084,-0.1245394062,-0.1817586173,-0.07865013715,0,-0.08999107371,0.08726671264,0.1423971538,0.08447704786,-0.1209710181,0.006045855447,0.03752918179,0.006045855447,0.115,0.15,0,0,0
4.91,-0.2974965674,-0.08164631565,-0.1997546159,0.03164071116,-0.06495423883,0.9978882437,0.004999979167,0.9999875,0,0,1.354582384,1.54944502,-1.439400942,1.667269156,0.307817811,-0.1331719616,-0.036235463,-1.349687511,1.649336143,1.211717126,1.390836755,0.2176258247,0.2420856244,-0.695914899,0.053207954,0.002400875652,-0.03925837544,0.1999362363,0.2025879443,-0.1218776759,-0.1783772453,-0.07761716096,0,-0.08819594751,0.08640311587,0.1389004264,0.08264411379,-0.1184968558,0.006063730857,0.03751833731,0.006063730857,0.115,0.15,0,0,0
4.92,-0.2994729622,-0.08133208107,-0.1955208097,0.03120569731,-0.06495423883,0.9978882437,0.004999979167,0.9999875,0,0,1.355114463,1.549469029,-1.439793525,1.669268518,0.3098436905,-0.1343907384,-0.03801923545,-1.350463682,1.649336143,1.210835166,1.391700786,0.219014829,0.2429120655,-0.6970998675,0.05250491423,0.002365256647,-0.03818560345,0.1964810243,0.1983768523,-0.1192303364,-0.174946117,-0.07658515164,0,-0.08638619707,0.08553532788,0.135400803,0.08078512758,-0.1160118232,0.006081334552,0.03750777279,0.006081334552,0.115,0.15,0,0,0
4.93,-0.3014069146,-0.08102221164,-0.1912662997,0.0307677051,-0.06495423883,0.9978882437,0.004999979167,0.9999875,0,0,1.355639512,1.549492682,-1.440175382,1.671233328,0.311827459,-0.1355830417,-0.03976869662,-1.351229534,1.649336143,1.209971304,1.39255614,0.220368837,0.2437199168,-0.6982599858,0.05181217577,0.002328474644,-0.03712437036,0.1930178175,0.1941435292,-0.1165934768,-0.1714798925,-0.07555435595,0,-0.08456238235,0.08466370602,0.1318989417,0.07890080406,-0.1135165081,0.006098622919,0.03749748581,0.006098622919,0.115,0.15,0,0,0
4.94,-0.3032982227,-0.08071673639,-0.186992134,0.0303268853,-0.06495423883,0.9978882437,0.004999979167,0.9999875,0,0,1.356157634,1.549515966,-1.440546625,1.673163506,0.3137688943,-0.1367489765,-0.04148349555,-1.351985077,1.649336143,1.20912568,1.393402777,0.2216878264,0.2445089248,-0.6993951508,0.05112974849,0.002290547527,-0.03607460991,0.1895474435,0.1898889975,-0.1139674002,-0.1679797612,-0.07452501977,0,-0.08272506935,0.08378861121,0.1283954968,0.0769918746,-0.1110115015,0.006115592834,0.03748747388,0.006115592834,0.115,0.15,0,0,0
4.95,-0.3051466953,-0.08041568285,-0.182699375,0.02988339077,-0.06495423883,0.9978882437,0.004999979167,0.9999875,0,0,1.356668932,1.549538872,-1.440907371,1.675058981,0.3156677842,-0.1378886505,-0.04316329316,-1.352730328,1.649336143,1.20829843,1.394240663,0.2229717814,0.2452788436,-0.7005052658,0.050457635,0.002251488047,-0.03503624314,0.1860707368,0.1856142947,-0.111352403,-0.1644469303,-0.07349738736,0,-0.0808748335,0.08291040799,0.124891122,0.07505908745,-0.1084974001,0.00613224128,0.03747773454,0.00613224128,0.115,0.15,0,0,0
4.96,-0.3069521518,-0.08011907697,-0.1783891001,0.02943737646,-0.06495423883,0.9978882437,0.004999979167,0.9999875,0,0,1.357173508,1.549561387,-1.441257734,1.676919688,0.3175239272,-0.1390021745,-0.04480776246,-1.353465301,1.649336143,1.207489681,1.395069767,0.2242206926,0.2460294344,-0.7015902398,0.04979583178,0.002211310743,-0.03400918608,0.1825885394,0.1813204802,-0.1087487734,-0.1608826325,-0.07247170149,0,-0.07901225962,0.08202946463,0.1213864701,0.07310320741,-0.1059748067,0.006148565327,0.03746826525,0.006148565327,0.115,0.15,0,0,0
4.97,-0.3087144225,-0.07982694319,-0.174062401,0.02898899945,-0.06495423883,0.9978882437,0.004999979167,0.9999875,0,0,1.357671466,1.5495835,-1.441597826,1.678745573,0.319337132,-0.1400896623,-0.04641658879,-1.354190018,1.649336143,1.206699559,1.395890062,0.2254345573,0.2467604665,-0.7026499879,0.04914276827,0.002157986758,-0.03298062681,0.1791017002,0.1769960725,-0.1061611921,-0.1572747609,-0.07144820449,0,-0.07713793852,0.08114615307,0.1178821916,0.07112501486,-0.1034443273,0.006164562137,0.03745906351,0.006164562137,0.115,0.15,0,0,0
4.98,-0.3104333487,-0.07953930433,-0.1697203844,0.02853841892,-0.06495423883,0.9978882437,0.004999979167,0.9999875,0,0,1.358162894,1.54960508,-1.441927632,1.68053659,0.3211070927,-0.1411512742,-0.0479893364,-1.3549045,1.649336143,1.205928179,1.396701523,0.2266133792,0.2474717167,-0.7036844312,0.04850316545,0.002128043112,-0.03198905464,0.1756110761,0.1726802634,-0.1035766141,-0.1536651103,-0.07042713397,0,-0.07525248337,0.08026084906,0.1143789459,0.06912530863,-0.1009065858,0.006180188758,0.03745012675,0.006180188758,0.115,0.15,0,0,0
4.99,-0.3121087829,-0.07925618162,-0.1653641714,0.02808579616,-0.06495423883,0.9978882437,0.004999979167,0.9999875,0,0,1.358647926,1.54962636,-1.442247522,1.682292701,0.3228338954,-0.1421870403,-0.0495259875,-1.355608772,1.649336143,1.205175654,1.397504132,0.2277571687,0.2481629698,-0.704693497,0.04787221497,0.002084619752,-0.03099537666,0.1721175316,0.168335692,-0.1010087335,-0.1500140557,-0.06940873199,0,-0.07335649651,0.07937393213,0.1108773787,0.06710489915,-0.09836219495,0.006195524205,0.03744145242,0.006195524205,0.115,0.15,0,0,0
5,-0.3137405886,-0.07897759467,-0.1609948977,0.02763129455,-0.06495423883,0.9978882437,0.004999979167,0.9999875,0,0,1.359126648,1.549647206,-1.442557476,1.684013877,0.3245172523,-0.1431971277,-0.05102612805,-1.356302859,1.649336143,1.204442089,1.398297871,0.2288659425,0.2488340187,-0.705677119,0.04725150402,0.002040146177,-0.03001261805,0.1686219392,0.163976457,-0.09845329922,-0.1463367003,-0.06839323621,0,-0.07145060266,0.07848578565,0.1073781454,0.06506461461,-0.0958117855,0.006210524493,0.03743303794,0.006210524493,0.115,0.15,0,0,0
5.01,-0.3153286411,-0.07870356144,-0.1566137139,0.02717507961,-0.06495423883,0.9978882437,0.004999979167,0.9999875,0,0,1.359599163,1.549667608,-1.442857602,1.685700096,0.3261570168,-0.1441816606,-0.05248949506,-1.356986792,1.649336143,1.203727583,1.399082729,0.2299397239,0.2494846649,-0.7066352369,0.04664100376,0.001994654067,-0.02904068209,0.1651251798,0.1596037349,-0.09591056029,-0.1426344068,-0.06738088459,0,-0.06953543205,0.07759679688,0.1038818998,0.06300529736,-0.09325599192,0.006225187159,0.03742488074,0.006225187159,0.115,0.15,0,0,0
5.02,-0.3168728271,-0.07843409823,-0.1522217851,0.02671731893,-0.06495423883,0.9978882437,0.004999979167,0.9999875,0,0,1.360065573,1.549687554,-1.443148009,1.687351348,0.3277530542,-0.1451407662,-0.05391583913,-1.3576606,1.649336143,1.203032229,1.399858697,0.2309785429,0.2501147179,-0.7075677968,0.04604067984,0.001948168415,-0.02807945968,0.1616281426,0.1552187151,-0.09338076318,-0.1389085515,-0.06637702472,0,-0.06759309637,0.07670735702,0.1003762038,0.06092406593,-0.09067912057,0.006239509876,0.03741697824,0.006239509876,0.115,0.15,0,0,0
5.03,-0.3183730449,-0.07816921965,-0.147820291,0.02625818223,-0.06495423883,0.9978882437,0.004999979167,0.9999875,0,0,1.36052598,1.549707036,-1.443428804,1.688967629,0.3293052413,-0.1460745739,-0.05530492464,-1.358324371,1.649336143,1.202356298,1.40062577,0.231982305,0.2507239585,-0.708474588,0.04545049384,0.001900715873,-0.02712883851,0.1581317256,0.1508226076,-0.0908641492,-0.1351605333,-0.06536655391,0,-0.06567990753,0.07581786111,0.09690106347,0.05883300423,-0.0881308849,0.006251950529,0.03740932932,0.006251950529,0.115,0.15,0,0,0
5.04,-0.319829205,-0.0779089386,-0.143410426,0.02579784133,-0.06495423883,0.9978882437,0.004999979167,0.9999875,0,0,1.360980485,1.549726043,-1.443700092,1.690548946,0.3308134674,-0.1469832154,-0.05665652997,-1.358978036,1.649336143,1.201699499,1.401383949,0.2329513156,0.2513122886,-0.7093558968,0.04486886758,0.001840282129,-0.02617611132,0.1546368355,0.1464041501,-0.08836550106,-0.1313784541,-0.06436505871,0,-0.06374077831,0.07492870835,0.09341771626,0.05672178636,-0.08556281504,0.006261502293,0.03740192844,0.006261502293,0.115,0.15,0,0,0
5.05,-0.3212412296,-0.07765326626,-0.1389933992,0.02533647016,-0.06495423883,0.9978882437,0.004999979167,0.9999875,0,0,1.361429173,1.549744446,-1.443961853,1.692095315,0.3322775089,-0.1478668704,-0.05797031451,-1.359621687,1.649336143,1.201062091,1.402133236,0.2338854928,0.2518795064,-0.710211525,0.04430042018,0.00180344658,-0.02525939335,0.1511443885,0.1420025209,-0.08587127213,-0.1276041865,-0.06336765901,0,-0.06179497616,0.07404030183,0.08993998186,0.05459504461,-0.08299196258,0.006270785329,0.03739477449,0.006270785329,0.115,0.15,0,0,0
5.06,-0.3226090532,-0.07740221205,-0.1345704342,0.02487424476,-0.06495423883,0.9978882437,0.004999979167,0.9999875,0,0,1.361872177,1.549762481,-1.444214447,1.693606759,0.3336975341,-0.1487255831,-0.05924635638,-1.360255363,1.649336143,1.200444142,1.402873639,0.2347848926,0.2524254569,-0.7110414446,0.04374038159,0.001753273283,-0.02433987682,0.14765531,0.1375806228,-0.08339560906,-0.123798297,-0.06237459195,0,-0.0598431781,0.07315304876,0.08646852483,0.05245369035,-0.08041899958,0.006279873854,0.0373878649,0.006279873854,0.115,0.15,0,0,0
5.07,-0.3239326226,-0.07715578362,-0.1301427694,0.02441134326,-0.06495423883,0.9978882437,0.004999979167,0.9999875,0,0,1.362309581,1.549780013,-1.444457846,1.695083312,0.3350733404,-0.1495595392,-0.06048433935,-1.360879109,1.649336143,1.19984571,1.40360517,0.2356495778,0.2529499938,-0.7118456346,0.04319029172,0.001702245715,-0.02343047586,0.1441705352,0.1331526744,-0.08093405816,-0.119976047,-0.06138609756,0,-0.05788606165,0.07226736039,0.08300400688,0.05029864581,-0.07784459841,0.006288725608,0.0373811971,0.006288725608,0.115,0.15,0,0,0
5.08,-0.3252118971,-0.07691398683,-0.1257116577,0.02394794592,-0.06495423883,0.9978882437,0.004999979167,0.9999875,0,0,1.362741484,1.549797036,-1.444692151,1.696525017,0.3364048671,-0.1503688798,-0.06168409982,-1.36149297,1.649336143,1.199266849,1.404327843,0.2364796179,0.2534529802,-0.7126240806,0.04265009805,0.001650408355,-0.02253107726,0.140691009,0.1287199986,-0.07848683999,-0.1161389533,-0.06040241252,0,-0.0559243279,0.07138365211,0.07954710357,0.04813084849,-0.07526945239,0.006297337758,0.03737476852,0.006297337758,0.115,0.15,0,0,0
5.09,-0.3264468485,-0.07667682574,-0.1212783669,0.02348423508,-0.06495423883,0.9978882437,0.004999979167,0.9999875,0,0,1.363167985,1.54981354,-1.444917462,1.697931927,0.3376920671,-0.1511537482,-0.06284548935,-1.362096994,1.649336143,1.198707606,1.40504168,0.2372750889,0.2539342887,-0.7133767751,0.04211974478,0.001597797064,-0.021641556,0.1372176868,0.1242839282,-0.07605417737,-0.1122885411,-0.05942378129,0,-0.05395866252,0.07050234348,0.07609847729,0.04595124271,-0.07269424148,0.006305707651,0.03736857662,0.006305707651,0.115,0.15,0,0,0
5.1,-0.3276374614,-0.07644430256,-0.1168441791,0.02302039522,-0.06495423883,0.9978882437,0.004999979167,0.9999875,0,0,1.363589183,1.549829518,-1.445133877,1.699304104,0.3389349064,-0.1519142899,-0.06396837476,-1.362691232,1.649336143,1.198168019,1.405746703,0.2380360737,0.2543938011,-0.7141037175,0.04159764539,0.001532327277,-0.02074920553,0.1337515343,0.1198332909,-0.07364097122,-0.1084129786,-0.05845044536,0,-0.05198977484,0.06962385819,0.07265880526,0.04376078729,-0.0701196671,0.006313832789,0.03736261884,0.006313832789,0.115,0.15,0,0,0
5.11,-0.3287837334,-0.07621641765,-0.1124103914,0.0225566129,-0.06495423883,0.9978882437,0.004999979167,0.9999875,0,0,1.364005159,1.549844841,-1.445341369,1.700641619,0.3401332393,-0.1526506997,-0.06505250455,-1.363275737,1.649336143,1.197648121,1.406442942,0.2387626618,0.254831409,-0.7148049142,0.04108839251,0.001490891726,-0.01989216221,0.1302935279,0.1154075439,-0.07123323254,-0.1045545043,-0.05748264909,0,-0.05001837802,0.06874862417,0.06922876598,0.04156045105,-0.0675464348,0.006321672545,0.03735689266,0.006321672545,0.115,0.15,0,0,0
5.12,-0.329885675,-0.07599316948,-0.1079783152,0.0220930768,-0.06495423883,0.9978882437,0.004999979167,0.9999875,0,0,1.364416043,1.54985975,-1.445540291,1.701944555,0.3412873147,-0.153363032,-0.06609804959,-1.363850563,1.649336143,1.197147938,1.407130428,0.2394549494,0.2552470135,-0.7154803785,0.04058721176,0.001436192996,-0.01903151995,0.1268446551,0.110969485,-0.06884556481,-0.1006734882,-0.05652063983,0,-0.04804518922,0.06787707357,0.06580903995,0.03935121245,-0.06497525461,0.006329302849,0.03735139558,0.006329302849,0.115,0.15,0,0,0
5.13,-0.3309433098,-0.07577455466,-0.1035492768,0.0216299777,-0.06495423883,0.9978882437,0.004999979167,0.9999875,0,0,1.364821915,1.549874112,-1.445730606,1.703213001,0.3423970096,-0.1540514876,-0.06710478447,-1.364415769,1.649336143,1.196667486,1.407809199,0.2401130398,0.2556405257,-0.7161301311,0.04009563433,0.001380864752,-0.01818023685,0.1234059146,0.1065335435,-0.06647334746,-0.09678543217,-0.05556466307,0,-0.04607094773,0.0670096428,0.06240032276,0.037134063,-0.06240685737,0.006336681876,0.0373461251,0.006336681876,0.115,0.15,0,0,0
5.14,-0.3319566751,-0.07556056783,-0.099124617,0.02116750849,-0.06495423883,0.9978882437,0.004999979167,0.9999875,0,0,1.365222871,1.549887921,-1.445912408,1.70444706,0.343462345,-0.1547162211,-0.06807263879,-1.364971416,1.649336143,1.196206776,1.408479295,0.240737043,0.2560118663,-0.7167541997,0.03961360182,0.001324961574,-0.01733819988,0.1199783168,0.1021011608,-0.06411680143,-0.09289196804,-0.05461497308,0,-0.04409637807,0.06614677256,0.05900329978,0.03490999909,-0.05984196224,0.006343807733,0.03734107874,0.006343807733,0.115,0.15,0,0,0
5.15,-0.3329258213,-0.07535120174,-0.09470569136,0.02070586417,-0.06495423883,0.9978882437,0.004999979167,0.9999875,0,0,1.365619008,1.54990117,-1.44608579,1.705646844,0.3444833566,-0.1553573891,-0.06900155848,-1.365517566,1.649336143,1.195765813,1.409140763,0.241327076,0.2563609663,-0.7173526193,0.0391410546,0.001268526778,-0.01650528419,0.1165628839,0.0976737844,-0.06177615515,-0.0889947309,-0.05367182376,0,-0.04212222334,0.06528890787,0.05561867006,0.0326800286,-0.05728130645,0.006350678733,0.03733625404,0.006350678733,0.115,0.15,0,0,0
5.16,-0.3338508126,-0.07514644714,-0.09029387003,0.02024524184,-0.06495423883,0.9978882437,0.004999979167,0.9999875,0,0,1.366010418,1.549913855,-1.446250843,1.706812472,0.3454600945,-0.1559751507,-0.06989150578,-1.366054284,1.649336143,1.19534459,1.409793652,0.2418832627,0.2566877666,-0.7179254323,0.0386764682,0.001199884991,-0.01566927992,0.1131606502,0.09324081511,-0.05945624341,-0.08508246237,-0.05273546895,0,-0.04014924481,0.06443649807,0.05224714649,0.03044517044,-0.05472564528,0.006357293359,0.03733164858,0.006357293359,0.115,0.15,0,0,0
5.17,-0.334731727,-0.07494629283,-0.08589053779,0.01978584072,-0.06495423883,0.9978882437,0.004999979167,0.9999875,0,0,1.366397183,1.549925854,-1.446407536,1.707944079,0.3463925026,-0.1565697131,-0.07074233041,-1.366581639,1.649336143,1.194943098,1.410438017,0.2424057342,0.2569922183,-0.7184726888,0.03822425521,0.001154812135,-0.01486692484,0.1097726626,0.0888405262,-0.05714328021,-0.08119619282,-0.05180617227,0,-0.0381781882,0.06358999686,0.04888943279,0.02820644696,-0.05217572226,0.006363613212,0.03732725994,0.006363613212,0.115,0.15,0,0,0
5.18,-0.3355686563,-0.07475072558,-0.08149709409,0.01932786212,-0.06495423883,0.9978882437,0.004999979167,0.9999875,0,0,1.366779425,1.549937402,-1.446556205,1.709041806,0.3472809079,-0.1571411459,-0.07155429234,-1.367099701,1.649336143,1.194561316,1.411073917,0.2428946285,0.2572742827,-0.718994446,0.03777981702,0.001097059667,-0.01406064591,0.1063999806,0.08443704211,-0.05485173836,-0.07729761764,-0.05088419769,0,-0.03620981774,0.06274986234,0.04554624784,0.02596489076,-0.04963229969,0.006369713024,0.03732308572,0.006369713024,0.115,0.15,0,0,0
5.19,-0.3363617065,-0.07455973017,-0.07711495302,0.01887150946,-0.06495423883,0.9978882437,0.004999979167,0.9999875,0,0,1.367157223,1.549948373,-1.446696812,1.710105805,0.3481252783,-0.1576896633,-0.07232726851,-1.367608542,1.649336143,1.194199218,1.411701416,0.243350091,0.2575339316,-0.719490769,0.03734463616,0.001038943761,-0.01326299182,0.1030436769,0.08004452007,-0.05257705877,-0.07340195384,-0.04996981006,0,-0.03424491524,0.061916557,0.04221832553,0.02372154412,-0.04709615813,0.006375552968,0.03731912355,0.006375552968,0.115,0.15,0,0,0
5.2,-0.3371109978,-0.07437328929,-0.07274554332,0.01841698829,-0.06495423883,0.9978882437,0.004999979167,0.9999875,0,0,1.36753067,1.549958762,-1.446829442,1.711136242,0.3489257235,-0.1582154339,-0.07306128805,-1.368108241,1.649336143,1.193856769,1.412320581,0.2437722743,0.2577711471,-0.7199617306,0.03691717031,0.0009685367388,-0.01246154349,0.09970483738,0.07565219551,-0.05032424095,-0.06949773468,-0.04906328484,0,-0.03228424667,0.06109054777,0.03890639204,0.02147745145,-0.04456806678,0.006381132175,0.03731537109,0.006381132175,0.115,0.15,0,0,0
5.21,-0.3378166647,-0.0741913836,-0.06839030838,0.01796450623,-0.06495423883,0.9978882437,0.004999979167,0.9999875,0,0,1.367899842,1.549968448,-1.446954057,1.71213329,0.3496822454,-0.1587186763,-0.0737562654,-1.368598873,1.649336143,1.193533926,1.412931487,0.2441613382,0.2579859216,-0.7204074113,0.03650193673,0.0009225459638,-0.01169386936,0.09638456171,0.07129928549,-0.04807902749,-0.06562703314,-0.04816489869,0,-0.03032859621,0.06027230601,0.03561119009,0.01923366606,-0.04204881415,0.006386412077,0.03731182601,0.006386412077,0.115,0.15,0,0,0
5.22,-0.3384788561,-0.07401399167,-0.06405070621,0.01751427303,-0.06495423883,0.9978882437,0.004999979167,0.9999875,0,0,1.368264861,1.549977673,-1.447070996,1.713097136,0.3503952383,-0.1591994666,-0.07441253573,-1.369080522,1.649336143,1.19323064,1.41353421,0.2445174501,0.2581782583,-0.7208278994,0.03609423898,0.0008636839104,-0.01092147699,0.09308396349,0.06694899524,-0.04585646486,-0.06175049364,-0.04727493022,0,-0.02837876461,0.05946230756,0.03233347835,0.01699124952,-0.03953920678,0.006391470238,0.037308486,0.006391470238,0.115,0.15,0,0,0
5.23,-0.3390977358,-0.07384108994,-0.05972820951,0.01706650055,-0.06495423883,0.9978882437,0.004999979167,0.9999875,0,0,1.368625803,1.54998631,-1.44718021,1.714027976,0.3510647283,-0.1596580312,-0.07503004067,-1.369553272,1.649336143,1.192946853,1.414128833,0.2448407849,0.2583481708,-0.7212232915,0.03569561255,0.0008046493087,-0.01015727345,0.08980417059,0.06261591295,-0.04365182932,-0.05788379249,-0.04639367028,0,-0.02643553375,0.05866103275,0.02907400736,0.01475126353,-0.03704003792,0.006396266309,0.0373053488,0.006396266309,0.11,0.15,0,0,0
5.24,-0.3396734823,-0.07367265274,-0.05542430558,0.01662140275,-0.06495423883,0.9978882437,0.004999979167,0.9999875,0,0,1.368982759,1.549994357,-1.447281783,1.714926017,0.3516908874,-0.1600945495,-0.07560887859,-1.370017208,1.649336143,1.192682497,1.414715443,0.2451315249,0.2584956834,-0.7215936919,0.03530456651,0.0007337715308,-0.009389156114,0.08654632547,0.0582896267,-0.04147008679,-0.05401580511,-0.04552140697,0,-0.02449972042,0.05786896643,0.02583355745,0.0125147811,-0.03455213573,0.006400800132,0.03730241213,0.006400800132,0.11,0.15,0,0,0
5.25,-0.3402062889,-0.07350865225,-0.0511404964,0.01617919569,-0.06495423883,0.9978882437,0.004999979167,0.9999875,0,0,1.369335805,1.550001694,-1.447375675,1.715791481,0.3522737836,-0.1605092504,-0.07614903664,-1.370472422,1.649336143,1.1924375,1.415294133,0.2453898605,0.2586208312,-0.7219392132,0.03492554302,0.0006871516529,-0.008653968514,0.08331158542,0.05400872207,-0.0392971561,-0.05018795549,-0.04465844237,0,-0.02257211841,0.05708659793,0.0226128991,0.01028287366,-0.03207631188,0.00640503464,0.03729967377,0.00640503464,0.11,0.15,0,0,0
5.26,-0.3406963642,-0.07334905847,-0.04687829859,0.01574009754,-0.06495423883,0.9978882437,0.004999979167,0.9999875,0,0,1.36968506,1.550008566,-1.447462214,1.716624597,0.3528138709,-0.1609022219,-0.0766509162,-1.370919007,1.649336143,1.192211779,1.415864999,0.2456159895,0.2587236599,-0.7222599763,0.03455393878,0.0006279717953,-0.007913842017,0.08010112301,0.04973702608,-0.03714804704,-0.04636148227,-0.04380507642,0,-0.02065355593,0.05631442117,0.01941283334,0.008056623004,-0.02961341306,0.006409047031,0.03729713151,0.006409047031,0.11,0.15,0,0,0
5.27,-0.341143932,-0.0731938392,-0.04263924339,0.01530432859,-0.06495423883,0.9978882437,0.004999979167,0.9999875,0,0,1.3700306,1.550014846,-1.447541353,1.717425608,0.3533112411,-0.1612737024,-0.07711453102,-1.371357058,1.649336143,1.192005243,1.416428143,0.2458101178,0.2588042262,-0.7225561105,0.03418983589,0.0005570805471,-0.007169548334,0.07691612628,0.04547703099,-0.03502279116,-0.0425390686,-0.04296162349,0,-0.01874483864,0.05555293461,0.01623415279,0.005837108553,-0.02716427028,0.006412798022,0.03729478313,0.006412798022,0.11,0.15,0,0,0
5.28,-0.3415492314,-0.07304296006,-0.03842487672,0.01487211122,-0.06495423883,0.9978882437,0.004999979167,0.9999875,0,0,1.370372498,1.550020416,-1.447613048,1.718194769,0.3537660114,-0.1616239303,-0.07753992171,-1.371786674,1.649336143,1.191817795,1.416983672,0.2459724594,0.2588625973,-0.7228277532,0.03383770969,0.000510780905,-0.006458078118,0.07375779903,0.04126752612,-0.03290720455,-0.03876237478,-0.04212839767,0,-0.01684680184,0.05480264129,0.01307767848,0.00362541825,-0.02472974586,0.006416251027,0.03729262649,0.006416251027,0.11,0.15,0,0,0
5.29,-0.341912517,-0.07289638439,-0.03423675914,0.01444366993,-0.06495423883,0.9978882437,0.004999979167,0.9999875,0,0,1.370710875,1.550025524,-1.447677629,1.718932347,0.3541786867,-0.1619530024,-0.07792754545,-1.372207958,1.649336143,1.191649327,1.417531699,0.2461032362,0.2588988514,-0.7230750506,0.0334914172,0.000439584107,-0.005728725627,0.07062736129,0.03705947323,-0.03082148635,-0.03497876107,-0.04130572393,0,-0.01496027261,0.05406404883,0.009944234056,0.001422639918,-0.02231069978,0.006419484391,0.0372906594,0.006419484391,0.11,0.15,0,0,0
5.3,-0.3422340593,-0.07275407332,-0.03007646583,0.01401923132,-0.06495423883,0.9978882437,0.004999979167,0.9999875,0,0,1.37104579,1.55002992,-1.447734916,1.719638621,0.3545492814,-0.1622612172,-0.07827733306,-1.372621015,1.649336143,1.191499724,1.418072339,0.2462026785,0.2589130778,-0.7232981576,0.03315725786,0.000394443905,-0.005033432122,0.06752604937,0.03290666548,-0.02874558473,-0.031246004,-0.04049393354,0,-0.01308608649,0.05333766946,0.006834658008,-0.0007701355387,-0.01990800487,0.006422419833,0.03728887975,0.006422419833,0.11,0.15,0,0,0
5.31,-0.3425141444,-0.07261598566,-0.02594558665,0.01359902409,-0.06495423883,0.9978882437,0.004999979167,0.9999875,0,0,1.371377362,1.550033864,-1.447785251,1.720313881,0.3548783481,-0.1625486731,-0.0785897931,-1.373025954,1.649336143,1.191368863,1.418605716,0.2462710251,0.2589053765,-0.7234972377,0.03283036254,0.0003360098448,-0.004331905915,0.06445511643,0.0287704979,-0.02669569175,-0.02752263285,-0.03969336629,0,-0.01122508085,0.05262402004,0.003749799573,-0.002951816003,-0.01752254111,0.006425140397,0.03728728539,0.006425140397,0.11,0.15,0.005,0,0
5.32,-0.3427530744,-0.07248207796,-0.02184572608,0.01318327907,-0.06495423883,0.9978882437,0.004999979167,0.9999875,0,0,1.371705666,1.550037225,-1.44782857,1.720958432,0.3551660531,-0.16281563,-0.07886501943,-1.373422888,1.649336143,1.191256612,1.419131956,0.2463085231,0.2588758583,-0.7236724631,0.0325110834,0.0002670425788,-0.003626898257,0.06141583259,0.02465548879,-0.02467113238,-0.02381347309,-0.03890436679,0,-0.009378108503,0.05192362205,0.0006905287564,-0.005121305591,-0.01515520809,0.006427604577,0.03728587423,0.006427604577,0.11,0.15,0.005,0,0
5.33,-0.3429511677,-0.07235230443,-0.01777850326,0.01277222917,-0.06495423883,0.9978882437,0.004999979167,0.9999875,0,0,1.372030777,1.550039895,-1.447864839,1.721572591,0.355412608,-0.1630623413,-0.07910315416,-1.373811932,1.649336143,1.191162831,1.419651192,0.2463154284,0.2588246453,-0.7238240152,0.03220219269,0.000209832654,-0.002941055032,0.05840948528,0.02058611377,-0.02266337599,-0.02014481364,-0.03812729209,0,-0.00754601226,0.05123700162,-0.002342280753,-0.007277510603,-0.01280690249,0.00642977962,0.03728464417,0.00642977962,0.11,0.15,0.005,0,0
5.34,-0.3431087587,-0.07222661694,-0.01374555199,0.01236610942,-0.06495423883,0.9978882437,0.004999979167,0.9999875,0,0,1.372352798,1.550041993,-1.447894249,1.722156685,0.3556184691,-0.1632889751,-0.0793046023,-1.374193205,1.649336143,1.191087371,1.420163562,0.2462920056,0.2587518702,-0.7239520842,0.03190393256,0.0001661424192,-0.0022760724,0.05543737956,0.01656586058,-0.02067215506,-0.0165203904,-0.03736247839,0,-0.005729740787,0.05056468953,-0.005347670742,-0.009419314684,-0.01047862225,0.006431703376,0.03728359311,0.006431703376,0.11,0.15,0.005,0,0
5.35,-0.3432261985,-0.07210496502,-0.009748520675,0.01196515696,-0.06495423883,0.9978882437,0.004999979167,0.9999875,0,0,1.372671838,1.550043655,-1.44791701,1.722711059,0.3557841277,-0.1634956966,-0.0794698062,-1.37456683,1.649336143,1.191030074,1.420669209,0.2462385288,0.258657677,-0.7240568704,0.03161180801,9.929832938e-05,-0.001594535346,0.05250083841,0.01255899519,-0.0187127131,-0.01290171823,-0.03661024205,0,-0.003930345825,0.04990722123,-0.008324599905,-0.01154557981,-0.008171464636,0.00643341931,0.03728271898,0.00643341931,0.11,0.15,0.005,0,0
5.36,-0.3433038544,-0.07198729578,-0.005789072405,0.01156961103,-0.06495423883,0.9978882437,0.004999979167,0.9999875,0,0,1.372987956,1.550044648,-1.447932955,1.723236068,0.3559097177,-0.1636828238,-0.07959882339,-1.374932932,1.649336143,1.19099077,1.421168281,0.2461552829,0.2585422212,-0.7241385851,0.03132886342,3.357194338e-05,-0.0009211262781,0.04960120296,0.008592051281,-0.01677577099,-0.0093172809,-0.03587104825,0,-0.002148400554,0.04926513683,-0.01127234633,-0.01365527361,-0.005886104085,0.006434854773,0.03728201967,0.006434854773,0.11,0.15,0.005,0,0
5.37,-0.3433421108,-0.07187355397,-0.001868884898,0.01117971298,-0.06495423883,0.9978882437,0.004999979167,0.9999875,0,0,1.373301245,1.550044983,-1.447942167,1.72373208,0.3559956382,-0.1638505815,-0.07969199619,-1.375291642,1.649336143,1.190969286,1.421660933,0.2460425594,0.2584056685,-0.7241974461,0.03105847059,-4.182428981e-06,-0.000283110806,0.04673983279,0.004694170087,-0.0148510128,-0.005798402962,-0.03514528847,0,-0.0003847696158,0.04863898114,-0.01418997325,-0.01574730181,-0.003623483484,0.006436013997,0.03728149313,0.006436013997,0.11,0.15,0.005,0,0
5.38,-0.3433413686,-0.07176368189,0.002010349477,0.01079570627,-0.06495423883,0.9978882437,0.004999979167,0.9999875,0,0,1.373611829,1.550044942,-1.447944998,1.724199478,0.3560425799,-0.1639990916,-0.07974998022,-1.375643095,1.649336143,1.190965439,1.422147323,0.2459006597,0.2582481955,-0.7242336809,0.03079366357,-7.090718157e-05,0.0003774724609,0.0439181063,0.0008090077446,-0.01296192279,-0.002284349048,-0.03443869431,0,0.001378057299,0.04802930367,-0.01708926095,-0.01782457915,-0.001368028952,0.006436986299,0.03728113727,0.006436986299,0.11,0.15,0.005,0,0
5.39,-0.343302046,-0.07165761939,0.005846923707,0.01041783646,-0.06495423883,0.9978882437,0.004999979167,0.9999875,0,0,1.373919766,1.550044233,-1.447941223,1.724638659,0.3560506699,-0.1641287108,-0.07977282371,-1.375987482,1.649336143,1.190979219,1.422627616,0.245729767,0.2580699497,-0.7242473612,0.03054007392,-0.0001216334923,0.001014897444,0.04113742078,-0.003015776997,-0.01109092999,0.001173643126,-0.03373554192,0,0.003083570031,0.04743665852,-0.01993069368,-0.01987387992,0.0008292684777,0.006437680672,0.03728095134,0.006437680672,0.11,0.15,0.005,0,0
5.4,-0.3432245781,-0.07155530388,0.00963911613,0.01004635122,-0.06495423883,0.9978882437,0.004999979167,0.9999875,0,0,1.374225167,1.550043016,-1.447931074,1.725050033,0.3560205122,-0.1642396201,-0.07976108728,-1.376324838,1.649336143,1.191010055,1.423101982,0.2455304601,0.2578712109,-0.7242390685,0.03049980999,0.001479122292,-3.234853112e-05,0.03839919292,-0.00511146154,-0.008579481404,0.002776707963,-0.03305250457,0,0.004786941878,0.04686160463,-0.02275211754,-0.02190633954,0.003017821946,0.006438148563,0.03728093061,0.006438148563,0.11,0.15,0.005,0,0
5.41,-0.3431094174,-0.07145667025,0.01338519044,0.009681500325,-0.06495423883,0.9978882437,0.004999979167,0.9999875,0,0,1.374530165,1.550057807,-1.447931398,1.725434025,0.3559693976,-0.1643254149,-0.0797333202,-1.376655363,1.649336143,1.191057924,1.423570598,0.2453029389,0.2576521475,-0.7242088903,0.03048131658,0.003179535572,-0.001186176948,0.03570485889,-0.007059363156,-0.006054077914,0.004227875259,-0.03238456354,0,0.006468493123,0.04630470556,-0.02553950375,-0.02391677022,0.005179745544,0.00644362224,0.03728107433,0.00644362224,0.11,0.15,0.005,0,0
5.42,-0.3429570339,-0.07136165091,0.01708339568,0.009323535667,-0.06495423883,0.9978882437,0.004999979167,0.9999875,0,0,1.374834978,1.550089603,-1.447943259,1.725791074,0.3558988039,-0.1643859557,-0.07969104145,-1.376979208,1.649336143,1.191122609,1.424033645,0.2450475439,0.2574129798,-0.7241570929,0.03046964349,0.004857862336,-0.002323097533,0.03305587441,-0.008981745032,-0.003564734094,0.005658988959,-0.03173216043,0,0.00812733791,0.04576652956,-0.02829182935,-0.025904087,0.007314038349,0.006454418758,0.03728138041,0.006454418758,0.11,0.145,0.005,0,0
5.43,-0.3427679149,-0.07127017574,0.02073196626,0.008972711233,-0.06495423883,0.9978882437,0.004999979167,0.9999875,0,0,1.375139674,1.550138181,-1.44796649,1.726121633,0.3558089865,-0.1644216031,-0.07963445156,-1.37729653,1.649336143,1.191203883,1.424491311,0.2447646256,0.2571539389,-0.7240839525,0.03046475569,0.006513008357,-0.003442277969,0.0304537154,-0.01087781778,-0.00111283799,0.007069335288,-0.03110113228,0,0.0097811273,0.04524764962,-0.03102090065,-0.02787123915,0.009436396388,0.006470469548,0.03728184674,0.006470469548,0.11,0.145,0.005,0,0
5.44,-0.3425425659,-0.07118217204,0.02432912194,0.008629283122,-0.06495423883,0.9978882437,0.004999979167,0.9999875,0,0,1.375444322,1.550203312,-1.448000913,1.72642617,0.3557002083,-0.1644327314,-0.07956375821,-1.377607541,1.649336143,1.191301694,1.424943787,0.2444544166,0.2568752265,-0.7239895885,0.03046665598,0.008144065074,-0.004543078431,0.02789987795,-0.01274659237,0.001300287623,0.008457997735,-0.03047549629,0,0.01137233705,0.0447486433,-0.03368641699,-0.02980483173,0.01149476545,0.006491702572,0.03728247253,0.006491702572,0.11,0.145,0.005,0,0
5.45,-0.3422815099,-0.07109756456,0.02787306781,0.008293509538,-0.06495423883,0.9978882437,0.004999979167,0.9999875,0,0,1.375748988,1.550284752,-1.448046344,1.726705168,0.3555727424,-0.1644197286,-0.07947917823,-1.377912296,1.649336143,1.191415417,1.425391273,0.2441175524,0.2565771782,-0.7238746409,0.03047536203,0.009750119661,-0.005624858662,0.0253958786,-0.01458707396,0.003673308668,0.009824066306,-0.0298724448,0,0.0129576387,0.04427009302,-0.0363271881,-0.03171631398,0.01353997504,0.006518042916,0.03728325289,0.006518042916,0.11,0.145,0.005,0,0
5.46,-0.341985288,-0.07101627546,0.03136199434,0.007965650794,-0.06495423883,0.9978882437,0.004999979167,0.9999875,0,0,1.376053742,1.550382253,-1.448102592,1.726959127,0.3554268716,-0.1643829955,-0.07938093757,-1.378211021,1.649336143,1.191544994,1.425833974,0.2437542805,0.2562600151,-0.7237392411,0.03049090683,0.01133025529,-0.006686978336,0.02294325452,-0.01639826186,0.006004879875,0.01116663777,-0.02929221514,0,0.01453526685,0.04381258577,-0.03894152269,-0.03360441103,0.01557022414,0.006549412778,0.03728418705,0.006549412778,0.11,0.145,0.005,0,0
5.47,-0.3416544595,-0.07093822429,0.03479407735,0.007645969309,-0.06495423883,0.9978882437,0.004999979167,0.9999875,0,0,1.376358651,1.550495556,-1.448169462,1.72718856,0.355262889,-0.1643229467,-0.07926927119,-1.378503943,1.649336143,1.191690346,1.4262721,0.2433648653,0.2559239709,-0.7235835389,0.03051333918,0.01288355123,-0.007728797245,0.02054356372,-0.01817914957,0.008293644815,0.01248481606,-0.02871865569,0,0.01604700305,0.04337671313,-0.04148857168,-0.03545562986,0.01753274094,0.006585731458,0.03728527416,0.006585731458,0.11,0.145,0.005,0,0
5.48,-0.341289602,-0.07086332794,0.03816747801,0.007334729608,-0.06495423883,0.9978882437,0.004999979167,0.9999875,0,0,1.376663784,1.550624391,-1.44824675,1.727393995,0.3550810975,-0.1642400102,-0.07914442303,-1.378791129,1.649336143,1.191850816,1.426705867,0.2429499796,0.2555694146,-0.7234082115,0.03054272406,0.01440908294,-0.008749675472,0.01819838524,-0.01992872492,0.01053823596,0.01377771269,-0.02816933929,0,0.01755067844,0.0429630715,-0.04400791151,-0.03728164992,0.01947943733,0.006626915343,0.03728650919,0.006626915343,0.11,0.145,0.005,0,0
5.49,-0.3408913117,-0.07079150067,0.04148034284,0.007032198325,-0.06495423883,0.9978882437,0.004999979167,0.9999875,0,0,1.376969212,1.550768482,-1.448334247,1.727575979,0.3548818103,-0.1641346279,-0.0790066459,-1.379072823,1.649336143,1.192026323,1.427135498,0.2425099005,0.2551965981,-0.7232134171,0.03057914306,0.01590592218,-0.009748973562,0.01590931928,-0.02164597008,0.01273727469,0.01504444711,-0.02764387309,0,0.01904223516,0.04257226178,-0.04649621112,-0.03908071257,0.02140641129,0.006672877904,0.03728789131,0.006672877904,0.11,0.145,0.005,0,0
5.5,-0.3404602032,-0.07072265405,0.04473080372,0.0067386442,-0.06495423883,0.9978882437,0.004999979167,0.9999875,0,0,1.377275003,1.550927541,-1.448431737,1.727735073,0.3546653506,-0.1640072551,-0.07885620143,-1.379349262,1.649336143,1.192216746,1.427561221,0.2420449384,0.254805791,-0.722999353,0.03062269473,0.01737313706,-0.01072605267,0.01367798742,-0.02332986169,0.01488937141,0.01628414711,-0.027132691,0,0.02048598931,0.04220488948,-0.04892817674,-0.040844251,0.02328116212,0.006723529679,0.03728941944,0.006723529679,0.11,0.145,0.005,0,0
5.51,-0.3399969099,-0.07065669696,0.04791697789,0.006454338079,-0.06495423883,0.9978882437,0.004999979167,0.9999875,0,0,1.37758123,1.551101273,-1.448538997,1.727871852,0.354432052,-0.1638583614,-0.07869335996,-1.379620588,1.649336143,1.192421605,1.42798327,0.2415556566,0.2543973485,-0.7227665414,0.03067349495,0.01880979215,-0.01168027472,0.01150603268,-0.02497937086,0.01699312552,0.01749594906,-0.02664121401,0,0.02189780293,0.04186156473,-0.05131424059,-0.04257485361,0.02511772011,0.006778778268,0.03729108994,0.006778778268,0.11,0.145,0.005,0,0
5.52,-0.3395020842,-0.07059353555,0.05103696792,0.006179552915,-0.06495423883,0.9978882437,0.004999979167,0.9999875,0,0,1.377887965,1.551289371,-1.4486558,1.727986913,0.3541822582,-0.1636884302,-0.07851840047,-1.379887001,1.649336143,1.192640583,1.428401885,0.2410425142,0.2539716,-0.7225153642,0.03073167719,0.02021494853,-0.01261100251,0.009395119734,-0.02659346323,0.01904712549,0.01867899835,-0.02616987578,0,0.02327632228,0.0415429022,-0.05365287817,-0.0442713899,0.02691456387,0.00683852832,0.03729290031,0.00683852832,0.11,0.145,0.005,0,0
5.53,-0.3389763975,-0.07053307324,0.05408886176,0.00591456377,-0.06495423883,0.9978882437,0.004999979167,0.9999875,0,0,1.378195282,1.55149152,-1.44878191,1.728080864,0.3539163236,-0.1634979589,-0.07833161049,-1.380148699,1.649336143,1.192873347,1.428817314,0.2405059854,0.2535288861,-0.7222462185,0.03079739287,0.02158766387,-0.01351759988,0.00734693495,-0.02817109906,0.02104994892,0.01983244957,-0.02571908156,0,0.02462004786,0.04124952105,-0.05594244366,-0.04593270599,0.0286700286,0.006902681529,0.037294848,0.006902681529,0.11,0.145,0.005,0,0
5.54,-0.3384205404,-0.0704752107,0.05707073271,0.005659647811,-0.06495423883,0.9978882437,0.004999979167,0.9999875,0,0,1.378503256,1.551707397,-1.448917086,1.728154333,0.3536346126,-0.1632874594,-0.07813328599,-1.38040589,1.649336143,1.193119547,1.42922981,0.239946561,0.253069559,-0.7219595182,0.03087081157,0.0229269925,-0.01439943176,0.005363186519,-0.0297112332,0.02300016258,0.02095546686,-0.02529425099,0,0.02594471389,0.04098204497,-0.05819324406,-0.04756134273,0.03039803695,0.006971136618,0.03729693032,0.006971136618,0.11,0.145,0.005,0,0
5.55,-0.3378352227,-0.07041984578,0.0599806394,0.005415084312,-0.06495423883,0.9978882437,0.004999979167,0.9999875,0,0,1.378811964,1.551936667,-1.44906108,1.728207965,0.3533375003,-0.1630574578,-0.07792373132,-1.380658833,1.649336143,1.193378994,1.42963963,0.2393646285,0.2525939456,-0.7216555379,0.03095212127,0.02423198543,-0.01525586433,0.003445604527,-0.03121281513,0.02489632246,0.0220472241,-0.02488728529,0,0.02721942607,0.040741102,-0.06038317978,-0.04914985856,0.03207030655,0.007043789337,0.03729914577,0.007043789337,0.11,0.145,0.005,0,0
5.56,-0.337221174,-0.07036687356,0.06281662584,0.005181154655,-0.06495423883,0.9978882437,0.004999979167,0.9999875,0,0,1.379121485,1.552178987,-1.449213639,1.728242421,0.3530253721,-0.1628084946,-0.07770325908,-1.380907705,1.649336143,1.193651189,1.430047041,0.2387607967,0.252102447,-0.7213348348,0.03104152856,0.0255016904,-0.01608626507,0.001595941005,-0.032674789,0.02673697381,0.02310690515,-0.02451042267,0,0.02848333372,0.04052732466,-0.06253879352,-0.05070580408,0.03372194142,0.007120532453,0.03730149058,0.007120532453,0.11,0.14,0.005,0,0
5.57,-0.3365791432,-0.0703161863,0.06557672138,0.004958142328,-0.06495423883,0.9978882437,0.004999979167,0.9999875,0,0.5,1.3794319,1.552434004,-1.449374502,1.728258381,0.3526986242,-0.1625411248,-0.07747219003,-1.38115281,1.649336143,1.193936022,1.430452314,0.2381354088,0.251595389,-0.7209976154,0.03113925879,0.02673515196,-0.01689000284,-0.0001840300226,-0.03409609361,0.02852065119,0.02413370405,-0.02414557447,0,0.02967097604,0.04034134965,-0.06461389783,-0.05221441473,0.03529330507,0.007201255737,0.03730396384,0.007201255737,0.11,0.14,0.005,0,0
5.58,-0.3359098992,-0.07026767338,0.06825894074,0.004746332927,-0.06495423883,0.9978882437,0.009999833334,0.9999500004,0,0,1.379743293,1.552701355,-1.449543402,1.72825654,0.3523576633,-0.1622559183,-0.07723085299,-1.381394265,1.649336143,1.194232732,1.430855728,0.2374892698,0.2510732448,-0.7206446823,0.0312455562,0.02793141144,-0.01766644796,-0.001892512526,-0.03547566241,0.03024587854,0.02512682516,-0.02381742457,0,0.03086435295,0.04018381815,-0.06666480715,-0.05369235025,0.03685831859,0.007285845961,0.03730655983,0.007285845961,0.11,0.145,0.005,0,0
5.59,-0.3352142306,-0.07022122134,0.07086128397,0.004546014153,-0.06495423883,0.9978882437,0.009999833334,0.9999500004,0,0,1.380055749,1.552980669,-1.449720066,1.728237615,0.3520029067,-0.1619534595,-0.07697958474,-1.38163244,1.649336143,1.194541375,1.431257566,0.2368226218,0.2505363213,-0.7202760991,0.03136068403,0.02908950698,-0.01841497224,-0.003527688466,-0.0368124235,0.03191116922,0.02608548332,-0.02350243321,0,0.0319790625,0.0400553753,-0.06863209135,-0.05512088256,0.03834012527,0.007374186891,0.03730927887,0.007374186891,0.11,0.145,0.005,0,0
5.6,-0.3344929464,-0.07017671382,0.0733817365,0.004357475816,-0.06495423883,0.9978882437,0.009999833334,0.9999500004,0,0,1.380369355,1.553271564,-1.449904216,1.728202338,0.3516347825,-0.1616343478,-0.0767187299,-1.381867464,1.649336143,1.194861166,1.43165812,0.2361363008,0.2499851125,-0.7198926979,0.03148492453,0.03020847357,-0.01913494904,-0.00508771782,-0.03810529959,0.03351502607,0.02700890391,-0.02322368712,0,0.03309155628,0.03995667057,-0.07056820772,-0.05651543434,0.03980764516,0.007466159272,0.037312115,0.007466159272,0.11,0.145,0.005,0,0
5.61,-0.3337468756,-0.07013403158,0.07581826908,0.004181009832,-0.06495423883,0.9978882437,0.009999833334,0.9999500004,0,0,1.380684205,1.553573649,-1.450095565,1.728151461,0.3512537295,-0.1612991976,-0.07644864087,-1.382099701,1.649336143,1.195192081,1.432057686,0.2354306188,0.2494199581,-0.7194946214,0.03161930078,0.0312948363,-0.01983075309,-0.00658143849,-0.03936190089,0.03506673275,0.02790266738,-0.02296370823,0,0.0341526894,0.03988735662,-0.07244586266,-0.05787265591,0.04121871942,0.007561640828,0.03731506793,0.007561640828,0.11,0.145,0.005,0,0
5.62,-0.3329767012,-0.07009306545,0.07823684986,0.00401157653,-0.06495423883,0.9978882437,0.009999833334,0.9999500004,0,0,1.381000398,1.553886597,-1.450293873,1.728085647,0.3508601104,-0.1609485302,-0.07616961419,-1.382329338,1.649336143,1.195533608,1.43245656,0.2347061601,0.2488412316,-0.7190824342,0.03177050885,0.03241634881,-0.02054756751,-0.008105362122,-0.04066084779,0.03666381332,0.02882411394,-0.0227095239,0,0.03524788482,0.03983868332,-0.07439405997,-0.05928157717,0.04267613052,0.007660529736,0.03731813386,0.007660529736,0.11,0.145,0.005,0,0
5.63,-0.3321816008,-0.07005382347,0.08081019384,0.003835630294,-0.06495423883,0.9978882437,0.009999833334,0.9999500004,0,0,1.381318103,1.554210761,-1.450499349,1.728004593,0.350453502,-0.1605818921,-0.07588137305,-1.382556433,1.649336143,1.195886087,1.432854947,0.2339622195,0.2482484158,-0.7186556729,0.03194145268,0.03360849383,-0.02130890496,-0.009710651541,-0.04204326607,0.03835750935,0.02980299395,-0.02245095181,0,0.03641200497,0.03980556182,-0.07647343709,-0.06078629009,0.04422506461,0.007762936525,0.03732131678,0.007762936525,0.11,0.145,0.005,0,0
5.64,-0.3313599646,-0.07001637631,0.08354335942,0.00365264278,-0.06495423883,0.9978882437,0.009999833334,0.9999500004,0,0,1.381637517,1.554546846,-1.450712438,1.727907487,0.3500330693,-0.160198317,-0.07558334311,-1.382780943,1.649336143,1.196250207,1.433253002,0.2331974852,0.2476405529,-0.7182134223,0.03213129232,0.03486990323,-0.02211365085,-0.01139605322,-0.04350751688,0.04014604632,0.03083777383,-0.02219261912,0,0.03766048759,0.03978765385,-0.07869338907,-0.06238804306,0.04587946479,0.007869082917,0.03732462411,0.007869082917,0.105,0.145,0.01,0,0
5.65,-0.3305102139,-0.06998079352,0.08643245096,0.003462785621,-0.06495423883,0.9978882437,0.009999833334,0.9999500004,0,0,1.38195883,1.554895545,-1.450933574,1.727793526,0.3495979941,-0.1597968566,-0.07527496537,-1.383002869,1.649336143,1.196626812,1.433650879,0.2324105513,0.2470166725,-0.7177546276,0.03233914077,0.03619885851,-0.02296045419,-0.01315982361,-0.0450515578,0.04202714869,0.03192661081,-0.02192166206,0,0.03894756577,0.039784671,-0.0810202647,-0.06407493046,0.04759755311,0.00797918631,0.03732806454,0.00797918631,0.105,0.14,0.01,0,0
5.66,-0.3296308087,-0.06994714293,0.08947360101,0.003266229204,-0.06495423883,0.9978882437,0.009999833334,0.9999500004,0,0,1.382282222,1.555257533,-1.451163179,1.727661928,0.3491474786,-0.1593765851,-0.07495569927,-1.383222086,1.649336143,1.197016288,1.434048726,0.2316003486,0.2463759232,-0.7172786521,0.03256409909,0.03759364966,-0.02384796706,-0.01500024091,-0.04667335924,0.0439985565,0.03306765679,-0.02165638786,0,0.04033544587,0.0397963279,-0.08349580132,-0.06585756407,0.04943567024,0.008093458686,0.03733164336,0.008093458686,0.105,0.14,0.01,0,0
5.67,-0.3287202478,-0.0699154907,0.09266297035,0.003063142674,-0.06495423883,0.9978882437,0.009999833334,0.9999500004,0,0.5,1.382607863,1.55563347,-1.451401658,1.727511925,0.348680745,-0.1589365995,-0.0746250227,-1.383438649,1.649336143,1.197419642,1.434446689,0.2307653906,0.2457173475,-0.7167842954,0.03280525609,0.03905257512,-0.0247748445,-0.01691560514,-0.04837090454,0.04605802539,0.03425905793,-0.02137982776,0,0.04176419366,0.03982234188,-0.08607650035,-0.0677211158,0.05133917918,0.008212106628,0.03733537068,0.008212106628,0.105,0.14,0.01,0,0
5.68,-0.3277770679,-0.06988590128,0.09599674797,0.002853693934,-0.06495423883,0.9978882437,0.01499943751,0.9998875021,0,0,1.382935915,1.556023996,-1.451649407,1.727342769,0.3481970359,-0.1584760192,-0.07428243212,-1.383652448,1.649336143,1.197837284,1.434844912,0.2299046256,0.2450401364,-0.7162709036,0.03306168826,0.04057394173,-0.02573974449,-0.01890423824,-0.05014218995,0.04820332655,0.03549895444,-0.02110177445,0,0.04326663458,0.03986243328,-0.08878366684,-0.06967004769,0.05333776818,0.008259282599,0.03733925214,0.008259282599,0.105,0.145,0.01,0,0
5.69,-0.3267998441,-0.06985843747,0.09947115108,0.002638049642,-0.06495423883,0.9978882437,0.01499943751,0.9998875021,0,0,1.383266532,1.556429735,-1.451906804,1.727153727,0.347695614,-0.157993986,-0.07392744258,-1.383863465,1.649336143,1.19826995,1.435243537,0.2290167889,0.2443434359,-0.7157375259,0.03333245964,0.04215606479,-0.02674132795,-0.02096448406,-0.05198522476,0.05043224665,0.03678548044,-0.0208157954,0,0.04481937827,0.03991632522,-0.09159935688,-0.07169716995,0.05541002691,0.008260841191,0.03734329595,0.008260841191,0.105,0.145,0.01,0,0
5.7,-0.3257871887,-0.06983316039,0.1030824251,0.002416375215,-0.06495423883,0.9978882437,0.01499943751,0.9998875021,0,0,1.383599857,1.556851296,-1.452174217,1.726944082,0.3471757618,-0.1574896635,-0.07355958777,-1.384071623,1.649336143,1.198718144,1.4356427,0.2281007954,0.2436264642,-0.7151834257,0.0336166219,0.04379726795,-0.02777825884,-0.02309470839,-0.05389803134,0.05274258778,0.03811676392,-0.02052389608,0,0.0464283372,0.03998374364,-0.09452613568,-0.0738013585,0.05756120949,0.008262450079,0.03734750867,0.008262450079,0.105,0.145,0.01,0,0
5.71,-0.3247377518,-0.06981012952,0.1068268436,0.002188834826,-0.06495423883,0.9978882437,0.01499943751,0.9998875021,0,0,1.383936023,1.557289268,-1.452452,1.726713135,0.3466367815,-0.1569622376,-0.07317842013,-1.384276862,1.649336143,1.199182428,1.436042537,0.227155534,0.2428884506,-0.7146078136,0.03391321445,0.04549588328,-0.02884920426,-0.0252932988,-0.05587864524,0.05513216742,0.03949092676,-0.02022566809,0,0.04809109112,0.04006441722,-0.09756077468,-0.0759797643,0.05978900881,0.008264112017,0.03735189738,0.008264112017,0.105,0.145,0.01,0,0
5.72,-0.3236502203,-0.0697894027,0.1107007084,0.001955591406,-0.06495423883,0.9978882437,0.01499943751,0.9998875021,0,0,1.384275155,1.557744227,-1.452740492,1.726460202,0.346077995,-0.156410916,-0.07278351086,-1.384479119,1.649336143,1.199663339,1.436443182,0.2261799263,0.242128653,-0.7140099235,0.03422126464,0.04725025124,-0.02995283468,-0.0275586646,-0.0579251153,0.05759881831,0.04090608486,-0.01992538816,0,0.0498215816,0.0401580773,-0.1007115523,-0.07823285702,0.06210604499,0.008265829807,0.03735646908,0.008265829807,0.105,0.145,0.01,0,0
5.73,-0.3225233183,-0.06977103616,0.1147003497,0.001716806642,-0.06495423883,0.9978882437,0.01499943751,0.9998875021,0,0,1.384617368,1.55821673,-1.45304002,1.726184615,0.3454987439,-0.1558349278,-0.07237445002,-1.384678373,1.649336143,1.200161554,1.436844762,0.2251728108,0.2413463244,-0.713388863,0.03453978807,0.04905872069,-0.03108782415,-0.0298892366,-0.06003550379,0.06014038838,0.04236034839,-0.01961516116,0,0.05159141193,0.04026445774,-0.1039570941,-0.08055249291,0.06448638223,0.008267606302,0.03736123198,0.008267606302,0.105,0.14,0.01,0,0
5.74,-0.3213558062,-0.06975508451,0.1188221257,0.001472640977,-0.06495423883,0.9978882437,0.01499943751,0.9998875021,0,0,1.384962765,1.558707317,-1.453350899,1.725885723,0.3448983888,-0.1552335239,-0.07195084653,-1.384874525,1.649336143,1.200677468,1.437247407,0.2241332398,0.2405407995,-0.7127439992,0.03486778893,0.05091964889,-0.0322528506,-0.03228346699,-0.0622078865,0.06275474064,0.04385182201,-0.01929851494,0,0.05341197753,0.0403832949,-0.1073039439,-0.08293863754,0.06694034793,0.00826944441,0.03736619217,0.00826944441,0.105,0.14,0.01,0,0
5.75,-0.3201464808,-0.06974160075,0.1230624227,0.001223253615,-0.06495423883,0.9978882437,0.01499943751,0.9998875021,0,0.5,1.385311443,1.559216513,-1.453673427,1.725562888,0.34427631,-0.1546059765,-0.07151232831,-1.38506751,1.649336143,1.201211588,1.43765124,0.2230602004,0.2397114131,-0.7120745957,0.03520426046,0.05283140155,-0.03344659617,-0.034739829,-0.06444035294,0.06543975309,0.04537860527,-0.01898021852,0,0.055299116,0.04051432749,-0.1107618343,-0.08539208821,0.06948236242,0.008271347093,0.03737135679,0.008271347093,0.1,0.14,0.015,0,0
5.76,-0.3188941747,-0.06973063631,0.1274176556,0.0009688025124,-0.06495423883,0.9978882437,0.01999866669,0.9998000067,0,0,1.385663486,1.559744827,-1.454007893,1.72521549,0.3436319064,-0.153951579,-0.07105854226,-1.385257312,1.649336143,1.201764579,1.438056383,0.221952582,0.2388574922,-0.7113797721,0.03554818545,0.05479235283,-0.03466774761,-0.03725681672,-0.06673100647,0.06819331856,0.04693879305,-0.0186474193,0,0.05720714032,0.04065729631,-0.1142972797,-0.08790130776,0.07207073608,0.008273317377,0.0373767343,0.008273317377,0.1,0.145,0.015,0,0
5.77,-0.3175977564,-0.06972224106,0.1318842673,0.0007094443858,-0.06495423883,0.9978882437,0.01999866669,0.9998000067,0,0,1.386018968,1.560292751,-1.454354571,1.724842922,0.3429645964,-0.1532696458,-0.07058915433,-1.385443786,1.649336143,1.202336651,1.438462956,0.2208096092,0.2379784791,-0.7106590647,0.03589853679,0.0568008854,-0.03591499669,-0.03983294469,-0.06907796445,0.07101334464,0.04853047603,-0.0183085191,0,0.05916461261,0.04081194431,-0.1179289939,-0.09046967888,0.07473151658,0.00827535835,0.03738232972,0.00827535835,0.1,0.145,0.015,0,0
5.78,-0.3162561298,-0.06971646326,0.1364587288,0.0004453347075,-0.06495423883,0.9978882437,0.01999866669,0.9998000067,0,0,1.386377953,1.56086076,-1.454713721,1.724444592,0.3422738167,-0.1525595123,-0.07010384957,-1.385626871,1.649336143,1.202928297,1.438871076,0.2196303193,0.2370737823,-0.7099117496,0.03625428736,0.05885546903,-0.03718712043,-0.04246674757,-0.07147927931,0.07389778392,0.05015165469,-0.01796610578,0,0.06117991233,0.04097801629,-0.121661581,-0.09309646074,0.07747238501,0.008277473166,0.03738815042,0.008277473166,0.1,0.145,0.015,0,0
5.79,-0.314868234,-0.06971334969,0.1411375394,0.0001766277071,-0.06495423883,0.9978882437,0.01999866669,0.9998000067,0,0,1.386740496,1.561449315,-1.455085592,1.724019925,0.3415590239,-0.1518205345,-0.06960233302,-1.385806532,1.649336143,1.203540096,1.439280856,0.2184137035,0.2361428177,-0.7091370257,0.03661436593,0.06095427837,-0.03848259367,-0.04515678005,-0.07393332372,0.07684448592,0.05180066103,-0.01760743847,0,0.0632076826,0.04115525871,-0.1254617866,-0.09577032147,0.08025195023,0.008279665049,0.0373942046,0.008279665049,0.1,0.14,0.015,0,0
5.8,-0.3134330428,-0.06971294553,0.1459172268,-9.65236287e-05,-0.06495423883,0.9978882437,0.01999866669,0.9998000067,0,0,1.38710664,1.562058857,-1.455470418,1.723568357,0.3408196907,-0.1510520896,-0.06908432641,-1.385982607,1.649336143,1.204172173,1.439692408,0.2171590856,0.2351851145,-0.7083345062,0.03697774509,0.06309593732,-0.03980034489,-0.04790161579,-0.07643804118,0.07985148509,0.0534753394,-0.01725220773,0,0.06531637839,0.04134341967,-0.1293766339,-0.09850235323,0.08313280486,0.008281937292,0.03740049694,0.008281937292,0.1,0.14,0.015,0,0
5.81,-0.3119495647,-0.06971529447,0.1507943466,-0.0003739675561,-0.06495423883,0.9978882437,0.01999866669,0.9998000067,0,0.5,1.387476417,1.562689817,-1.455868421,1.723089341,0.3400553103,-0.1502535748,-0.06854957302,-1.386155129,1.649336143,1.204825337,1.440105842,0.2158653193,0.234200091,-0.7075031782,0.0373433571,0.06527879394,-0.04113902102,-0.05069984763,-0.07899167655,0.08291671985,0.0551738459,-0.01687656502,0,0.06742161944,0.04154224842,-0.1333453464,-0.1012736354,0.08603790625,0.008284293264,0.03740703782,0.008284293264,0.1,0.14,0.015,0,0
5.82,-0.3104168425,-0.06972043868,0.1557654828,-0.0006555535745,-0.06495423883,0.9978882437,0.02499739591,0.9996875163,0,0,1.387849851,1.563342605,-1.456279811,1.722582343,0.3392653935,-0.1494244076,-0.06799783456,-1.386323894,1.649336143,1.205499553,1.440521265,0.2145318658,0.2331873546,-0.7066427991,0.03771013617,0.06750127401,-0.04249734668,-0.05355008686,-0.08159242024,0.08603816939,0.05689425986,-0.0164964211,0,0.0695787142,0.0417514955,-0.137405758,-0.1040926319,0.08901788123,0.008286736413,0.03741383086,0.008286736413,0.1,0.145,0.015,0,0
5.83,-0.3088339529,-0.06972841885,0.1608272476,-0.0009411324259,-0.06495423883,0.9978882437,0.02499739591,0.9996875163,0,0,1.388226952,1.564017617,-1.456704785,1.722046842,0.3384494693,-0.1485640259,-0.06742889196,-1.386488859,1.649336143,1.20619534,1.44093878,0.2131578082,0.2321464283,-0.7057526203,0.03807701127,0.06976181207,-0.04387405485,-0.05645096274,-0.08423847792,0.08921382677,0.05863466065,-0.01610972152,0,0.07177994964,0.04197091232,-0.1415512787,-0.1069554128,0.09206579151,0.008289270264,0.03742088437,0.008289270264,0.095,0.145,0.02,0,0
5.84,-0.3072000066,-0.06973927415,0.1659762814,-0.001230556096,-0.06495423883,0.9978882437,0.02499739591,0.9996875163,0,0,1.388607722,1.564715236,-1.457143525,1.721482332,0.3376070845,-0.1476718876,-0.06684254535,-1.386649956,1.649336143,1.206913139,1.441358489,0.2117422954,0.2310768742,-0.7048319624,0.03844290707,0.07205885158,-0.0452678875,-0.05940112203,-0.08692807078,0.09244169877,0.06039312851,-0.01570552243,0,0.07398614962,0.04220025089,-0.1457530069,-0.1098520939,0.09514589224,0.008291898422,0.03742820618,0.008291898422,0.095,0.14,0.02,0,0
5.85,-0.3055141475,-0.0697530423,0.1712092527,-0.001523677812,-0.06495423883,0.9978882437,0.02499739591,0.9996875163,0,0,1.388992151,1.565435824,-1.457596204,1.720888321,0.3367378038,-0.1467474706,-0.06623861407,-1.386807011,1.649336143,1.207653001,1.441780492,0.2102847654,0.2299783533,-0.7038805035,0.03880674489,0.07439084488,-0.04667759632,-0.06239922848,-0.08965943572,0.09571980576,0.06216774548,-0.0152987036,0,0.07624938499,0.04243926386,-0.1500467185,-0.1127902755,0.09830596725,0.008294624577,0.03743580098,0.008294624577,0.095,0.14,0.02,0,0
5.86,-0.3037755528,-0.06976975955,0.1765228584,-0.001820352045,-0.06495423883,0.9978882437,0.02499739591,0.9996875163,0,0.5,1.389380219,1.566179732,-1.45806298,1.720264329,0.3358412095,-0.1457902726,-0.06561693661,-1.386959998,1.649336143,1.208415495,1.442204884,0.2087842982,0.2288504505,-0.7028974438,0.03916744376,0.07675625339,-0.0481019434,-0.06544396224,-0.09243082566,0.09904618149,0.06395659635,-0.01487455937,0,0.07851716125,0.04268770394,-0.1543940852,-0.1157575913,0.1014980887,0.008297452504,0.03744367799,0.008297452504,0.095,0.14,0.02,0,0
5.87,-0.3019834325,-0.0697894607,0.1819138236,-0.00212043451,-0.06495423883,0.9978882437,0.0299955002,0.9995500337,0,0,1.389771893,1.566947295,-1.458544,1.719609889,0.3349169012,-0.1447998108,-0.06497737065,-1.387108744,1.649336143,1.209200666,1.442631761,0.2072403573,0.2276928746,-0.7018824629,0.03952392141,0.07915354761,-0.04953970196,-0.06853401938,-0.09524050974,0.102418873,0.06575776964,-0.01444202576,0,0.08082065591,0.04294532398,-0.1588161545,-0.118757604,0.1047509543,0.008300386062,0.03745184216,0.008300386062,0.095,0.145,0.02,0,0
5.88,-0.3001370293,-0.06981217912,0.1873789014,-0.002423782164,-0.06495423883,0.9978882437,0.0299955002,0.9995500337,0,0,1.390167132,1.56773883,-1.459039397,1.718924549,0.3339644961,-0.143775622,-0.06431979295,-1.387253164,1.649336143,1.210008873,1.443061214,0.2056521958,0.2265052985,-0.7008349534,0.03987509538,0.08158120728,-0.05098965709,-0.07166811128,-0.09808677363,0.1058359404,0.06756935862,-0.01400079341,0,0.08315841468,0.04321187652,-0.1633108784,-0.1217876263,0.1080634059,0.0083034292,0.0374603012,0.0083034292,0.095,0.145,0.02,0,0
5.89,-0.2982356181,-0.06983794675,0.1929148732,-0.002730253206,-0.06495423883,0.9978882437,0.0299955002,0.9995500337,0,0,1.390565883,1.568554643,-1.459549293,1.718207868,0.3329836284,-0.1427172626,-0.06364409937,-1.387393172,1.649336143,1.210840457,1.443493333,0.204019087,0.2252874223,-0.6997543193,0.04021988408,0.08403772145,-0.05245060652,-0.07484496402,-0.1009679198,0.1092954568,0.0693894623,-0.01354433504,0,0.08550681272,0.0434871136,-0.167860413,-0.1248409011,0.1114139545,0.008306585954,0.03746906289,0.008306585954,0.09,0.14,0.025,0,0
5.9,-0.2962785061,-0.06986679413,0.1985185489,-0.003039707079,-0.06495423883,0.9978882437,0.0299955002,0.9995500337,0,0,1.390968082,1.56939502,-1.460073799,1.717459418,0.3319739492,-0.1416243081,-0.06295020474,-1.387528615,1.649336143,1.211695525,1.443928204,0.2023404829,0.2240390133,-0.6986401798,0.04055720791,0.08652158856,-0.05392136136,-0.07806331786,-0.1038822676,0.1127955082,0.07121618656,-0.01307597597,0,0.0878772761,0.04377078655,-0.1724718833,-0.1279172164,0.1148132523,0.008309860452,0.03747813311,0.008309860452,0.09,0.14,0.025,0,0
5.91,-0.294265032,-0.06989875037,0.2041867661,-0.003352004469,-0.06495423883,0.9978882437,0.0299955002,0.9995500337,0,0.5,1.391373654,1.570260236,-1.460613013,1.716678785,0.3309351265,-0.140496353,-0.06223804288,-1.387659375,1.649336143,1.212574298,1.444365912,0.2006157641,0.2227598411,-0.6974920472,0.04088599042,0.08903131662,-0.05540074689,-0.08132192658,-0.1068281539,0.1163341929,0.0730476452,-0.01259742077,0,0.09027556457,0.04406264573,-0.1771484404,-0.1310152495,0.118266782,0.008313256909,0.03748751888,0.008313256909,0.09,0.14,0.025,0,0
5.92,-0.2921945661,-0.06993384323,0.2099163911,-0.003667007305,-0.06495423883,0.9978882437,0.0349928546,0.9993875625,0,0,1.391782514,1.571150549,-1.46116702,1.715865566,0.329866845,-0.139333011,-0.06150756643,-1.387785349,1.649336143,1.213477054,1.444806539,0.1988442796,0.2214496886,-0.6963093794,0.04120515944,0.09156542329,-0.05688760336,-0.08461955691,-0.109803933,0.1199096222,0.07488196102,-0.01209786415,0,0.09266259317,0.04436244018,-0.1818611602,-0.1341256006,0.1217388511,0.008316779634,0.03749722787,0.008316779634,0.09,0.145,0.025,0,0
5.93,-0.2900665099,-0.06997209908,0.2157043181,-0.003984578759,-0.06495423883,0.9978882437,0.0349928546,0.9993875625,0,0,1.392194566,1.572066203,-1.461735896,1.71501937,0.3287688056,-0.1381339148,-0.06075874682,-1.387906328,1.649336143,1.21440368,1.445250163,0.197025668,0.2201084326,-0.6950919909,0.04151364821,0.094122436,-0.05838078674,-0.0879549879,-0.1128079772,0.1235199195,0.07671726697,-0.01159534319,0,0.09510271992,0.04466991761,-0.1866551758,-0.1372575211,0.1252887722,0.008320433026,0.03750726445,0.008320433026,0.09,0.14,0.025,0,0
5.94,-0.2878802957,-0.07001354292,0.2215474696,-0.004304583245,-0.06495423883,0.9978882437,0.0349928546,0.9993875625,0,0,1.392609702,1.573007427,-1.462319704,1.71413982,0.3276407259,-0.1368987156,-0.05999157415,-1.388022281,1.649336143,1.215354707,1.445696862,0.1951591163,0.2187358574,-0.6938391032,0.0418103966,0.09670089211,-0.05987916953,-0.09132701032,-0.1158386768,0.1271632204,0.07855170728,-0.01107489359,0,0.09754196365,0.04498482381,-0.1914909377,-0.1403989462,0.1288671852,0.008324221576,0.03751763884,0.008324221576,0.085,0.14,0.03,0,0
5.95,-0.2856353866,-0.07005819841,0.2274427963,-0.004626886422,-0.06495423883,0.9978882437,0.0349928546,0.9993875625,0,0.5,1.393027806,1.573974436,-1.462918496,1.71322655,0.3264823391,-0.1356270834,-0.05920605707,-1.38813303,1.649336143,1.216330126,1.44614671,0.1932442069,0.2173318679,-0.6925504313,0.04209435224,0.09929933902,-0.06138164153,-0.09473442601,-0.1188944406,0.1308376729,0.08038343856,-0.01053903557,0,0.09998900031,0.0453069027,-0.1963737362,-0.1435491507,0.1324822684,0.008328149863,0.0375283566,0.008328149863,0.085,0.14,0.03,0,0
5.96,-0.2833312759,-0.07010608787,0.2333872772,-0.004951355189,-0.06495423883,0.9978882437,0.03998933419,0.9992001067,0,0,1.39344875,1.57496743,-1.463532312,1.712279206,0.3252933947,-0.1343187067,-0.05840222269,-1.388238421,1.649336143,1.217330016,1.44659978,0.1912804695,0.2158963764,-0.6912256087,0.04236447171,0.1019163343,-0.06288711063,-0.0981760473,-0.1219736959,0.1345414368,0.08221063101,-0.009988074256,0,0.1024445953,0.04563589591,-0.2013032299,-0.1467059737,0.136134945,0.008332222561,0.03753942423,0.008332222561,0.085,0.14,0.03,0,0
5.97,-0.2809674872,-0.07015723229,0.2393779195,-0.00527785769,-0.06495423883,0.9978882437,0.03998933419,0.9992001067,0,0,1.393872394,1.575986593,-1.464161184,1.711297445,0.3240736577,-0.1329732923,-0.05758011638,-1.388338301,1.649336143,1.218354462,1.447056138,0.1892674373,0.2144293167,-0.6898642592,0.04261972174,0.104550446,-0.06439450359,-0.1016506964,-0.1250748891,0.1382726838,0.0840314695,-0.009420588056,0,0.1049032684,0.04597154263,-0.2062745963,-0.1498661816,0.1398203965,0.00833644443,0.03755084839,0.00833644443,0.085,0.14,0.03,0,0
5.98,-0.2785435735,-0.07021165136,0.2454117584,-0.005606263312,-0.06495423883,0.9978882437,0.03998933419,0.9992001067,0,0.5,1.394298592,1.577032098,-1.464805129,1.710280938,0.3228229088,-0.1315905655,-0.05673980168,-1.388432507,1.649336143,1.219403495,1.447515854,0.1872046913,0.2129306549,-0.6884660552,0.04285908033,0.1072002526,-0.06590276678,-0.1051572047,-0.1281964859,0.1420295975,0.08584415477,-0.008844207475,0,0.107392475,0.04631357933,-0.2113068195,-0.1530321422,0.1435641342,0.008340820321,0.03755987379,0.008340820321,0.085,0.14,0.03,0,0
5.99,-0.2760591178,-0.07026936347,0.2514858576,-0.005936442685,-0.06495423883,0.9978882437,0.04498481404,0.9989876708,0,0,1.394727182,1.5781041,-1.465464156,1.709229366,0.321540944,-0.1301702695,-0.05588136014,-1.388520949,1.649336143,1.22047742,1.44797899,0.1850916231,0.2114003335,-0.6870304139,0.04308153795,0.1098643431,-0.06741086695,-0.1086944122,-0.1313369712,0.1458103731,0.08764690458,-0.008247718998,0,0.1098712016,0.04666173948,-0.216369481,-0.1561945494,0.1473286392,0.008345355172,0.03756364773,0.008345355172,0.08,0.145,0.035,0,0
6,-0.2735137319,-0.0703303857,0.2575973088,-0.006268267681,-0.06495423883,0.9978882437,0.04498481404,0.9989876708,0,0,1.395157998,1.579202743,-1.466138265,1.708142422,0.3202275743,-0.1287121658,-0.05500489109,-1.388603426,1.649336143,1.221576132,1.448445607,0.1829279283,0.209838388,-0.6855571275,0.04328609872,0.1125413175,-0.06891779197,-0.1122611671,-0.13449485,0.1496132175,0.08943795483,-0.007630228059,0,0.1123357149,0.0470157534,-0.2214589882,-0.1593506241,0.1511106811,0.008350054008,0.03756765455,0.008350054008,0.08,0.14,0.035,0,0
6.01,-0.2709070567,-0.07039473388,0.2637432321,-0.006601611414,-0.06495423883,0.9978882437,0.04498481404,0.9989876708,0,0,1.395590859,1.580328157,-1.466827443,1.70701981,0.3188826258,-0.1272160336,-0.05411051154,-1.388679729,1.649336143,1.222699489,1.448915765,0.1807133384,0.2082448817,-0.6840460207,0.04347178148,0.1152297869,-0.07042255156,-0.1158563249,-0.1376686469,0.1534363491,0.09121556073,-0.007007771789,0,0.114844439,0.04737534809,-0.2266169101,-0.1625077499,0.1549643485,0.008354921938,0.03757190037,0.008354921938,0.08,0.14,0.035,0,0
6.02,-0.2682387618,-0.07046242257,0.2699207756,-0.006936348245,-0.06495423883,0.9978882437,0.04498481404,0.9989876708,0,0.5,1.396025577,1.581480455,-1.467531668,1.705861247,0.3175059393,-0.1256816701,-0.05319835593,-1.388749806,1.649336143,1.223847933,1.449389518,0.1784471693,0.2066198042,-0.6824963772,0.04363762102,0.1179283735,-0.07192417796,-0.1194787478,-0.140856907,0.157277998,0.09297799795,-0.006356354512,0,0.1173091445,0.04774024675,-0.231778449,-0.1656491474,0.1588085403,0.008359964154,0.03757639368,0.008359964154,0.08,0.14,0.035,0,0
6.03,-0.2655085452,-0.07053346508,0.2761271158,-0.007272353773,-0.06495423883,0.9978882437,0.04997916927,0.9987502604,0,0,1.396461953,1.582659738,-1.46825091,1.70466646,0.3160973702,-0.1241088901,-0.05226857595,-1.38881337,1.649336143,1.225021025,1.449866921,0.1761293848,0.2049633127,-0.6809082918,0.0437826691,0.1206357108,-0.07342172667,-0.1231273046,-0.1440581959,0.1611364054,0.0947235637,-0.005693248258,0,0.1197928362,0.04811016895,-0.2369885515,-0.1687829336,0.1627015749,0.008365185929,0.03758113972,0.008365185929,0.075,0.14,0.04,0,0
6.04,-0.2627161329,-0.07060787347,0.2823594572,-0.007609504843,-0.06495423883,0.9978882437,0.04997916927,0.9987502604,0,0,1.39689978,1.583866095,-1.468985127,1.703435187,0.3146567883,-0.1224975261,-0.05132134032,-1.388870303,1.649336143,1.226218953,1.450348022,0.1737594993,0.2032754834,-0.6792812761,0.04390599563,0.1233504441,-0.07491427706,-0.1268008694,-0.1472710998,0.1650098241,0.09645057789,-0.005014048824,0,0.1222791124,0.04848483014,-0.242234578,-0.171904145,0.1666285694,0.008370592613,0.03758614629,0.008370592613,0.075,0.14,0.04,0,0
6.05,-0.2598612786,-0.07068565859,0.2886150329,-0.007947679543,-0.06495423883,0.9978882437,0.04997916927,0.9987502604,0,0.5,1.39733884,1.5850996,-1.46973427,1.702167178,0.3131840773,-0.1208474278,-0.05035683454,-1.388920443,1.649336143,1.227441744,1.450832871,0.1713371535,0.201556442,-0.6776149904,0.04400668969,0.1260712301,-0.07640093303,-0.1304983218,-0.1504942258,0.1688965182,0.0981573842,-0.004318412727,0,0.1247664373,0.04886394159,-0.2475146827,-0.1750102832,0.1705883402,0.008376189634,0.0375914207,0.008376189634,0.075,0.14,0.04,0,0
6.06,-0.2569437639,-0.07076683007,0.2948911038,-0.008286757203,-0.06495423883,0.9978882437,0.05497227503,0.9984878812,0,0,1.397778906,1.586360312,-1.47049828,1.700862195,0.311679135,-0.1191584627,-0.0493752607,-1.388963627,1.649336143,1.228689409,1.45132151,0.1688620067,0.1998063391,-0.675909107,0.04408386061,0.1287967379,-0.07788082363,-0.1342185457,-0.1537262025,0.1727947633,0.0998423512,-0.003596068459,0,0.1272162297,0.04924721012,-0.2527998654,-0.1780932296,0.1745454577,0.00838198249,0.03759697035,0.00838198249,0.075,0.14,0.045,0,0
6.07,-0.2539633973,-0.07085139634,0.3011849591,-0.008626618396,-0.06495423883,0.9978882437,0.05497227503,0.9984878812,0,0,1.398219745,1.58764828,-1.471277088,1.699520009,0.310141873,-0.117430515,-0.04837683718,-1.388999588,1.649336143,1.229961571,1.451813982,0.166334008,0.1980254068,-0.6741636524,0.04413663899,0.1315256484,-0.0793531036,-0.1379604292,-0.1569656794,0.1767028462,0.1015038734,-0.002861599775,0,0.1296823005,0.04963433816,-0.2581287498,-0.1811591516,0.1785498439,0.008387976751,0.03760280106,0.008387976751,0.07,0.14,0.045,0,0
6.08,-0.2509200144,-0.07093936465,0.3074939164,-0.008967144937,-0.06495423883,0.9978882437,0.05497227503,0.9984878812,0,0.5,1.398661111,1.588963536,-1.472070619,1.698140405,0.3085722162,-0.1156634866,-0.04736179845,-1.389028204,1.649336143,1.231258394,1.452310325,0.1637527205,0.1962138153,-0.6723781539,0.04416417772,0.1342566553,-0.08081695398,-0.1417228638,-0.1602113279,0.180619065,0.1031403722,-0.002109446926,0,0.1321437108,0.05002502329,-0.2634853295,-0.1842025804,0.182582375,0.008394178053,0.03760892106,0.008394178053,0.07,0.14,0.045,0,0
6.09,-0.2478134775,-0.07103074107,0.3138153214,-0.009308219886,-0.06495423883,0.9978882437,0.05996400648,0.9982005399,0,0,1.399102753,1.590306103,-1.472878788,1.696723176,0.3069701029,-0.1138572959,-0.04633039473,-1.389049298,1.649336143,1.232579831,1.452810576,0.1611178672,0.1943717895,-0.6705523302,0.04416565291,0.1369884645,-0.08227158259,-0.1455047442,-0.1634618411,0.1845417294,0.1047502973,-0.001335086496,0,0.134583084,0.05041895828,-0.2688560951,-0.1872188055,0.1866271753,0.008400592093,0.03761533782,0.008400592093,0.07,0.14,0.045,0,0
6.1,-0.2446436752,-0.07112553049,0.3201465479,-0.009649727546,-0.06495423883,0.9978882437,0.05996400648,0.9982005399,0,0,1.39954441,1.591675987,-1.473701504,1.695268129,0.3053354845,-0.1120118786,-0.04528289176,-1.389062649,1.649336143,1.233925662,1.453314765,0.1584293063,0.1924996015,-0.6686860584,0.04414026488,0.1397197948,-0.08371622451,-0.1493049676,-0.166715934,0.1884691603,0.106332127,-0.0005369613794,0,0.136993956,0.05081583095,-0.2742354877,-0.1902048878,0.1906784296,0.008407224629,0.03762205811,0.008407224629,0.065,0.14,0.05,0,0
6.11,-0.2414105224,-0.07122373668,0.3264849981,-0.00999155346,-0.06495423883,0.9978882437,0.05996400648,0.9982005399,0,0.5,1.399985812,1.593073185,-1.474538666,1.693775079,0.3036683252,-0.110127187,-0.04421957049,-1.389068019,1.649336143,1.235295602,1.453822924,0.1556869514,0.1905975526,-0.6667792741,0.04408723903,0.1424493783,-0.08515014255,-0.1531224332,-0.1699723437,0.1923996902,0.1078843699,0.0002699013442,0,0.1394326712,0.05121532409,-0.2796644217,-0.1931667864,0.1947884857,0.008414081474,0.03762908839,0.008414081474,0.065,0.135,0.05,0,0
6.12,-0.2381139597,-0.07132536225,0.3328281024,-0.01033358442,-0.06495423883,0.9978882437,0.06495423883,0.9978882437,0,0,1.400426685,1.594497679,-1.475390168,1.692243855,0.3019686017,-0.1082031901,-0.04314072679,-1.38906532,1.649336143,1.236689928,1.454335077,0.1528903072,0.1886658847,-0.6648313893,0.04400582675,0.1451759601,-0.08657262767,-0.156956042,-0.1732298296,0.1963316632,0.1094055655,0.001108457762,0,0.1418119253,0.05161711514,-0.2850776559,-0.1960899825,0.198876667,0.008421168492,0.03763643795,0.008421168492,0.065,0.14,0.05,0,0
6.13,-0.2347539533,-0.07143040868,0.3391733192,-0.01067570845,-0.06495423883,0.9978882437,0.06495423883,0.9978882437,0,0,1.400866743,1.595949439,-1.476255894,1.690674294,0.3002363034,-0.1062398735,-0.04204667113,-1.389054235,1.649336143,1.238108047,1.454851248,0.1500395306,0.1867049849,-0.6628426226,0.04389530623,0.1478982988,-0.08798299931,-0.1608046961,-0.1764871735,0.2002634348,0.1108942851,0.001960385118,0,0.1442006102,0.05202087644,-0.2905254405,-0.1989821737,0.2030069305,0.008428491592,0.03764411189,0.008428491592,0.06,0.14,0.055,0,0
6.14,-0.2313304947,-0.07153887636,0.3455181354,-0.01101781483,-0.06495423883,0.9978882437,0.06495423883,0.9978882437,0,0.5,1.401305696,1.597428422,-1.477135724,1.689066248,0.2984714317,-0.1042372391,-0.04093772828,-1.389034631,1.649336143,1.239550054,1.455371457,0.1471342762,0.1847151631,-0.6608125533,0.04375498327,0.1506151667,-0.08938060577,-0.1646672985,-0.1797431797,0.2041933724,0.1123491329,0.002834440554,0,0.1465649748,0.0524262749,-0.2959820809,-0.2018365834,0.2071481511,0.008436056727,0.03765211874,0.008436056727,0.06,0.135,0.055,0.005,0
6.15,-0.2278436002,-0.07165076455,0.3518600659,-0.01135979407,-0.06495423883,0.9978882437,0.06994284734,0.9975510003,0,0,1.401743246,1.598934573,-1.47802953,1.687419575,0.2966739999,-0.1021953054,-0.03981423695,-1.389006287,1.649336143,1.241015703,1.455895719,0.1441744554,0.1826967973,-0.6587410718,0.04358419207,0.1533253501,-0.09076482449,-0.1685427526,-0.182996675,0.208119855,0.1137687467,0.003734310408,0,0.1488901482,0.05283297201,-0.3014357268,-0.2046493348,0.2112866415,0.008443869885,0.03766046542,0.008443869885,0.06,0.14,0.055,0,0
6.16,-0.2242933112,-0.07176607145,0.3581966538,-0.01170153794,-0.06495423883,0.9978882437,0.06994284734,0.9975510003,0,0.5,1.402179088,1.600467827,-1.478937178,1.685734147,0.2948440331,-0.1001141069,-0.03867654949,-1.388968944,1.649336143,1.242504605,1.456424049,0.1411600982,0.180650304,-0.6566282054,0.04338229591,0.1560276494,-0.09213506229,-0.1724299619,-0.1862465091,0.2120412736,0.1151517986,0.004645902836,0,0.1512297298,0.05324062396,-0.3069256596,-0.2074254629,0.2154722421,0.008451937088,0.03766915805,0.008451937088,0.055,0.135,0.055,0,0
6.17,-0.2206796931,-0.07188479417,0.3645254707,-0.01204293943,-0.06495423883,0.9978882437,0.07492970727,0.9971888181,0,0,1.402612911,1.602028103,-1.479858529,1.684009847,0.2929815681,-0.09799369412,-0.0375250315,-1.388922485,1.649336143,1.244016902,1.456956455,0.1380908416,0.1785760493,-0.654473483,0.04314868788,0.1587208794,-0.09349075558,-0.1763278296,-0.1894915544,0.2159560313,0.1164969963,0.005580424772,0,0.1535401115,0.05364888132,-0.312418692,-0.2101572005,0.2196645951,0.008460264383,0.03767820564,0.008460264383,0.055,0.14,0.055,0,0
6.18,-0.2170028357,-0.07200692875,0.370844116,-0.0123838928,-0.06495423883,0.9978882437,0.07492970727,0.9971888181,0,0,1.403044398,1.603615312,-1.480793437,1.682246569,0.2910866525,-0.09583413381,-0.03636006154,-1.388866681,1.649336143,1.245552303,1.457492944,0.1349666546,0.1764744773,-0.652276837,0.04288279149,0.1614038695,-0.09483137054,-0.1802352584,-0.1927307062,0.2198625433,0.1178030833,0.006543154707,0,0.1557999037,0.05405738926,-0.3178979878,-0.2128400913,0.2238438823,0.008468857842,0.03768761495,0.008468857842,0.055,0.14,0.055,0,0
6.19,-0.2132628526,-0.07213247018,0.3771502176,-0.01272429353,-0.06495423883,0.9978882437,0.07492970727,0.9971888181,0,0.5,1.403473226,1.605229351,-1.48174175,1.680444217,0.2891593454,-0.09363550838,-0.0351820307,-1.388801249,1.649336143,1.247110302,1.458033518,0.1317876748,0.1743460764,-0.6500383982,0.0425840613,0.1640754639,-0.09615640326,-0.1841511501,-0.1959628827,0.2237592373,0.1190688401,0.007524927152,0,0.1580438326,0.05446578757,-0.3233888156,-0.2154766508,0.2280423961,0.008477723549,0.03769739146,0.008477723549,0.05,0.135,0.065,0.005,0
6.2,-0.2094598809,-0.07226141243,0.3834414316,-0.01306403835,-0.06495423883,0.9978882437,0.07991469397,0.9968017063,0,0,1.403899066,1.606870105,-1.482703314,1.678602705,0.2871997166,-0.09139791601,-0.0339913423,-1.388726,1.649336143,1.248690741,1.458578176,0.1285537866,0.1721913099,-0.6477579742,0.04225198345,0.1667345218,-0.09746537976,-0.1880744052,-0.199187025,0.2276445532,0.1202930847,0.008525321307,0,0.1602729362,0.05487371059,-0.3288912999,-0.2180650177,0.2322611473,0.008486867601,0.03770754257,0.008486867601,0.05,0.14,0.065,0,0
6.21,-0.2055940813,-0.07239374842,0.3897154422,-0.01340302524,-0.06495423883,0.9978882437,0.07991469397,0.9968017063,0,0.5,1.404321586,1.608537451,-1.483677968,1.676721961,0.2852078464,-0.08912147047,-0.03278841146,-1.388640746,1.649336143,1.25029347,1.459126913,0.1252648736,0.1700106597,-0.6454353628,0.04188607621,0.1693799177,-0.09875785607,-0.1920039232,-0.2024020972,0.231516944,0.121474673,0.009548661111,0,0.1624695037,0.05528078726,-0.3343913871,-0.2206012164,0.2364836819,0.008496296099,0.03771807578,0.008496296099,0.05,0.135,0.065,0,0
6.22,-0.2016656371,-0.07252947007,0.3959699618,-0.01374115342,-0.06495423883,0.9978882437,0.0848976828,0.9963896745,0,0,1.404740447,1.61023125,-1.484665547,1.674801922,0.2831838254,-0.08680630103,-0.03157366473,-1.38854526,1.649336143,1.251918165,1.459679721,0.1219209597,0.1678046476,-0.6430705259,0.04148589041,0.1720105416,-0.1000334182,-0.1959386018,-0.2056070861,0.2353748753,0.1226125,0.01059599156,0,0.1646284276,0.05568664125,-0.3398844337,-0.2230829297,0.2407052209,0.008506015143,0.03772899753,0.008506015143,0.045,0.14,0.07,0,0
6.23,-0.1976747546,-0.0726685683,0.4022027311,-0.01407832333,-0.06495423883,0.9978882437,0.0848976828,0.9963896745,0,0.5,1.405155306,1.611951355,-1.485665881,1.672842536,0.2811277545,-0.08445255228,-0.03034753973,-1.3884393,1.649336143,1.253564449,1.460236587,0.1185221154,0.1655738183,-0.6406634737,0.04105100993,0.1746252993,-0.1012916821,-0.1998773368,-0.2088010018,0.2392168259,0.1237054999,0.01166209129,0,0.1667694591,0.05609089108,-0.3453846583,-0.2255105796,0.244944106,0.008516030824,0.0377403139,0.008516030824,0.045,0.135,0.07,0,0
6.24,-0.1936216624,-0.07281103302,0.408411519,-0.0144144367,-0.06495423883,0.9978882437,0.0898785492,0.995952733,0,0,1.405565816,1.613697608,-1.486678798,1.670843762,0.2790397445,-0.08206038402,-0.02911048473,-1.388322679,1.649336143,1.255232144,1.460797496,0.1150682688,0.1633187125,-0.6382140327,0.040581052,0.1772231122,-0.1025322934,-0.2038190224,-0.2119828769,0.2430412879,0.1247526471,0.01275008191,0,0.16887934,0.05649315009,-0.3508812903,-0.2278808939,0.2491879375,0.008526349221,0.03775203212,0.008526349221,0.045,0.14,0.075,0,0
6.25,-0.1895066115,-0.07295685319,0.4145941226,-0.01474939647,-0.06495423883,0.9978882437,0.0898785492,0.995952733,0,0.5,1.405971626,1.615469839,-1.487704121,1.668805572,0.2769199158,-0.07962997114,-0.02786295826,-1.388195178,1.649336143,1.256920937,1.461362428,0.1115594559,0.1610399035,-0.6357221533,0.04007566763,0.1798029182,-0.1037549277,-0.2077625502,-0.215151767,0.2468467668,0.1257529563,0.01386328913,0,0.1709436494,0.05689302667,-0.3563625498,-0.2301907102,0.2534231792,0.008536976392,0.03776415857,0.008536976392,0.04,0.135,0.075,0,0
6.26,-0.1853298745,-0.07310601678,0.4207483672,-0.01508310681,-0.06495423883,0.9978882437,0.09485716863,0.9954908928,0,0,1.406372383,1.617267868,-1.48874167,1.666727947,0.2747683981,-0.07716150347,-0.02660542869,-1.388056545,1.649336143,1.258630374,1.461931358,0.1079958304,0.1587379964,-0.6331879215,0.03953454184,0.1823636711,-0.1049592898,-0.2117068102,-0.2183067503,0.2506317823,0.1267054831,0.01499843336,0,0.1729743251,0.05729012439,-0.361836715,-0.2324396657,0.2576608233,0.00854791837,0.03777669862,0.00854791837,0.04,0.14,0.075,0,0
6.27,-0.1810917458,-0.07325851084,0.4268721064,-0.01541547318,-0.06495423883,0.9978882437,0.09485716863,0.9954908928,0,0,1.406767728,1.619091505,-1.489791263,1.664610879,0.2725853306,-0.07465518565,-0.02533837386,-1.387906561,1.649336143,1.260360117,1.462504259,0.1043774633,0.1564135998,-0.6306113133,0.03895739394,0.1849043416,-0.1061451138,-0.2156506898,-0.2214469277,0.2543948676,0.1276093247,0.01615033189,0,0.1749913138,0.05768404219,-0.3673183232,-0.2346279711,0.2619193313,0.008559181152,0.03778965827,0.008559181152,0.035,0.14,0.08,0,0
6.28,-0.1767925411,-0.07341432146,0.4329632217,-0.01574640224,-0.06495423883,0.9978882437,0.09485716863,0.9954908928,0,0.5,1.407157302,1.620940549,-1.490852714,1.662454372,0.2703708613,-0.07211123698,-0.02406228062,-1.387745058,1.649336143,1.26211003,1.4630811,0.10070428,0.1540673201,-0.62799212,0.03834397773,0.1874239167,-0.1073121628,-0.2195930739,-0.2245714226,0.2581345706,0.12846362,0.01733235071,0,0.1769391724,0.0580743744,-0.3727640495,-0.2367487518,0.266146805,0.008570770699,0.03780304485,0.008570770699,0.035,0.135,0.08,0.005,0
6.29,-0.1724325971,-0.07357343379,0.4390196233,-0.0160758019,-0.06495423883,0.9978882437,0.09983341665,0.9950041653,0,0,1.407540742,1.622814788,-1.491925836,1.660258441,0.2681251471,-0.06952989127,-0.02277764442,-1.387571734,1.649336143,1.263879422,1.463661844,0.09697663954,0.1516998326,-0.6253306519,0.03769408167,0.1899214007,-0.1084602284,-0.2235328453,-0.2276793806,0.2618494535,0.1292675501,0.01853259083,0,0.1788648728,0.05846071119,-0.3782090883,-0.2388049404,0.2703868454,0.008582692923,0.03781686177,0.008582692923,0.03,0.14,0.085,0,0
6.3,-0.1680122712,-0.07373583209,0.4450392492,-0.01640358134,-0.06495423883,0.9978882437,0.09983341665,0.9950041653,0,0.5,1.407917683,1.624714002,-1.493010438,1.658023112,0.2658483533,-0.06691139673,-0.02148496892,-1.387386408,1.649336143,1.265668071,1.464246451,0.09319454865,0.1493117831,-0.6226267835,0.03700752898,0.1923958145,-0.1095891305,-0.2274688843,-0.2307699696,0.2655380936,0.1300203386,0.01975155159,0,0.1807653325,0.05884263862,-0.3836503443,-0.2407945424,0.2746363536,0.008594953683,0.03783111552,0.008594953683,0.03,0.135,0.085,0,0
6.31,-0.1635319415,-0.07390149972,0.4510200659,-0.01672965096,-0.06495423883,0.9978882437,0.1048071688,0.9944925627,0,0,1.408287758,1.62663796,-1.494106329,1.655748424,0.2635406536,-0.0642560158,-0.02018476553,-1.387188893,1.649336143,1.267475724,1.464834877,0.08935804521,0.1469038377,-0.6198804199,0.03628417773,0.1948461967,-0.110698717,-0.2314000687,-0.2338423793,0.2691990833,0.130721252,0.02099850348,0,0.1826009041,0.05921973886,-0.3890563189,-0.2427127369,0.2788580189,0.008607558779,0.03784581234,0.008607558779,0.03,0.14,0.085,0,0
6.32,-0.158992006,-0.07407041912,0.4569600678,-0.01705392239,-0.06495423883,0.9978882437,0.1048071688,0.9944925627,0,0,1.4086506,1.628586422,-1.495213316,1.653434423,0.2612022298,-0.06156402497,-0.01887755301,-1.386978908,1.649336143,1.269301733,1.465427074,0.08546748202,0.1444767104,-0.6170918397,0.0355239209,0.1972716028,-0.1117888628,-0.2353252742,-0.2368958216,0.2728310301,0.1313695997,0.0747738979,-0.168783198,-0.03438820098,0.05962083216,-0.2243071598,-0.2278571559,0.07855145085,0.008620513944,0.03786095543,0.008620513944,0.025,0.135,0.09,0,0
6.33,-0.1543928827,-0.07424257188,0.4628572779,-0.01737630854,-0.06495423883,0.9978882437,0.1048071688,0.9944925627,0,0,1.409005839,1.630559138,-1.496331205,1.65108117,0.2588332716,-0.05883571466,-0.01756385701,-1.386231169,1.647648311,1.268957851,1.466023283,0.08322441042,0.1421981388,-0.6163063252,0.03472668632,0.1996711063,-0.1128594699,-0.239243374,-0.2399295295,0.2764325577,0.1319647345,0.08323723537,-0.1926740618,-0.0632731345,0.05995779854,-0.2049949654,-0.2285802133,0.05403601827,0.008633824835,0.03734276747,0.008633824835,0.025,0.13,0.09,0.005,0.00168783198
6.34,-0.1497350095,-0.07441793872,0.468709747,-0.01769672354,-0.06495423883,0.9978882437,0.1048071688,0.9944925627,0,0,1.409353106,1.632555849,-1.4974598,1.648688736,0.2564339763,-0.05607138909,-0.01624420967,-1.385398796,1.645721571,1.26832512,1.466622861,0.08117446077,0.1399123367,-0.615765965,0.03389243664,0.202043798,-0.1139104666,-0.2431532391,-0.2429427575,0.2800023056,0.1325060527,0.08500066848,-0.1950169421,-0.06434861611,0.06031787648,-0.2072456069,-0.2314974917,0.05554738692,0.008647497032,0.03674939965,0.008647497032,0.02,0.13,0.095,0.005,0.003614572598
6.35,-0.1450188434,-0.0745964995,0.4745155545,-0.01801508275,-0.06495423883,0.9978882437,0.1048071688,0.9944925627,0,0,1.40969203,1.634576287,-1.498598904,1.646257204,0.2540045487,-0.05327136603,-0.01491914914,-1.38454879,1.643771401,1.267681633,1.467226039,0.0791020047,0.1375973617,-0.6152104912,0.03302116926,0.2043887868,-0.1149418068,-0.2470537385,-0.2459347814,0.2835389296,0.1329929939,0.08677161239,-0.1973365181,-0.06543347664,0.06067142317,-0.20946982,-0.2343937873,0.0570828511,0.008661536025,0.0361489911,0.008661536025,0.02,0.125,0.095,0.01,0.005564742019
6.36,-0.1402448603,-0.07477823324,0.4802728077,-0.01833130281,-0.06495423883,0.9978882437,0.1048071688,0.9944925627,0,0,1.410022242,1.636620175,-1.499748322,1.643786667,0.2515452009,-0.05043597674,-0.0135892192,-1.383681074,1.641798036,1.267027299,1.467832754,0.0770073065,0.1352534239,-0.6146396627,0.03211291618,0.2067051994,-0.1159534698,-0.2509437393,-0.2489048973,0.2870411025,0.1334250418,0.0885498614,-0.1996318939,-0.06652766767,0.06101800586,-0.2116669901,-0.2372678551,0.05864225648,0.008675947207,0.03554162259,0.008675947207,0.015,0.125,0.1,0.015,0.0075381072
6.37,-0.1354135553,-0.07496311815,0.4859796423,-0.01864530157,-0.06495423883,0.9978882437,0.1048071688,0.9944925627,0,0,1.410343371,1.638687227,-1.500907857,1.641277229,0.2490561519,-0.04756556571,-0.01225496878,-1.382795575,1.639801717,1.266362022,1.468442934,0.0748906366,0.1328807453,-0.6140532401,0.03116774384,0.2089921807,-0.116945459,-0.2548221066,-0.2518524221,0.2905075139,0.1338017236,0.09033520493,-0.2019021845,-0.06763113681,0.06135718976,-0.2138365255,-0.2401184517,0.06022542585,0.008690735873,0.03492737787,0.008690735873,0.015,0.12,0.1,0.015,0.009534426139
6.38,-0.1305254416,-0.0751511316,0.4916342222,-0.01895699814,-0.06495423883,0.9978882437,0.1048071688,0.9944925627,0,0,1.410655049,1.640777149,-1.502077312,1.638729008,0.2465376277,-0.04466049057,-0.01091695155,-1.381892223,1.637782695,1.265685711,1.469056506,0.07275227135,0.1304795608,-0.6134509858,0.03018575292,0.2112488936,-0.1179178019,-0.258687704,-0.2547766928,0.2939368708,0.1341226103,0.0921274272,-0.2041465167,-0.06874382747,0.06168853842,-0.215977857,-0.2429443357,0.06183215881,0.008705907208,0.03430634364,0.008705907208,0.01,0.12,0.105,0.02,0.008558994578
6.39,-0.125581051,-0.07534225017,0.4972347394,-0.01926631286,-0.06495423883,0.9978882437,0.1048071688,0.9944925627,0,0,1.410956906,1.642889637,-1.50325649,1.636142131,0.2439898608,-0.04172112186,-0.009575725445,-1.380970949,1.63574123,1.264998272,1.469673391,0.07059249278,0.1280501174,-0.6128326642,0.02916707806,0.2134745194,-0.1188705488,-0.2625393937,-0.2576770661,0.2973278979,0.1343873168,0.0939263069,-0.2063640281,-0.06986567861,0.06201161407,-0.2180904376,-0.2457442686,0.06346223141,0.00872146628,0.03367860949,0.00872146628,0.01,0.115,0.105,0.02,0.006446505643
6.4,-0.120580933,-0.07553644966,0.5027794142,-0.01957316733,-0.06495423883,0.9978882437,0.1048071688,0.9944925627,0,0,1.411248577,1.645024383,-1.504445195,1.633516737,0.2414130901,-0.03874784288,-0.008231852277,-1.380031686,1.63367759,1.264299616,1.470293507,0.0684115884,0.1255926748,-0.6121980419,0.02811188764,0.2156682578,-0.1198037725,-0.2663760367,-0.2605529182,0.300679338,0.1345955016,0.09573161684,-0.2085538682,-0.0709966244,0.06232597806,-0.2201737426,-0.2485170148,0.06511539593,0.008737418035,0.0330442679,0.008737418035,0.005,0.115,0.11,0.025,0.004311760449
6.41,-0.1155256547,-0.07573370506,0.5082664951,-0.01987748437,-0.06495423883,0.9978882437,0.1048071688,0.9944925627,0,0,1.411529696,1.647181065,-1.505643233,1.630852977,0.2388075609,-0.0357410495,-0.006885897261,-1.379074369,1.631592051,1.263589649,1.470916767,0.06620985097,0.1231075046,-0.611546888,0.0268677997,0.2155077871,-0.1182597825,-0.2702083833,-0.2656001585,0.3033867851,0.1372725177,0.09754312361,-0.2107151981,-0.07213659404,0.06263119121,-0.2222272685,-0.2512613423,0.0667913806,0.008753767289,0.03240341416,0.008753767289,0.005,0.105,0.11,0.025,0.002155077871
6.42,-0.1104158008,-0.07593399063,0.5136942587,-0.02017918807,-0.06495423883,0.9978882437,0.1048071688,0.9944925627,0,0,1.411798374,1.649336143,-1.506825831,1.628150893,0.2361515593,-0.03270718165,-0.005513172084,-1.378098938,1.629484899,1.262868283,1.471543079,0.06398757829,0.1205948912,-0.6108789742,0.01176402918,0,0.1187044723,-0.2739996543,-0.4804991775,0.2489669637,0.3812537639,0.0993605873,-0.2128471907,-0.0732855114,0.06292681428,-0.2242505332,-0.2539760233,0.06848988935,0.008770341652,0.03175614635,0.008770341652,0.005,0.105,0.115,0.03,0
6.43,-0.1052519729,-0.07613727986,0.5190610101,-0.02047820375,-0.06495423883,0.9978882437,0.1048071688,0.9944925627,0.5,0,1.411916014,1.649336143,-1.505638786,1.625410896,0.2313465676,-0.03021751201,-0.001700634446,-1.377105332,1.627356427,1.262135428,1.472172347,0.06174507296,0.118055131,-0.6101940753,0.01046601992,0,0.121257314,-0.277784316,-0.485309436,0.2535019303,0.3840475811,0.1011837611,-0.2149490309,-0.0744432948,0.06321240839,-0.2262430753,-0.2566598346,0.0702106016,0.008770591523,0.03109369011,0.008770591523,0,0.105,0.115,0.03,0
6.44,-0.1000347895,-0.0763435455,0.5243650824,-0.02077445797,-0.05996400648,0.9982005399,0.1048071688,0.9944925627,0,0,1.412020674,1.649336143,-1.504426213,1.622633053,0.2264934732,-0.02768249271,0.002139841365,-1.376093495,1.625206937,1.261390995,1.472804471,0.05948264221,0.1154885326,-0.6094919693,0.009128961527,0,0.1238356945,-0.2815493683,-0.4900586235,0.2580586051,0.3867509577,0.103012391,-0.2170199157,-0.07560985668,0.06348753542,-0.2282044541,-0.2593115579,0.07195317212,0.008770813829,0.03040419673,0.008770813829,0.005,0.1,0.115,0.035,0
6.45,-0.09476488568,-0.07655275958,0.5296048368,-0.02106787853,-0.05996400648,0.9982005399,0.1048071688,0.9944925627,0.5,0,1.412111964,1.649336143,-1.503187856,1.61981756,0.221592887,-0.02510190666,0.006007350942,-1.375063371,1.623036738,1.260634897,1.473439346,0.05720059766,0.112895417,-0.6087724375,0.007754154429,0,0.1264194563,-0.2852936702,-0.4947283764,0.2626399695,0.3893426921,0.1048462154,-0.2190590544,-0.07678510333,0.06375175853,-0.2301342486,-0.2619299811,0.07371723082,0.008771007738,0.02970831035,0.008771007738,0,0.1,0.115,0.035,0
6.46,-0.08944291258,-0.07676489339,0.534778663,-0.02135839448,-0.05497227503,0.9984878812,0.1048071688,0.9944925627,0,0,1.412189506,1.649336143,-1.501923661,1.616964623,0.2166456032,-0.02247550697,0.009900777863,-1.374014909,1.620846147,1.259867046,1.474076864,0.05489925518,0.1102761172,-0.6080352652,0.006338941162,0,0.1290524507,-0.2890160814,-0.4993572043,0.2672343808,0.3918671144,0.1066849651,-0.2210656688,-0.07796893462,0.06400464262,-0.2320320574,-0.2645138982,0.07550238265,0.008771172448,0.02900614463,0.008771172448,0,0.095,0.115,0.04,0
6.47,-0.08406953746,-0.07697991755,0.5398849787,-0.02164593611,-0.05497227503,0.9984878812,0.1048071688,0.9944925627,0.5,0,1.412252895,1.649336143,-1.500633137,1.614074462,0.2116520312,-0.01980316316,0.01381944901,-1.372948059,1.61863549,1.259087356,1.47471691,0.0525789346,0.1076309782,-0.6072802414,0.004885214834,0,0.1317054284,-0.2927154625,-0.5039187524,0.2718470149,0.3942938491,0.1085283625,-0.2230389933,-0.07916124365,0.06424575477,-0.2338974983,-0.2670621104,0.07730820749,0.008771307099,0.02829781592,0.008771307099,0,0.095,0.115,0.045,0
6.48,-0.07864544322,-0.07719780197,0.5449222299,-0.02193043497,-0.04997916927,0.9987502604,0.1048071688,0.9944925627,0,0,1.412301747,1.649336143,-1.499316083,1.611147307,0.2066128436,-0.01708469301,0.0177623875,-1.371862775,1.616405101,1.258295744,1.475359368,0.05023995962,0.1049603571,-0.6065071593,0.003394118458,0,0.1343632161,-0.2963906753,-0.5083994111,0.2764792746,0.3966071303,0.1103761216,-0.2249782751,-0.08036191651,0.06447466475,-0.2357302075,-0.2695734265,0.07913426007,0.008771410871,0.02758344323,0.008771410871,0,0.09,0.115,0.045,0
6.49,-0.07317132816,-0.07741851588,0.5498888908,-0.02221182381,-0.04997916927,0.9987502604,0.1048071688,0.9944925627,0.5,0,1.412335688,1.649336143,-1.49797245,1.608183401,0.2015288495,-0.01431990026,0.0217284588,-1.370759014,1.614155318,1.257492125,1.476004115,0.04788265755,0.1022646229,-0.6057158167,0.001862565844,0,0.137075359,-0.3000405835,-0.5128426395,0.2811190259,0.3988571334,0.1122279476,-0.2268827744,-0.08157083193,0.06469094556,-0.2375298396,-0.2720466638,0.08098006993,0.008771482969,0.02686314814,0.008771482969,0,0.09,0.115,0.05,0
6.5,-0.0676479057,-0.07764202786,0.5547834637,-0.02249003668,-0.04498481404,0.9989876708,0.1048071688,0.9944925627,0,0,1.412354314,1.649336143,-1.496601697,1.605182995,0.1964004231,-0.01150871,0.02571703013,-1.369636735,1.61188649,1.256676416,1.476651024,0.04550735915,0.09954415623,-0.604906016,0.0002934425553,0,0.1398002706,-0.3036640526,-0.5172115953,0.2857734288,0.4010013019,0.1140835367,-0.2287517645,-0.08278786098,0.06489417386,-0.2392960666,-0.2744806486,0.08284514137,0.008771522535,0.02613705477,0.008771522535,0,0.085,0.115,0.05,0
6.51,-0.06207590408,-0.07786830581,0.5596044794,-0.02276500882,-0.04498481404,0.9989876708,0.1048071688,0.9944925627,0.5,0,1.412357248,1.649336143,-1.495203694,1.602146354,0.1912283072,-0.008650975717,0.02972704315,-1.368495899,1.609598972,1.255848538,1.477299966,0.04311439848,0.09679934975,-0.6040775646,-0.00131249842,0,0.1425308079,-0.3072599508,-0.5215000381,0.2904418686,0.4030323602,0.1159425756,-0.2305845321,-0.0840128668,0.06508393055,-0.2410285776,-0.2768742169,0.08472895351,0.008771528768,0.02540528977,0.008771528768,0,0.08,0.115,0.055,0
6.52,-0.05645606611,-0.07809731702,0.5643504966,-0.02303667675,-0.03998933419,0.9992001067,0.1048071688,0.9944925627,0,0,1.412344123,1.649336143,-1.493778386,1.599073755,0.1860133068,-0.00574655703,0.03375736676,-1.367336474,1.607293127,1.255008409,1.477950805,0.04070411271,0.09403060758,-0.6032302751,-0.002958278715,0,0.1453144611,-0.3108271491,-0.5257495122,0.2951134115,0.4049984085,0.1178047416,-0.2323803771,-0.08524570421,0.06525980125,-0.2427270784,-0.2792262153,0.08663096027,0.008771500888,0.02466798219,0.008771500888,0,0.08,0.115,0.06,0
6.53,-0.05078914886,-0.07832902813,0.5690201024,-0.02330497821,-0.03998933419,0.9992001067,0.1048071688,0.9944925627,0.5,0,1.412314541,1.649336143,-1.492325241,1.595965483,0.1807558117,-0.002795422915,0.03780735084,-1.366158426,1.604969323,1.254155952,1.478603403,0.03827684192,0.09123834542,-0.6023639655,-0.004638708654,0,0.1480805253,-0.3143645219,-0.5298982973,0.2997996387,0.4068279356,0.1196697016,-0.2341386135,-0.08648621948,0.06542137686,-0.2443912908,-0.2815355017,0.08855059046,0.008771438047,0.0239252635,0.008771438047,0,0.075,0.115,0.06,0
6.54,-0.04507592339,-0.07856340516,0.573611912,-0.02356985219,-0.0349928546,0.9993875625,0.1048071688,0.9944925627,0,0,1.412268154,1.649336143,-1.490844436,1.592821838,0.1754568287,0.0002025734713,0.0418756302,-1.364961729,1.602627937,1.25329109,1.479257617,0.03583292902,0.08842299041,-0.6014784596,-0.00635758721,0,0.1508879337,-0.3178709475,-0.5339979851,0.3044876212,0.4085807253,0.1215371127,-0.2358585687,-0.08773424995,0.06556825405,-0.246020952,-0.283800946,0.09048724789,0.008771339511,0.02317726751,0.008771339511,0,0.07,0.115,0.065,0
6.55,-0.03931717446,-0.07880041355,0.5781245689,-0.02383123894,-0.0349928546,0.9993875625,0.1048071688,0.9944925627,0.5,0,1.412204578,1.649336143,-1.489335557,1.589643129,0.1701168488,0.003247449684,0.04596143745,-1.363746358,1.600269351,1.252413747,1.479913299,0.0333727195,0.08558498095,-0.6005735871,-0.008112991864,0,0.1537138994,-0.3213453083,-0.5380288554,0.309179807,0.4102339373,0.1234066213,-0.2375395845,-0.08898962371,0.06570003584,-0.2476158141,-0.2860214309,0.09244031143,0.008771204464,0.02242413028,0.008771204464,0,0.07,0.115,0.065,0
6.56,-0.03351370028,-0.07904001812,0.5825567448,-0.02408907993,-0.0299955002,0.9995500337,0.1048071688,0.9944925627,0,0,1.412123448,1.649336143,-1.487798418,1.586429676,0.1647365603,0.006339247754,0.05006377682,-1.362512292,1.597893956,1.251523851,1.4805703,0.03089656136,0.08272476664,-0.599649184,-0.009905305667,0,0.1565684863,-0.3247864915,-0.5419998525,0.3138726703,0.4117979854,0.125277863,-0.2391810167,-0.09025215931,0.06581633207,-0.2491756439,-0.2881958526,0.09440913524,0.008771032131,0.02166599015,0.008771032131,0,0.065,0.115,0.07,0
6.57,-0.02766631217,-0.07928218314,0.5869071396,-0.02434331788,-0.0299955002,0.9995500337,0.1048071688,0.9944925627,0.5,0,1.412024395,1.649336143,-1.486232733,1.583181811,0.1593165618,0.009477974457,0.05418175668,-1.361259513,1.595502145,1.25062133,1.481228463,0.02840480492,0.07984280811,-0.5987050926,-0.01173214049,0,0.1594249478,-0.3281933896,-0.5458881706,0.3185686977,0.4132463763,0.1271504626,-0.2407822355,-0.09152166542,0.06591676002,-0.2507002216,-0.2903231221,0.09639304888,0.008770821731,0.02090298759,0.008770821731,0,0.065,0.115,0.075,0
6.58,-0.02177583434,-0.07952687228,0.5911744813,-0.02459389675,-0.02499739591,0.9996875163,0.1048071688,0.9944925627,0.5,0,1.411907073,1.649336143,-1.484638483,1.579899877,0.1538576801,0.01266366143,0.05831422044,-1.359988009,1.593094323,1.249706113,1.481887631,0.0258978027,0.07693957689,-0.5977411621,-0.01359411098,0,0.1622977415,-0.3315649006,-0.5497067415,0.3232634227,0.414594151,0.1290240334,-0.2423426258,-0.0927979405,0.06600094488,-0.2521893411,-0.292402165,0.09839135754,0.008770572532,0.02013526522,0.008770572532,0,0.06,0.115,0.075,0
6.59,-0.01584310354,-0.07977404869,0.5953575264,-0.02484076175,-0.01999866669,0.9998000067,0.1048071688,0.9944925627,0,0,1.411771132,1.649336143,-1.483015506,1.576584228,0.1483606126,0.01589629566,0.06246016195,-1.358697768,1.590670897,1.248778134,1.48254764,0.02337590929,0.07401555524,-0.5967572486,-0.01549093767,0,0.1651891837,-0.3348999288,-0.553457988,0.3279545473,0.4158441675,0.1308981775,-0.243861587,-0.09408077245,0.06606852031,-0.2536428085,-0.2944319236,0.1004033423,0.008770283791,0.01936296768,0.008770283791,0,0.055,0.115,0.08,0
6.6,-0.009868968853,-0.08002367496,0.5994550592,-0.02508385934,-0.01999866669,0.9998000067,0.1048071688,0.9944925627,0.5,0,1.411616223,1.649336143,-1.481363614,1.573235228,0.1428260328,0.01917584113,0.06661860363,-1.357388786,1.588232281,1.247837326,1.483208325,0.0208394812,0.07107123601,-0.5957532151,-0.01742182655,0,0.1680952874,-0.3381973851,-0.5571389733,0.3326407108,0.4169930514,0.132772485,-0.2453385337,-0.09536993835,0.066119129,-0.2550604424,-0.2964113564,0.1024282604,0.008769954771,0.01858624166,0.008769954771,0,0.055,0.115,0.085,0
6.61,-0.003854291357,-0.08027571314,0.6034658926,-0.02532313719,-0.01499943751,0.9998875021,0.1048071688,0.9944925627,0,0,1.411442005,1.649336143,-1.479682661,1.569853255,0.137254643,0.02250224824,0.07078853414,-1.356061062,1.585778896,1.246883626,1.483869517,0.01828887678,0.06810712244,-0.5947289325,-0.01938710909,0,0.1710265467,-0.3414561877,-0.5607591858,0.3373185307,0.4180519328,0.1346465345,-0.2467728956,-0.09666520406,0.06615242316,-0.2564420728,-0.2983394402,0.1044653453,0.008769584753,0.01780523574,0.008769584753,0,0.05,0.115,0.085,0
6.62,0.002200056135,-0.0805301248,0.6073888676,-0.02555854426,-0.01499943751,0.9998875021,0.1048071688,0.9944925627,0.5,0,1.411248133,1.649336143,-1.477972396,1.566438693,0.1316470512,0.02587543355,0.07496905347,-1.354714596,1.583311167,1.245916974,1.484531041,0.01572445605,0.06512372804,-0.5936842791,-0.02138368476,0,0.1739513024,-0.3446752622,-0.5642922444,0.3419902391,0.4189900781,0.136519892,-0.2481641176,-0.09796632395,0.06616806507,-0.2577875406,-0.30021517,0.1065138076,0.00876917301,0.01702010042,0.00876917301,0,0.045,0.115,0.09,0
6.63,0.00829318936,-0.08078687096,0.6112228532,-0.02579003072,-0.009999833334,0.9999500004,0.1048071688,0.9944925627,1,0,1.411034297,1.649336143,-1.476232883,1.56299194,0.1260041287,0.02929533594,0.07915895425,-1.353349397,1.580829525,1.244937311,1.485192722,0.01314658065,0.06212157634,-0.592619141,-0.06471058269,-0.4155976613,0.6583167579,-0.3478535351,-0.9754260464,0.2900240316,0.8965637428,0.1383921118,-0.24951166,-0.09927304055,0.06616572759,-0.2590966973,-0.3020375601,0.1085728347,0.008768718884,0.01623098797,0.008768718884,0,0.045,0.115,0.095,0
6.64,0.01442421289,-0.08104591218,0.6149667468,-0.02601754798,0,1,0.1048071688,0.9944925627,0,0,1.410387191,1.645180167,-1.469649715,1.559513405,0.1162498683,0.03219557626,0.08812459168,-1.351965476,1.578334409,1.243944581,1.485854379,0.01055561367,0.05910120074,-0.5915334127,0.0002875199888,0.2597948459,-0.1204825589,-0.3509899715,-0.3163576787,0.3874797597,0.1227567884,0.1402627352,-0.2508149991,-0.1005850842,0.06614509472,-0.2603694041,-0.3038056452,0.1106415914,0.008736720606,0.01543805245,0.008736720606,0,0.04,0.11,0.095,0.004155976613
6.65,0.02059222041,-0.08130720853,0.6186194741,-0.02624104872,0,1,0.1048071688,0.9944925627,0,0,1.410390066,1.647778115,-1.470854541,1.556003505,0.1130862915,0.03607037385,0.08935215956,-1.350562849,1.575826259,1.24293873,1.48651583,0.007951919633,0.05606314429,-0.5904269967,-0.01203362785,0.1558028153,0.001776097811,-0.3540835087,-0.4216625062,0.3763693051,0.2423556972,0.1421312912,-0.2520736268,-0.101902173,0.06610586204,-0.2616055314,-0.3055184811,0.1127192207,0.008755755951,0.01464144961,0.008755755951,0,0.035,0.11,0.1,0.001558028153
6.66,0.02679629499,-0.08157071961,0.6221799889,-0.02646048684,0,1,0.1048071688,0.9944925627,0,0,1.41026973,1.649336143,-1.47083678,1.55246267,0.1088696664,0.0398340669,0.09177571653,-1.349141536,1.573305523,1.241919708,1.487176888,0.005335864319,0.05300795948,-0.5892998045,-0.02968963867,0,0.1858166503,-0.357133092,-0.577764063,0.3605443053,0.4217833769,0.1439972962,-0.2532870511,-0.1032240118,0.06604773728,-0.2628049587,-0.3071751452,0.1148048436,0.008767095333,0.01384133678,0.008767095333,0,0.035,0.115,0.105,0
6.67,0.03303550941,-0.08183640458,0.6256472731,-0.0266758175,0,1,0.1048071688,0.9944925627,0,0,1.409972833,1.649336143,-1.468978613,1.548891339,0.1030920258,0.04343950996,0.0959935503,-1.347701563,1.570772652,1.240887468,1.487837366,0.002707814732,0.04993620802,-0.5881517561,-0.03184082325,0,0.1888008309,-0.3601377165,-0.5809507307,0.365142207,0.4222234608,0.1095652583,-0.1485826544,0.0338015788,0.06597044614,-0.3808471361,-0.3087083409,0.2456480346,0.008766464946,0.0130378729,0.008766464946,0,0.03,0.115,0.105,0
6.68,0.03930892638,-0.08210422213,0.629020337,-0.02688699708,0,1,0.1048071688,0.9944925627,0,0,1.409654425,1.649336143,-1.467090605,1.545289962,0.09728251848,0.04709093203,0.1002157849,-1.34660591,1.569286826,1.241225484,1.48849707,-0.001100656629,0.04684912462,-0.5856952758,-0.03402086186,0,0.1917964039,-0.3630963567,-0.5840702004,0.3697192463,0.422566719,0.05585615794,0.01323788399,0.2451514542,0.06587371955,-0.5628454743,-0.3082641148,0.4457211919,0.008765788927,0.0125746197,0.008765788927,0,0.03,0.115,0.11,0
6.69,0.04561559888,-0.08237413054,0.6322982191,-0.02709398322,0,1,0.1048071688,0.9944925627,0,0,1.409314216,1.649336143,-1.465172641,1.541658998,0.09144181648,0.05078812449,0.1044414521,-1.346047349,1.569419204,1.243676998,1.489155807,-0.006729111372,0.04376648347,-0.5812380638,-0.03622859445,0,0.1947985511,-0.3660080061,-0.587119364,0.3742738442,0.4228096566,0.05776831966,0.0132018838,0.2448217196,0.06575729367,-0.566512201,-0.307015983,0.4488281862,0.008765066673,0.01263675893,0.008765066673,0,0.03,0.115,0.11,0
6.7,0.05195457038,-0.08264608768,0.6354799859,-0.02729673481,0,1,0.1048071688,0.9944925627,0,0,1.408951931,1.649336143,-1.463224656,1.537998918,0.08557062284,0.05453086293,0.1086695487,-1.345469666,1.569551223,1.246125216,1.48981338,-0.01239423338,0.04069632364,-0.576749782,-0.03846316308,0,0.1978062649,-0.3688716701,-0.5900983631,0.3788040021,0.4229526003,0.05968766123,0.01316071294,0.2444266462,0.06562093752,-0.5700985302,-0.3056725879,0.4518702812,0.008764297606,0.01269926033,0.008764297606,0,0.03,0.115,0.105,0
6.71,0.05832487519,-0.08292005099,0.6385647324,-0.02749521196,0,1,0.1048071688,0.9944925627,0,0,1.408567299,1.649336143,-1.461246593,1.534310202,0.07966963921,0.05831890295,0.1128990747,-1.344872789,1.56968283,1.248569482,1.49046959,-0.01809521868,0.03763959776,-0.5722310792,-0.04072368238,0,0.2008185276,-0.3716863659,-0.5930073705,0.383307715,0.4229959294,0.06161254864,0.01311620396,0.2439689819,0.06546442659,-0.5736047739,-0.304234803,0.4548480903,0.008763481168,0.01276210111,0.008763481168,0,0.03,0.115,0.105,0
6.72,0.0647255387,-0.08319597754,0.6415515817,-0.02768937604,0,1,0.1048071688,0.9944925627,0,0,1.408160062,1.649336143,-1.459238408,1.530593338,0.0737395655,0.0621519801,0.117129034,-1.344256663,1.569813992,1.251009172,1.491124234,-0.02383126642,0.03459724973,-0.5676825983,-0.04300924015,0,0.2038343107,-0.3744511237,-0.5958465886,0.3877829728,0.4229400744,0.06354195629,0.01306837605,0.2434491394,0.0652875513,-0.5770292491,-0.302703574,0.4577600202,0.008762616818,0.01282526399,0.008762616818,0,0.03,0.115,0.105,0
6.73,0.07115557767,-0.08347382401,0.6444396849,-0.02787918966,0,1,0.1048071688,0.9944925627,0,0,1.40772997,1.649336143,-1.457200064,1.526848827,0.06778109961,0.06602980983,0.1213584347,-1.343621244,1.569944676,1.253443663,1.49177711,-0.02960155891,0.03157021399,-0.5631049981,-0.04532062293,0,0.2068702924,-0.3771649868,-0.5986307863,0.3922267044,0.4228026456,0.06547484727,0.01301724937,0.2428675666,0.06509011738,-0.5803702809,-0.3010799153,0.4606044791,0.008761704038,0.01288873132,0.008761704038,0,0.03,0.115,0.105,0
6.74,0.07761400051,-0.08375354671,0.6472282217,-0.02806461667,0,1,0.1048071688,0.9944925627,0,0,1.407276763,1.649336143,-1.455131362,1.523077177,0.06179479175,0.06995207687,0.1255864612,-1.342966495,1.570074849,1.255872339,1.492428011,-0.03540526172,0.02855941483,-0.5584989533,-0.04765177111,0,0.2098728249,-0.3798270119,-0.6013170051,0.3966401422,0.4225332678,0.06741017413,0.01296284538,0.2422247461,0.06487194628,-0.5836262045,-0.2993649102,0.4633798778,0.008760742294,0.01295248515,0.008760742294,0,0.03,0.115,0.105,0
6.75,0.08409980757,-0.0840351016,0.6499163997,-0.02824562216,0,1,0.1048071688,0.9944925627,0,0,1.406800246,1.649336143,-1.453032633,1.519278907,0.0557816217,0.0739184783,0.1298117938,-1.342292394,1.570204477,1.258294586,1.49307673,-0.04124152377,0.02556576573,-0.5538651545,-0.05000671458,0,0.2128929181,-0.3824362701,-0.6039483485,0.4010179505,0.4221829492,0.06934687986,0.01290518682,0.2415211952,0.06463287557,-0.5867953661,-0.2975597097,0.4660846319,0.008759731181,0.01301650718,0.008759731181,0,0.03,0.115,0.105,0
6.76,0.09061199142,-0.0843184443,0.6525034549,-0.02842217247,0,1,0.1048071688,0.9944925627,0,0,1.406300179,1.649336143,-1.450903704,1.515454544,0.04974213822,0.0779286578,0.1340336233,-1.341598925,1.570333529,1.260709798,1.493723059,-0.04710947743,0.02259016864,-0.5492043082,-0.0523827912,0,0.2159123252,-0.3849918471,-0.6065109734,0.4053592416,0.4217356577,0.07128389873,0.01284429775,0.2407574652,0.06437275928,-0.5898761246,-0.2956655322,0.4687171632,0.008758670208,0.0130807788,0.008758670208,0,0.03,0.115,0.105,0
6.77,0.09714953714,-0.08460353009,0.6549886514,-0.02859423518,0,1,0.1048071688,0.9944925627,0,0,1.405776351,1.649336143,-1.448744581,1.511604626,0.04367702848,0.08198225022,0.1382509799,-1.340886086,1.570461972,1.263117373,1.494366787,-0.05300823867,0.01963351331,-0.5445171365,-0.05477896315,0,0.2189299687,-0.3874928432,-0.6090052004,0.4096620016,0.421192058,0.07322015732,0.01278020347,0.2399341411,0.06409146827,-0.5928668533,-0.2936836629,0.4712759014,0.008757558944,0.01314528113,0.008757558944,0,0.03,0.115,0.105,0
6.78,0.1037114226,-0.08489031394,0.6573712815,-0.02876177912,0,1,0.1048071688,0.9944925627,0,0,1.405228561,1.649336143,-1.446555281,1.507729697,0.03758697648,0.08607887023,0.1424629005,-1.340153884,1.570589774,1.265516714,1.495007701,-0.05893690721,0.01669667668,-0.5398043775,-0.0571941698,0,0.2219447662,-0.3899383748,-0.6114313706,0.4139242198,0.4205528609,0.07515785058,0.01270245019,0.2390383617,0.06378889054,-0.5957541528,-0.2916162709,0.4737466942,0.008756396979,0.01320999498,0.008756396979,0,0.03,0.115,0.105,0
6.79,0.1102966186,-0.08517875051,0.6596506659,-0.02892477434,0,1,0.1048071688,0.9944925627,0,0,1.404656619,1.649336143,-1.444335834,1.503830313,0.03147266277,0.09021811243,0.1466684291,-1.339402306,1.570716799,1.267907098,1.49564559,-0.06489444874,0.01378051398,-0.5350669106,-0.05962732805,0,0.2249556274,-0.3923275737,-0.613789842,0.4181438905,0.4198188194,0.077086018,0.01264257672,0.238111325,0.06346493153,-0.5985718517,-0.2894623864,0.4761658665,0.008755183929,0.01327486662,0.008755183929,0,0.03,0.115,0.105,0
6.8,0.1169040895,-0.08546879417,0.6618261532,-0.02908319217,0,1,0.1048071688,0.9944925627,0,0,1.404060346,1.649336143,-1.442086277,1.499907038,0.02533476435,0.09439955134,0.1508666173,-1.338631446,1.570843224,1.270288211,1.496280239,-0.07088016725,0.01088589011,-0.5303052519,-0.0620773331,0,0.227961455,-0.3946595884,-0.6160809871,0.4223190136,0.4189907274,0.07901349228,0.0125690328,0.2371130611,0.06311951444,-0.6012828941,-0.2872258056,0.478493912,0.008753919431,0.01333994515,0.008753919431,0,0.03,0.115,0.105,0
6.81,0.1235327933,-0.08576039901,0.6638971205,-0.02923700515,0,1,0.1048071688,0.9944925627,0,0,1.403439573,1.649336143,-1.439806663,1.495960442,0.01917395448,0.09862274147,0.1550565246,-1.337841311,1.570968915,1.272659342,1.496911435,-0.07689299619,0.008013632056,-0.5255203128,-0.06454503079,0,0.2309792053,-0.396933584,-0.6183196145,0.426447376,0.4180865018,0.08093585522,0.012492395,0.2360578683,0.06275258048,-0.603897567,-0.2849073234,0.4807419962,0.008752603149,0.01340517614,0.008752603149,0,0.03,0.12,0.105,0
6.82,0.1301816816,-0.08605351884,0.6658629731,-0.02938618707,0,1,0.1048071688,0.9944925627,0,0,1.402794122,1.649336143,-1.437496871,1.491991106,0.01299075833,0.1028872152,0.1592373896,-1.337031952,1.571093839,1.275019921,1.49753896,-0.08293197186,0.005164558823,-0.5207128928,-0.0670234548,0,0.233954194,-0.3991487428,-0.6204632849,0.4305277579,0.4170562879,0.08285200844,0.01241269729,0.2349464959,0.06236408907,-0.6064143397,-0.2825085446,0.4829086191,0.00875123473,0.01347053945,0.00875123473,0,0.03,0.12,0.105,0
6.83,0.1368497005,-0.08634810723,0.6677231442,-0.02953071297,0,1,0.1048071688,0.9944925627,0,0,1.402123888,1.649336143,-1.435157329,1.487999618,0.006786125486,0.1071924928,0.1634079525,-1.336203432,1.571217966,1.277369386,1.498162601,-0.08899611526,0.002339473377,-0.5158838066,-0.06951716939,0,0.2369382912,-0.4013042649,-0.6225548197,0.4345573258,0.4159512131,0.0847608524,0.01232997241,0.2337797213,0.06195401812,-0.6088317024,-0.2800311351,0.4849922974,0.008749813967,0.01353601474,0.008749813967,0,0.03,0.12,0.105,0
6.84,0.1435357904,-0.0866441175,0.6694770955,-0.02967055914,0,1,0.1048071688,0.9944925627,0,-0.5,1.401428716,1.649336143,-1.432787946,1.483986576,0.0005605772889,0.1115380661,0.1675674646,-1.335355824,1.571341265,1.279707183,1.498782141,-0.09508443229,-0.0004608379736,-0.5110338837,-0.07202310932,0,0.2399129033,-0.4033993681,-0.6245806303,0.4385344331,0.4147556481,0.201916082,-0.3722632503,-0.2587160185,0.06151942294,-0.17413402,-0.3230690557,0.02800604345,0.00874834056,0.01360158149,0.00874834056,0,0.03,0.12,0.105,0
6.85,0.1502388866,-0.08694150274,0.671124317,-0.0298057031,0,1,0.09983341665,0.9950041653,0,-0.5,1.400708485,1.649336143,-1.430388817,1.479952582,-0.005685229014,0.1159234104,0.1717150211,-1.333336663,1.567618633,1.277120023,1.499397336,-0.09682577249,-0.00369152853,-0.5107538232,-0.07454007184,0,0.2428768989,-0.4054332887,-0.6265411318,0.4424571291,0.4134705683,0.204075644,-0.3728377839,-0.2605420792,0.06106633295,-0.1736036875,-0.3241153223,0.02965401196,0.008746814276,0.01240529521,0.008746814276,0,0.025,0.12,0.11,0
6.86,0.1569579194,-0.08724021581,0.6726643265,-0.02993612361,0,1,0.09485716863,0.9954908928,0,-0.5,1.399963084,1.649336143,-1.427960048,1.475898249,-0.01195064033,0.1203479817,0.1758497268,-1.331295906,1.563890255,1.274514602,1.500007999,-0.09856180936,-0.006932681753,-0.5104572831,-0.0770668373,0,0.245829144,-0.4074052818,-0.6284367443,0.4463234764,0.4120969839,0.2062393839,-0.3733944196,-0.2624166934,0.06059171105,-0.172983106,-0.3251023286,0.03124347398,0.008745234906,0.01120865382,0.008745234906,0,0.02,0.12,0.11,0
6.87,0.1636918142,-0.0875402094,0.6740966704,-0.03006180069,0,1,0.0898785492,0.995952733,0,-0.5,1.399192416,1.649336143,-1.425501756,1.471824196,-0.01823500778,0.1248112165,0.1799706966,-1.329233512,1.560156311,1.271890435,1.500613916,-0.1002916404,-0.01018370504,-0.5101448484,-0.07960216958,0,0.2487684992,-0.4093146216,-0.630267889,0.4501315525,0.4106359368,0.2084067998,-0.3739321558,-0.2643385876,0.06009561064,-0.1722727459,-0.326029775,0.03277402385,0.00874360227,0.01001174589,0.00874360227,0,0.02,0.12,0.115,0
6.88,0.1704394925,-0.08784143595,0.6754209232,-0.03018271559,0,1,0.0848976828,0.9963896745,0,-0.5,1.398396394,1.649336143,-1.423014071,1.46773105,-0.02453768667,0.129312532,0.184077056,-1.327149444,1.556416989,1.269247049,1.501214872,-0.1020143679,-0.01344400279,-0.5098171081,-0.08214700915,0,0.2517120895,-0.4111606015,-0.6320492133,0.453879968,0.4091054162,0.2105773701,-0.3744499938,-0.2663064603,0.05957810434,-0.1714731053,-0.3268973847,0.03424526559,0.008741916215,0.008814663702,0.008741916215,0,0.015,0.12,0.12,0
6.89,0.1771998711,-0.08814384778,0.6766366875,-0.03029885079,0,1,0.07991469397,0.9968017063,0,-0.5,1.397574924,1.649336143,-1.42049695,1.463619444,-0.0308581788,0.1338513317,0.1881681101,-1.325043671,1.552672489,1.266583984,1.501810653,-0.1037290989,-0.01671297664,-0.5094746555,-0.08469362229,0,0.254604623,-0.4129425349,-0.6337389167,0.4575654064,0.4074563298,0.2127505536,-0.374946939,-0.2683189836,0.05903928397,-0.1705847093,-0.327704903,0.03565681231,0.008740176568,0.007617503238,0.007617503238,0,0.01,0.12,0.125,0
6.9,0.1839718633,-0.08844739698,0.6777435943,-0.03041019005,0,1,0.07492970727,0.9971888181,0,-0.5,1.396727988,1.649336143,-1.417950904,1.459490019,-0.03719556796,0.1384269857,0.1922426734,-1.322916165,1.54892302,1.263900795,1.502401046,-0.105434946,-0.01999002567,-0.5091180874,-0.08724709134,0,0.2574984509,-0.4146597552,-0.6353791827,0.4611873028,0.4057394583,0.2149257899,-0.3754220028,-0.2703748046,0.05847926064,-0.1696081085,-0.3284520973,0.03700828567,0.008738383323,0.006420364109,0.006420364109,0,0.005,0.12,0.13,0
6.91,0.190754379,-0.08875203554,0.6787413026,-0.03051671835,0,1,0.06994284734,0.9975510003,0,0,1.395855517,1.649336143,-1.41537592,1.455343421,-0.04354935979,0.1430388588,0.196300068,-1.320766907,1.5451688,1.261197046,1.502985839,-0.1071310271,-0.02327454664,-0.5087480045,-0.089804035,0,0.2603747888,-0.4163116164,-0.63695664,0.4647434053,0.4039395815,0.09422606694,0.007769386816,0.2219364123,0.05790012442,-0.6155555899,-0.2778435541,0.4984691433,0.008736536366,0.005223349513,0.005223349513,0,0,0.12,0.135,0
6.92,0.1975463244,-0.08905771527,0.6796294998,-0.03061842189,0,1,0.06994284734,0.9975510003,0,0,1.394957477,1.649336143,-1.412772172,1.451180305,-0.04991892619,0.1476862928,0.2003394638,-1.319824647,1.545246494,1.263416411,1.50356484,-0.113286583,-0.02605298218,-0.5037633131,-0.09236314675,0,0.2632324717,-0.4178974928,-0.6384716838,0.46823188,0.4020578755,0.09604852132,0.007693726384,0.2203027906,0.05729796438,-0.6171085513,-0.274803065,0.4998678917,0.008734635656,0.00527062525,0.00527062525,0,0,0.12,0.135,0
6.93,0.204346603,-0.08936438785,0.6804079014,-0.03071528817,0,1,0.06994284734,0.9975510003,0,0,1.394033845,1.649336143,-1.410139847,1.44700133,-0.05630364303,0.1523686116,0.2043600426,-1.318864161,1.545323431,1.265619439,1.50413782,-0.1194576685,-0.02880101283,-0.4987646341,-0.09492310882,0,0.2660703337,-0.4194167802,-0.6399247007,0.4716509139,0.4000955427,0.09785407708,0.007616325445,0.2186233547,0.05667504908,-0.6185518341,-0.2716989049,0.5011726824,0.008732681182,0.005317953033,0.005317953033,0,0,0.12,0.135,0
6.94,0.2111541155,-0.08967200487,0.6810762512,-0.03080730588,0,1,0.06994284734,0.9975510003,0,0,1.393084614,1.649336143,-1.407479144,1.442807162,-0.06270289004,0.1570851207,0.208360998,-1.317885621,1.545399594,1.267805672,1.50470457,-0.1256431869,-0.03151800188,-0.4937529073,-0.09748495504,0,0.2689054389,-0.4208688952,-0.6413299523,0.4749998471,0.3980703652,0.09964165873,0.007537219889,0.2168991896,0.0560315666,-0.6198842409,-0.2685332338,0.5023823025,0.008730672962,0.00536531574,0.00536531574,0,0,0.12,0.135,0
6.95,0.2179677604,-0.08998051778,0.6816343211,-0.03089446498,0,1,0.06994284734,0.9975510003,0,0,1.392109765,1.649336143,-1.404790089,1.438598473,-0.06911618956,0.1618351192,0.2123417017,-1.316889204,1.545474966,1.269974664,1.505264886,-0.1318420293,-0.03420333422,-0.4887290843,-0.1000403827,0,0.2716826208,-0.422253276,-0.6426466234,0.4782736653,0.3959345031,0.1014101998,0.007456446422,0.2151314027,0.0553677241,-0.6211046163,-0.2653082543,0.5034955793,0.008728610992,0.005412696209,0.005412696209,0,0,0.12,0.135,0
6.96,0.2247864337,-0.09028987794,0.6820819114,-0.03097675666,0,1,0.06994284734,0.9975510003,0,0,1.391109361,1.649336143,-1.402073263,1.434375941,-0.07554265579,0.1666178559,0.2163010467,-1.315875102,1.545549531,1.272125978,1.505818563,-0.1380530754,-0.03685641676,-0.4836941285,-0.1025948927,0,0.2744540147,-0.4235693828,-0.6439157655,0.48147373,0.393737744,0.103158644,0.00737404256,0.2133211228,0.0546837477,-0.6222118482,-0.2620262098,0.5045113827,0.008726495445,0.005460077264,0.005460077264,0,0,0.125,0.135,0
6.97,0.2316090298,-0.09060003666,0.6824188503,-0.03105417336,0,1,0.06994284734,0.9975510003,0,0,1.390083412,1.649336143,-1.399328723,1.430140247,-0.08198181345,0.1714325932,0.2202384241,-1.314843516,1.545623271,1.274259189,1.5063654,-0.1442751939,-0.03947667886,-0.4786490147,-0.1051448841,0,0.2772008895,-0.4248166977,-0.6451242885,0.4845973286,0.3914653832,0.1048859456,0.007290046616,0.2114694993,0.05397988229,-0.62320487,-0.258689382,0.505428627,0.008724326381,0.005507441726,0.005507441726,0,0,0.125,0.135,0
6.98,0.2384344414,-0.09091094514,0.6826449946,-0.03112670878,0,1,0.06994284734,0.9975510003,0,0,1.389031963,1.649336143,-1.396556714,1.42589208,-0.08843305633,0.1762785665,0.224153078,-1.313794656,1.545696172,1.276373884,1.506905199,-0.1505072426,-0.04206357268,-0.4735947284,-0.1076889939,0,0.2799220579,-0.4259947247,-0.6462724971,0.4876427654,0.3891187211,0.1065910711,0.007204497695,0.2095777012,0.05325639136,-0.624082662,-0.255300089,0.5062462732,0.008722103936,0.005554772433,0.005554772433,0,0,0.125,0.135,0
6.99,0.24526156,-0.09122255455,0.6827602289,-0.03119435782,0,1,0.06994284734,0.9975510003,0,0,1.387955073,1.649336143,-1.393757494,1.421632133,-0.0948957813,0.1811549941,0.2280442652,-1.312728746,1.545768217,1.278469661,1.507437763,-0.1567480692,-0.04461657357,-0.4685322657,-0.1102258526,0,0.2826163317,-0.4271029907,-0.647360677,0.4906083707,0.3866990777,0.1082729997,0.007117435681,0.2076469163,0.05251355681,-0.624844254,-0.2518606828,0.5069633306,0.008719828274,0.005602052259,0.005602052259,0,0,0.125,0.135,0
7,0.252089276,-0.091534816,0.6827644664,-0.03125711667,0,1,0.06994284734,0.9975510003,0,0,1.386852815,1.649336143,-1.39093133,1.417361103,-0.1013693881,0.1860610778,0.2319112559,-1.311646016,1.545839391,1.28054613,1.507962899,-0.1629965118,-0.0471351804,-0.4634626324,-0.1127566726,0,0.2853010943,-0.4281410449,-0.6484029214,0.4934942576,0.3842243095,0.1099307242,0.00702890123,0.2056783502,0.05175167872,-0.625488726,-0.2483735467,0.5075788596,0.008717499592,0.005649264128,0.005649264128,0,0,0.125,0.135,0
7.01,0.2589164791,-0.09184768057,0.6826576482,-0.03131498272,0,1,0.06994284734,0.9975510003,0,0,1.385725248,1.649336143,-1.388078319,1.413079692,-0.1078534173,0.1909960204,0.235753499,-1.310546708,1.54590968,1.282602914,1.508480416,-0.169251399,-0.04961891586,-0.4583868438,-0.1152724521,0,0.2879201968,-0.4291084593,-0.6493584962,0.496293717,0.3816468284,0.1115632522,0.006938935758,0.2036732256,0.05097107505,-0.6260152108,-0.2448410932,0.5080919726,0.008715118062,0.005696391032,0.005696391032,0,0,0.125,0.135,0
7.02,0.2657420586,-0.09216109934,0.6824397439,-0.03136795464,0,1,0.06994284734,0.9975510003,0,0,1.384572523,1.649336143,-1.385199117,1.408788608,-0.1143470022,0.1959589576,0.2395699673,-1.309431076,1.545979069,1.284639646,1.508990126,-0.1755115511,-0.0520673268,-0.453305924,-0.1177792983,0,0.2905266578,-0.4300048291,-0.6502680869,0.4990100907,0.3790163379,0.1131696066,0.00684758143,0.201632781,0.05017208135,-0.6264228954,-0.2412657614,0.5085018366,0.008712684046,0.005743416051,0.005743416051,0,0,0.125,0.135,0
7.03,0.2725649037,-0.09247502335,0.682110751,-0.03141603232,0,1,0.06994284734,0.9975510003,0,0,1.38339473,1.649336143,-1.382293851,1.404488559,-0.1208496831,0.2009490585,0.2433601307,-1.30829938,1.546047545,1.286655974,1.509491847,-0.1817757801,-0.05447998441,-0.4482209057,-0.1202733701,0,0.2931014424,-0.4308297724,-0.6511185493,0.501640229,0.3763182982,0.1147488267,0.006754881144,0.1995582699,0.04935505051,-0.6267110222,-0.237650014,0.5088076749,0.00871019778,0.005790322366,0.005790322366,0,0,0.125,0.135,0
7.04,0.2793839034,-0.09278940367,0.6816706955,-0.0314592169,0,1,0.06994284734,0.9975510003,0,0,1.382191997,1.649336143,-1.379362836,1.400180262,-0.1273608686,0.2059654608,0.2471233137,-1.307151891,1.546115094,1.288651557,1.509985398,-0.1880428903,-0.05685648455,-0.4431328289,-0.1227532786,0,0.2956433428,-0.4315829306,-0.6519100366,0.5041826026,0.3735540968,0.116299969,0.006660878525,0.1974509599,0.04852035232,-0.6268788913,-0.2339963354,0.5090087685,0.00870765958,0.005837093279,0.005837093279,0,0,0.125,0.135,0
7.05,0.2861979476,-0.09310419139,0.6811196315,-0.03149751077,0,1,0.06994284734,0.9975510003,0,0,1.380964464,1.649336143,-1.376406403,1.395864432,-0.133879969,0.2110072868,0.2508588547,-1.305988892,1.546181703,1.290626066,1.510470601,-0.1943116792,-0.0591964479,-0.4380427412,-0.1252203632,0,0.2981696613,-0.4322639686,-0.6526561982,0.5066379448,0.3707413051,0.1178221081,0.006565617902,0.1953121318,0.0476683732,-0.6269258613,-0.2303072283,0.5091044578,0.008705069794,0.005883712227,0.005883712227,0,0,0.125,0.13,0
7.06,0.2930059263,-0.0934193376,0.6804576412,-0.03153091754,0,1,0.06994284734,0.9975510003,0,0,1.37971226,1.649336143,-1.373424706,1.391541793,-0.140406531,0.2160736662,0.2545662677,-1.304810671,1.546247359,1.292579188,1.510947285,-0.2005809378,-0.06149952019,-0.4329516967,-0.127665197,0,0.3006244658,-0.4328725749,-0.6533170925,0.5089982868,0.3678334726,0.1193172668,0.006458814753,0.1931300097,0.04679951572,-0.6268390914,-0.2265877453,0.5090820466,0.008702428743,0.005930162798,0.005930162798,0,0,0.125,0.13,0
7.07,0.299806731,-0.09373479346,0.6796848351,-0.0315594421,0,1,0.06994284734,0.9975510003,0,0,1.378435608,1.649336143,-1.370418462,1.387213067,-0.1469397019,0.2211636491,0.2582446024,-1.303617498,1.546311947,1.294510488,1.51141528,-0.2068493288,-0.06376539764,-0.4278608762,-0.130094284,0,0.3030604888,-0.4334084614,-0.6539322973,0.5112685087,0.3648792655,0.1207757288,0.006371570591,0.1909452001,0.04591419822,-0.6266549085,-0.2228328745,0.5089773927,0.008699736946,0.005976394903,0.005976394903,0,0,0.125,0.13,0
7.08,0.3065992541,-0.09405051019,0.6788013521,-0.03158309055,0,1,0.06994284734,0.9975510003,0,0,1.377134665,1.649336143,-1.367387857,1.382878982,-0.1534790249,0.2262763342,0.2618933951,-1.302409741,1.546375663,1.29641994,1.511874422,-0.2131158778,-0.06599372638,-0.4227711023,-0.1325036504,0,0.3054587804,-0.433871364,-0.6544888331,0.5134451584,0.3618645696,0.1222054966,0.0062728113,0.1887196186,0.04501285438,-0.6263359468,-0.2190526428,0.508753534,0.008696994787,0.006022460377,0.006022460377,0,0,0.125,0.13,0
7.09,0.3133823897,-0.09436643904,0.6778073589,-0.03160187024,0,1,0.06994284734,0.9975510003,0,0,1.375809629,1.649336143,-1.364333269,1.378540269,-0.1600239132,0.2314107858,0.2655120408,-1.301187686,1.546438391,1.298307136,1.512324551,-0.2193792373,-0.06818425281,-0.4176835669,-0.1348919095,0,0.3078181169,-0.4342610423,-0.6549866872,0.5155268635,0.3587908235,0.1236027556,0.00617297578,0.1864677483,0.04409593274,-0.6258941339,-0.2152471261,0.5084222557,0.008694202735,0.006068309321,0.006068309321,0,0,0.13,0.13,0
7.1,0.3201550336,-0.09468253139,0.6767030508,-0.03161578977,0,1,0.06994284734,0.9975510003,0,0,1.37446071,1.649336143,-1.361255088,1.374197658,-0.1665737801,0.2365660544,0.269099949,-1.299951658,1.546500121,1.300171813,1.51276551,-0.2256381787,-0.07033672407,-0.4125993444,-0.1372605946,0,0.3101560156,-0.4345772799,-0.6554392516,0.5175150134,0.3556755461,0.1249666811,0.00607211398,0.1841909224,0.04316389619,-0.6253291455,-0.2114188781,0.5079832204,0.008691361289,0.006113926082,0.006113926082,0,0,0.13,0.13,0
7.11,0.3269160837,-0.09499873867,0.6754886511,-0.03162485899,0,1,0.06994284734,0.9975510003,0,0,1.373088104,1.649336143,-1.358153528,1.369851885,-0.1731281726,0.2417412045,0.2726567045,-1.298701991,1.546560842,1.302013723,1.513197149,-0.2318914701,-0.07245091285,-0.4075195122,-0.1395997429,0,0.3124158848,-0.4348198844,-0.6558066887,0.519400338,0.3524726605,0.1262964717,0.005970274104,0.181890478,0.04221722149,-0.6246407205,-0.2075704553,0.507436155,0.008688470915,0.006159295241,0.006159295241,0,0,0.13,0.13,0
7.12,0.3336644404,-0.09531501244,0.6741644114,-0.03162908898,0,1,0.06994284734,0.9975510003,0,0,1.371692106,1.649336143,-1.355029369,1.365503687,-0.1796862395,0.2469352079,0.2761814311,-1.297439027,1.546620545,1.303832627,1.513619321,-0.2381378773,-0.07452661741,-0.4024451506,-0.1419164067,0,0.3146510378,-0.4349886874,-0.656128086,0.5211893238,0.3492305197,0.1275913492,0.005867504927,0.179567758,0.04125639873,-0.6238286649,-0.203704413,0.5067808551,0.008685532292,0.006204401624,0.006204401624,0,0,0.13,0.13,0
7.13,0.3403990067,-0.09563130436,0.6727306115,-0.03162849206,0,1,0.06994284734,0.9975510003,0,0,1.370272942,1.649336143,-1.351882858,1.3611538,-0.1862475203,0.2521471012,0.2796737363,-1.296163113,1.54667922,1.305628305,1.514031885,-0.244376164,-0.07656366154,-0.3973773421,-0.1442064585,0,0.316842325,-0.4350835447,-0.6563903844,0.5228782142,0.3459351756,0.1288505592,0.005763855768,0.1772241098,0.04028193074,-0.6228928526,-0.1998233024,0.5060171853,0.00868254595,0.006249230313,0.006249230313,0,0,0.13,0.13,0
7.14,0.3471186885,-0.09594756624,0.6711875594,-0.03162308181,0,1,0.06994284734,0.9975510003,0,-0.5,1.368830878,1.649336143,-1.348714435,1.356802964,-0.1928114242,0.2573758833,0.283133088,-1.294874608,1.546736858,1.307400546,1.514434704,-0.2506050925,-0.07856189456,-0.3923171702,-0.1464715181,0,0.3190069032,-0.4351043362,-0.6566063745,0.524468839,0.3426036381,0.2368374711,-0.3889730818,-0.3212665481,0.03929229259,-0.1491103513,-0.3141663231,0.04905808971,0.008679512506,0.00629376666,0.00629376666,0,0,0.13,0.13,0
7.15,0.3538223949,-0.09626375,0.6695355913,-0.03161287303,0,1,0.06495423883,0.9978882437,0,0,1.367366163,1.649336143,-1.345524366,1.352451921,-0.1993774879,0.2626205717,0.2865591244,-1.292506233,1.542847127,1.304187881,1.514827627,-0.252096196,-0.08170355779,-0.3918265893,-0.1487014567,0,0.3210892229,-0.435050966,-0.6567373882,0.525951174,0.339191469,0.1306358305,0.005155597055,0.1724005705,0.03829412728,-0.6197575847,-0.1949088556,0.5045892843,0.008676432545,0.00504109673,0.00504109673,0,0,0.13,0.135,0
7.16,0.3605090385,-0.09657980775,0.6677750716,-0.03159788178,0,1,0.06495423883,0.9978882437,0,0,1.365879148,1.649336143,-1.342313474,1.348101411,-0.2059448618,0.2678800834,0.2899510391,-1.291199875,1.542898683,1.305911886,1.515210569,-0.2582937718,-0.08365264635,-0.3867806965,-0.1509035374,0,0.3231415151,-0.4349233624,-0.6568210128,0.5273327282,0.3357454318,0.1317911826,0.005056897745,0.1700022737,0.0372818597,-0.6184710614,-0.1909891007,0.5035214137,0.008673306863,0.005083069552,0.005083069552,0,0,0.13,0.135,0
7.17,0.3671775358,-0.09689569175,0.6659063929,-0.03157812536,0,1,0.06495423883,0.9978882437,0,0,1.364370113,1.649336143,-1.339082059,1.343752178,-0.2125130719,0.2731534107,0.2933084934,-1.289881963,1.542949252,1.307611909,1.515583387,-0.2644784825,-0.08556253735,-0.3817454823,-0.1530736051,0,0.3251449802,-0.4347214781,-0.6568444679,0.5286096,0.3322521427,0.1329081875,0.004957582191,0.1675885083,0.03625807422,-0.6170610725,-0.1870636251,0.5023452518,0.008670136107,0.005124741052,0.005124741052,0,0,0.13,0.135,0
7.18,0.3738268072,-0.09721135444,0.6639299761,-0.03155362232,0,1,0.06495423883,0.9978882437,0,0,1.362839377,1.649336143,-1.335830609,1.339404963,-0.2190815166,0.2784395067,0.2966310149,-1.288552881,1.542998828,1.309287794,1.515945968,-0.2706490932,-0.08743317361,-0.3767220298,-0.1552134104,0,0.3271166294,-0.4344452899,-0.6568200934,0.5297840795,0.3287282829,0.1339862138,0.004857698477,0.1651606281,0.03522332857,-0.6155278217,-0.1831349218,0.5010609954,0.008666921009,0.005166098059,0.005166098059,0,0,0.13,0.135,0
7.19,0.3804557777,-0.09752674844,0.6618462703,-0.03152439243,0,1,0.06495423883,0.9978882437,0,0,1.361287242,1.649336143,-1.332559443,1.33506051,-0.2256497175,0.2837373475,0.2999182977,-1.287213019,1.543047405,1.3109394,1.516298201,-0.2768043714,-0.08926452282,-0.3717114199,-0.1573125836,0,0.3290013301,-0.4340947989,-0.6567099,0.5308453632,0.3251305017,0.1350246566,0.004757294984,0.1627199848,0.03417818953,-0.6138715828,-0.179205463,0.4996689133,0.008663662266,0.005207127716,0.005207127716,0,0,0.135,0.135,0
7.2,0.3870633766,-0.0978418266,0.6596557527,-0.03149045672,0,1,0.06495423883,0.9978882437,0,0,1.359714117,1.649336143,-1.329269429,1.330719562,-0.2322168165,0.2890458011,0.3031696027,-1.285862772,1.543094978,1.3125666,1.516639983,-0.2829430872,-0.09105657745,-0.3667147307,-0.1593786996,0,0.3308508529,-0.4336700306,-0.6565504387,0.531802022,0.3215045116,0.1360229388,0.004656420351,0.1602679268,0.03312323226,-0.6120927004,-0.1752776983,0.4981693453,0.008660360794,0.005247817488,0.005247817488,0,0,0.135,0.135,0
7.21,0.3936485383,-0.09815654197,0.6573589289,-0.03145183746,0,1,0.06495423883,0.9978882437,0,0,1.35812033,1.649336143,-1.325960921,1.326382862,-0.2387823209,0.2943638214,0.3063846478,-1.284502543,1.543141542,1.314169279,1.516971215,-0.2890640142,-0.09280935444,-0.3617330373,-0.1614075609,0,0.3326465457,-0.4331710346,-0.6563290419,0.5326500069,0.3178373097,0.1369805111,0.004555123438,0.1578057982,0.03205903963,-0.6101915898,-0.1713540512,0.4965627031,0.008657017346,0.005288155175,0.005288155175,0,0,0.135,0.135,0
7.22,0.4002102026,-0.09847084782,0.6549563324,-0.03140855817,0,1,0.06495423883,0.9978882437,0,0,1.356506254,1.649336143,-1.322634455,1.322051151,-0.2453456113,0.2996903214,0.3095630209,-1.283132738,1.543187094,1.315747337,1.517291806,-0.2951659301,-0.09452289495,-0.3567674103,-0.1634010939,0,0.3344054734,-0.4325978849,-0.6560577358,0.5333920972,0.314145411,0.1378968525,0.00445345329,0.1553349377,0.0309862015,-0.6081687366,-0.1674369169,0.4948494691,0.008653632769,0.005328128918,0.005328128918,0,0,0.135,0.135,0
7.23,0.4067473143,-0.09878469768,0.6524485253,-0.0313606436,0,1,0.06495423883,0.9978882437,0,0,1.354872243,1.649336143,-1.319290401,1.317725172,-0.2519061887,0.3050242424,0.312704475,-1.281753769,1.543231628,1.317300687,1.517601668,-0.3012476175,-0.09619726412,-0.3518189156,-0.1653486089,0,0.3360723372,-0.4319506795,-0.6556987703,0.5340166578,0.3103860593,0.1387714705,0.004351459096,0.1528566775,0.02990531402,-0.6060246968,-0.1635286595,0.4930301967,0.008650207864,0.00536772721,0.00536772721,0,0,0.135,0.135,0
7.24,0.4132588243,-0.09909804532,0.6498360976,-0.03130811976,0,1,0.06495423883,0.9978882437,0,0,1.353218757,1.649336143,-1.315929677,1.313405666,-0.2584631764,0.310364409,0.3158083356,-1.280366054,1.543275143,1.318829254,1.517900721,-0.3073078645,-0.09783255071,-0.3468886136,-0.1672580977,0,0.3376990299,-0.4312295411,-0.6552880836,0.5345333867,0.3066044002,0.1396039019,0.004249190143,0.1503723419,0.02881697891,-0.6037600962,-0.1596316095,0.4911055093,0.00864674366,0.0054069389,0.0054069389,0,0,0.135,0.135,0
7.25,0.4197436896,-0.0994108448,0.6471196677,-0.03125101388,0,1,0.06495423883,0.9978882437,0,0,1.351546176,1.649336143,-1.312552687,1.30909337,-0.2650160572,0.3157097428,0.3188743796,-1.278970015,1.543317635,1.320332977,1.518188891,-0.3133454654,-0.09942886681,-0.3419775585,-0.169125304,0,0.339266859,-0.4304346161,-0.6548129752,0.5349380769,0.3027876503,0.1403937123,0.004146695783,0.1478832468,0.02772180276,-0.6013756298,-0.1557480612,0.4890761001,0.008643241017,0.005445753206,0.005445753206,0,0,0.135,0.135,0
7.26,0.4262008732,-0.09972305042,0.6442998821,-0.03118935444,0,1,0.06495423883,0.9978882437,0,0,1.349854923,1.649336143,-1.309160018,1.304789024,-0.271564187,0.3210591236,0.3219022561,-1.277566078,1.543359102,1.321811809,1.518466109,-0.3193592217,-0.1009863474,-0.3370867975,-0.1709523765,0,0.3407931338,-0.4295660754,-0.6542852883,0.5352340327,0.2989523057,0.1411404972,0.004044025379,0.1453906981,0.02662039623,-0.5988720617,-0.1518802702,0.4869427307,0.008639700883,0.005484159719,0.005484159719,0,0,0.135,0.135,0
7.27,0.4326293449,-0.1000346168,0.6413774156,-0.03112317118,0,1,0.06495423883,0.9978882437,0,0,1.348145399,1.649336143,-1.305752087,1.300493363,-0.2781070399,0.3264114639,0.3248917792,-1.276154673,1.543399542,1.323265716,1.518732313,-0.3253479423,-0.1025051501,-0.3322173702,-0.1727282226,0,0.34222184,-0.4286241139,-0.6536671138,0.5354087127,0.2950557605,0.1418438816,0.003941228267,0.1428959909,0.02551337337,-0.596250224,-0.1480304513,0.484706231,0.008636124162,0.005522148406,0.005522148406,0,0,0.135,0.135,0
7.28,0.4390280816,-0.1003454989,0.6383529712,-0.03105249507,0,1,0.06495423883,0.9978882437,0,0,1.346418117,1.649336143,-1.302329869,1.296207122,-0.284643711,0.3317655511,0.3278423368,-1.274736234,1.543438954,1.324694676,1.518987446,-0.3313104446,-0.1039854546,-0.3273703079,-0.1744613596,0,0.343605545,-0.4276089508,-0.6529941707,0.5354730301,0.2911430338,0.1425035207,0.003838353705,0.1404004081,0.02440135084,-0.5935110161,-0.144200776,0.4823674976,0.008632511989,0.005559709622,0.005559709622,0,0,0.14,0.135,0
7.29,0.4453960669,-0.1006556518,0.63522728,-0.03097735832,0,1,0.06495423883,0.9978882437,0,0,1.344673503,1.649336143,-1.298893813,1.291931033,-0.2911736527,0.3371202814,0.3307537671,-1.273311199,1.543477338,1.32609868,1.51923146,-0.3372455547,-0.1054274624,-0.3225466329,-0.1761508087,0,0.3449433848,-0.4265208291,-0.6522656984,0.53542675,0.2872157695,0.1431190996,0.003735450832,0.13790522,0.02328494717,-0.5906554037,-0.1403933703,0.4799274928,0.00862886532,0.00559683411,0.00559683411,0,0,0.14,0.135,0
7.3,0.4517322922,-0.1009650313,0.6320011014,-0.03089779439,0,1,0.06495423883,0.9978882437,0,0,1.342911995,1.649336143,-1.295444379,1.287665824,-0.2976963097,0.3424745489,0.3336259248,-1.271880008,1.543514692,1.327477733,1.519464309,-0.3431521088,-0.1068313961,-0.317747358,-0.1777855745,0,0.3461809265,-0.4253600162,-0.6514450817,0.5352571524,0.2832331686,0.143690334,0.003632568612,0.1354116825,0.02216478201,-0.5876844182,-0.1366103127,0.4773872436,0.008625185131,0.005633513007,0.005633513007,0,0,0.14,0.135,0
7.31,0.4580357566,-0.1012735931,0.6286752231,-0.03081383798,0,1,0.06495423883,0.9978882437,0,0,1.34113414,1.649336143,-1.29198257,1.283412224,-0.3042107605,0.3478271204,0.3364582565,-1.270443105,1.543551018,1.328831849,1.519685957,-0.349028953,-0.1081974992,-0.3129734855,-0.1793741938,0,0.3473691656,-0.4241268032,-0.6505664878,0.534975581,0.2792384842,0.1442194774,0.003519540318,0.1329083316,0.02104147537,-0.584586761,-0.1328578314,0.4747364395,0.008621472627,0.005669737851,0.005669737851,0,0,0.14,0.135,0
7.32,0.464305467,-0.1015812935,0.6252504609,-0.03072552502,0,1,0.06495423883,0.9978882437,0,0,1.339340398,1.649336143,-1.288508878,1.279170956,-0.3107164254,0.3531768762,0.3392506413,-1.26900091,1.543586213,1.330160933,1.519896372,-0.3548748206,-0.1095260775,-0.3082261211,-0.1809124115,0,0.3484897214,-0.4228215054,-0.649617396,0.5345776846,0.2752196111,0.1446987459,0.003427155682,0.1304346319,0.01991564684,-0.5814008826,-0.1291253307,0.4720105667,0.008617728834,0.005705466807,0.005705466807,0,0,0.14,0.13,0
7.33,0.470540439,-0.1018880892,0.6217276587,-0.03063289272,0,1,0.06495423883,0.9978882437,0,0,1.337531274,1.649336143,-1.285023981,1.274942741,-0.3172125994,0.358522653,0.3420028375,-1.267553923,1.543620485,1.331465279,1.520095529,-0.3606888294,-0.1108173308,-0.3035060155,-0.1824027206,0,0.3495599347,-0.4214444619,-0.6486090804,0.5340675878,0.271192679,0.1451355439,0.003324630055,0.1279534305,0.01878791492,-0.5780906068,-0.1254272794,0.4691763742,0.008613954867,0.005740760057,0.005740760057,0,0,0.14,0.13,0
7.34,0.4767396963,-0.1021939371,0.6181076889,-0.03053597948,0,1,0.06495423883,0.9978882437,0,0,1.335707246,1.649336143,-1.281528382,1.270728297,-0.3236986902,0.3638633289,0.3447147642,-1.266102567,1.543653731,1.332744813,1.520283408,-0.3664697355,-0.1120716036,-0.2988142517,-0.1838335834,0,0.350523768,-0.419996036,-0.6475041361,0.5334315279,0.2671163312,0.1455271648,0.003222315676,0.12547874,0.01765889614,-0.5746697109,-0.1217613761,0.4662466597,0.008610151784,0.005775576288,0.005775576288,0,0,0.14,0.13,0
7.35,0.4829022719,-0.1024987946,0.6143914519,-0.030434825,0,1,0.06495423883,0.9978882437,0,0,1.333868911,1.649336143,-1.278023144,1.266528336,-0.3301737315,0.3691976442,0.3473859276,-1.264647296,1.543685954,1.333999601,1.520459997,-0.3722164326,-0.1132892174,-0.2941517851,-0.1852142478,0,0.3514338044,-0.4184766144,-0.6463371675,0.5326822263,0.2630344025,0.1458734764,0.003120262469,0.1230117344,0.01652920444,-0.5711395381,-0.1181294318,0.4632227538,0.008606320887,0.005809908643,0.005809908643,0,0,0.14,0.13,0
7.36,0.4890272076,-0.1028026196,0.6105798764,-0.03032947017,0,1,0.06495423883,0.9978882437,0,0,1.332016768,1.649336143,-1.274508806,1.26234357,-0.3366371032,0.3745244665,0.3500162716,-1.263188561,1.543717157,1.335229718,1.520625289,-0.377927828,-0.1144705117,-0.2895195576,-0.1865439491,0,0.3522894803,-0.4168866082,-0.6451073194,0.5318198183,0.2589487841,0.1461743773,0.00301851733,0.1205535646,0.01539945032,-0.5675014865,-0.1145332002,0.4601060398,0.00860246328,0.005843750684,0.005843750684,0,0,0.145,0.13,0
7.37,0.4951135548,-0.1031053702,0.6066739193,-0.03021995716,0,1,0.06495423883,0.9978882437,0,0,1.330151329,1.649336143,-1.270985911,1.258174704,-0.3430881764,0.3798426647,0.3526057594,-1.261726817,1.543747342,1.336435254,1.520779283,-0.3836028428,-0.1156158437,-0.2849184972,-0.1878111489,0,0.3530356251,-0.4152264519,-0.6437779579,0.5308302875,0.2548193207,0.1464297968,0.002917126631,0.1181053606,0.01427024017,-0.56375701,-0.1109743751,0.4568979541,0.008598580084,0.005877096379,0.005877096379,0,0,0.145,0.13,0
7.38,0.5011603746,-0.103407005,0.6026745656,-0.03010632937,0,1,0.06495423883,0.9978882437,0,0,1.328273217,1.649336143,-1.267455555,1.254022439,-0.349525956,0.3851509675,0.3551539526,-1.260262519,1.543776513,1.337616307,1.520921986,-0.3892404129,-0.1167255875,-0.2803495177,-0.1890252471,0,0.3537239881,-0.4134966039,-0.6423826931,0.5297268817,0.250688685,0.1466396946,0.00281613617,0.1156682308,0.01314217552,-0.5599076169,-0.1074545897,0.4535999846,0.008594672659,0.005909940105,0.005909940105,0,0,0.145,0.13,0
7.39,0.5071667381,-0.1037074832,0.5985828287,-0.02998863145,0,1,0.06495423883,0.9978882437,0,0,1.326382965,1.649336143,-1.263918315,1.249887473,-0.3559497829,0.3904482363,0.3576608395,-1.258796122,1.543804675,1.33877299,1.521053407,-0.3948394891,-0.1178001334,-0.2758135178,-0.1901855798,0,0.354354128,-0.4116975465,-0.640920635,0.528509898,0.2465588608,0.1468040609,0.002715591122,0.113243261,0.01201585229,-0.5559548685,-0.1039754144,0.4502136687,0.008590742164,0.005942276645,0.005942276645,0,0,0.145,0.13,0
7.4,0.5131317267,-0.1040067642,0.59439975,-0.02986690927,0,1,0.06495423883,0.9978882437,0,0,1.324481109,1.649336143,-1.260374774,1.245770498,-0.3623589893,0.3957333353,0.3601264281,-1.257328082,1.543831831,1.339905422,1.521173566,-0.4003990378,-0.1188398875,-0.2713113811,-0.1912805671,0,0.3548714443,-0.4098297856,-0.6393557079,0.5271650342,0.2423906402,0.1469229159,0.002615535987,0.1108315136,0.01089186013,-0.551900377,-0.1005383565,0.4467405914,0.008586789775,0.005974101187,0.005974101187,0,0,0.145,0.13,0
7.41,0.5190544322,-0.1043048081,0.5901263994,-0.02974120997,0,1,0.06495423883,0.9978882437,0,0,1.322568303,1.649336143,-1.256826059,1.2416722,-0.3687525463,0.4010049857,0.3625503345,-1.255858852,1.543857986,1.341013737,1.521282484,-0.4059180416,-0.1198452711,-0.2668439752,-0.1923198175,0,0.355327168,-0.4078938507,-0.6377207689,0.5257061074,0.2382257886,0.14699631,0.002516014542,0.1084340268,0.009770781635,-0.5477458036,-0.09714485911,0.443182383,0.008582816902,0.006005409322,0.006005409322,0,0,0.145,0.13,0
7.42,0.5249339575,-0.1046015753,0.5857638748,-0.02961158192,0,1,0.06495423883,0.9978882437,0,0,1.320645105,1.649336143,-1.253272788,1.237593262,-0.375129754,0.4062620467,0.3649325924,-1.254388889,1.543883146,1.342098078,1.521380192,-0.4113954996,-0.1208167197,-0.2624121514,-0.1933027747,0,0.3557209799,-0.4058902954,-0.6360149008,0.524133583,0.2340663707,0.1470243234,0.00241706979,0.106051814,0.008653191749,-0.5434928573,-0.09379629985,0.4395407173,0.008578824757,0.006036197041,0.006036197041,0,0,0.145,0.13,0
7.43,0.5307694162,-0.1048970268,0.5813133022,-0.02947807473,0,1,0.06495423883,0.9978882437,0,0,1.318712077,1.649336143,-1.249715578,1.233534359,-0.381489903,0.4115033826,0.3672732561,-1.252918646,1.543907317,1.343158596,1.521466724,-0.4168304282,-0.1217546827,-0.2580167442,-0.1942177801,0,0.3559985891,-0.4038196965,-0.6342024041,0.522432839,0.229873906,0.1470070662,0.002318743916,0.1036858626,0.007539657008,-0.5391432926,-0.09049399052,0.435817309,0.00857481456,0.006066460733,0.006066460733,0,0,0.15,0.13,0
7.44,0.5365599338,-0.1051911241,0.5767758362,-0.02934073927,0,1,0.06495423883,0.9978882437,0,0,1.316769899,1.649336143,-1.246155592,1.229496162,-0.3878319271,0.416727711,0.3695719951,-1.251448575,1.543930504,1.344195454,1.521542121,-0.4222218611,-0.1226596226,-0.2536585711,-0.1950747036,0,0.356210989,-0.4016826549,-0.6323155989,0.5206183068,0.2256894699,0.1469446778,0.002221078234,0.1013371339,0.006430734906,-0.5346989076,-0.08723917627,0.4320139123,0.008570787769,0.006096197179,0.006096197179,0,0,0.15,0.13,0
7.45,0.5423046473,-0.105483829,0.5721526592,-0.02919962764,0,1,0.06495423883,0.9978882437,0,0,1.314819152,1.649336143,-1.242593482,1.225479335,-0.3941550831,0.421933894,0.3718288898,-1.249979129,1.543952715,1.345208826,1.521606428,-0.4275688502,-0.1235320143,-0.249338432,-0.1958731031,0,0.356357983,-0.3994797949,-0.6303535522,0.5186906251,0.2215151956,0.1468373269,0.002124113141,0.09900656182,0.00532697324,-0.5301615423,-0.08403303511,0.4281323178,0.008566745638,0.006125403552,0.006125403552,0,0,0.15,0.13,0
7.46,0.5480027054,-0.1057751042,0.5674449821,-0.02905479317,0,1,0.06495423883,0.9978882437,0,0,1.312860421,1.649336143,-1.239029902,1.221484537,-0.4004586186,0.4271208003,0.3740440418,-1.248510755,1.543973956,1.346198891,1.521659698,-0.4328704656,-0.1243723447,-0.2450571088,-0.1966012087,0,0.3563853683,-0.3972117645,-0.6282807905,0.5166348208,0.2173131436,0.1466852111,0.002027888079,0.09669505279,0.004228909467,-0.5255330767,-0.08087667748,0.4241743512,0.008562689425,0.006154077406,0.006154077406,0,0,0.15,0.13,0
7.47,0.5536532694,-0.1060649127,0.5626540439,-0.02890629046,0,1,0.06495423883,0.9978882437,0,0,1.310894409,1.649336143,-1.235466049,1.217512419,-0.4067414265,0.4322871485,0.3762171732,-1.247043903,1.543994235,1.347165842,1.521701987,-0.4381257964,-0.1251811115,-0.2408153653,-0.1972692001,0,0.3563441474,-0.3948792356,-0.62612929,0.5144659825,0.2131238811,0.146488557,0.001932441481,0.09440348473,0.003137070086,-0.5208154287,-0.07777114595,0.4201418705,0.008558620631,0.006182216678,0.006182216678,0,0,0.15,0.13,0
7.48,0.5592555129,-0.106353218,0.5577811118,-0.02875417533,0,1,0.06495423883,0.9978882437,0,0,1.308921717,1.649336143,-1.231902607,1.213563627,-0.4130027194,0.4374318083,0.378348412,-1.245579018,1.544013559,1.348109877,1.521733358,-0.4433339506,-0.1259588229,-0.2366139466,-0.197876756,0,0.3562342497,-0.3924829036,-0.6238981181,0.5121849275,0.2089495974,0.1462499295,0.001827567857,0.0921200511,0.002051970049,-0.5159980629,-0.07472264601,0.4160258055,0.008554540542,0.006209819677,0.006209819677,0,0,0.15,0.13,0
7.49,0.5648086226,-0.1066399843,0.5528274812,-0.02859850487,0,1,0.06495423883,0.9978882437,0,0,1.30694295,1.649336143,-1.228340265,1.209638798,-0.4192417006,0.4425536576,0.380437908,-1.244116518,1.544031835,1.349031077,1.521753877,-0.4484939313,-0.1267060494,-0.2324536886,-0.1984119671,0,0.3560013746,-0.3900234875,-0.6215519059,0.5097763031,0.2047527366,0.1459626427,0.001744158117,0.08988369674,0.0009741121208,-0.5111205881,-0.07171638041,0.4118611112,0.008550450449,0.006236851055,0.006236851055,0,0,0.155,0.13,0
7.5,0.570311798,-0.1069251764,0.5477944758,-0.02843933737,0,1,0.06495423883,0.9978882437,0,0,1.30495883,1.649336143,-1.224780251,1.205738563,-0.4254572196,0.4476514206,0.3824854354,-1.242656892,1.544049277,1.349929914,1.521763618,-0.4536051371,-0.1274232132,-0.2283350774,-0.198885367,0,0.3556967496,-0.3875017305,-0.6191224586,0.5072558961,0.2005735082,0.1458765189,0.000567215627,0.08631812744,-9.602432476e-05,-0.5048250444,-0.0693339604,0.4064627077,0.008546351885,0.006263378312,0.006263378312,0,0,0.155,0.13,0
7.51,0.575764252,-0.1072087596,0.5426834474,-0.02827673242,0,1,0.06495423883,0.9978882437,0,0,1.302969976,1.649336143,-1.221223283,1.201863546,-0.4316484442,0.4527239796,0.3844911705,-1.241198127,1.544054949,1.350793096,1.521762658,-0.4586533876,-0.1281165528,-0.2242704504,-0.1992967615,0,0.3553204344,-0.3849183991,-0.6166088644,0.5046247065,0.1964141431,0.145972359,-0.001632779256,0.08151213719,-0.001157961875,-0.4971986972,-0.06756168565,0.3999193562,0.008542246163,0.006285763822,0.006285763822,0,0,0.155,0.13,0
7.52,0.5811652114,-0.1074906998,0.5374957761,-0.0281107508,0,1,0.06495423883,0.9978882437,0,0,1.300977009,1.649336143,-1.217670079,1.198014362,-0.4378145329,0.4577702266,0.3864553119,-1.239738403,1.544038621,1.351608217,1.521751079,-0.4636253746,-0.1287921696,-0.2202712568,-0.1996340794,0,0.3548178815,-0.3822742838,-0.6139757662,0.5018669789,0.19223734,0.145513973,-0.001552658436,0.07954507735,-0.002211204751,-0.4922729517,-0.06466506218,0.3957418592,0.008538134597,0.006300601563,0.006300601563,0,0,0.155,0.13,0
7.53,0.5865139168,-0.1077709636,0.5322328702,-0.02794145456,0,1,0.06495423883,0.9978882437,0,0,1.298980668,1.649336143,-1.2141219,1.194191619,-0.4439542905,0.4627888964,0.3883776853,-1.238283263,1.544023094,1.352403668,1.521728967,-0.4685481041,-0.1294388203,-0.2163138382,-0.1999082471,0,0.3542407279,-0.3795701989,-0.6112549521,0.4989992345,0.1880830699,0.1450145494,-0.001475715763,0.07759718107,-0.003255326807,-0.4872653448,-0.0618231128,0.3914957119,0.008534018746,0.006315464839,0.006315464839,0,0,0.155,0.13,0
7.54,0.5918096228,-0.1080495181,0.5268961662,-0.02776890698,0,1,0.06495423883,0.9978882437,0,-0.5,1.296981585,1.649336143,-1.210579493,1.190395917,-0.45006684,0.4677788888,0.390258516,-1.236833118,1.544008337,1.35317964,1.521696413,-0.4734207575,-0.1300570514,-0.2123988811,-0.2001192034,0,0.3535891695,-0.3768069827,-0.6084455556,0.49602266,0.1839535888,0.2343274188,-0.4042741068,-0.4220334141,-0.004291881114,0.01026694088,-0.276252832,-0.03806943965,0.008529899942,0.006330340721,0.006330340721,0,0,0.16,0.13,0
7.55,0.597051599,-0.1083263311,0.5214871287,-0.02759317261,0,1,0.05996400648,0.9982005399,0,0,1.294980393,1.649336143,-1.207043601,1.186627847,-0.4561512956,0.4727391154,0.3920980519,-1.234489844,1.539965596,1.348959305,1.521653494,-0.4733180881,-0.1328195797,-0.2127795755,-0.2002546983,0,0.3528082995,-0.3739854973,-0.6055121664,0.4929210806,0.1798117483,0.143558818,-0.001228089446,0.0739549141,-0.005314486229,-0.4770865758,-0.05822252786,0.384001823,0.008525779512,0.005006990864,0.005006990864,0,0,0.16,0.135,0
7.56,0.6022391293,-0.1086013711,0.5160072508,-0.02741431721,0,1,0.05996400648,0.9982005399,0,0,1.292977846,1.649336143,-1.203515518,1.182887992,-0.4622064173,0.4776683262,0.3938961694,-1.233054256,1.539953315,1.349698855,1.52160035,-0.4780889539,-0.133401805,-0.2089395573,-0.2003300042,0,0.351967885,-0.3711066289,-0.6024976811,0.4897173812,0.1757098677,0.142948139,-0.001165978327,0.07205473833,-0.006328703287,-0.4718444746,-0.0555240542,0.3795529697,0.008521659034,0.005021970411,0.005021970411,0,0,0.16,0.135,0
7.57,0.6073715129,-0.1088746073,0.5104580535,-0.0272324078,0,1,0.05996400648,0.9982005399,0,0,1.290974546,1.649336143,-1.199995839,1.179176926,-0.4682313941,0.4825655,0.395653268,-1.231624774,1.539941656,1.350419402,1.521537063,-0.4828073986,-0.1339570455,-0.2051440276,-0.2003295207,0,0.3509979976,-0.3681712879,-0.5993573503,0.486390543,0.1716002196,0.1422979438,-0.001106758095,0.07017660323,-0.007332156516,-0.4665289862,-0.05288253255,0.3750435652,0.008517539768,0.005036914297,0.005036914297,0,0,0.16,0.135,0
7.58,0.6124480644,-0.1091460093,0.5048410861,-0.02704751264,0,1,0.05996400648,0.9982005399,0,0,1.288971251,1.649336143,-1.19648586,1.175495213,-0.4742249676,0.4874294054,0.3973692702,-1.230201795,1.539930588,1.351121168,1.521463741,-0.4874726885,-0.1344858709,-0.2013935919,-0.2002643234,0,0.3499486883,-0.3651804085,-0.5961216026,0.4829575533,0.1675207107,0.141608719,-0.001050412563,0.06832105482,-0.008324475291,-0.4611422979,-0.05029841769,0.3704757196,0.00851342329,0.00505181119,0.00505181119,0,0,0.16,0.135,0
7.59,0.617468114,-0.1094155478,0.4991579263,-0.02685970123,0,1,0.05996400648,0.9982005399,0,0,1.286968608,1.649336143,-1.192986373,1.171843409,-0.4801861836,0.492258981,0.3990444773,-1.228785708,1.539920084,1.351804378,1.521380496,-0.4920841115,-0.134988855,-0.1976888347,-0.2001345732,0,0.3488203655,-0.3621349496,-0.5927896973,0.4794198969,0.1634735845,0.1408809758,-0.0009969223694,0.06648861086,-0.009305305789,-0.4556866205,-0.04777209635,0.3658515577,0.008509310945,0.00506664999,0.00506664999,0,0,0.165,0.135,0
7.6,0.6224310077,-0.1096831939,0.4934101798,-0.02666904431,0,1,0.05996400648,0.9982005399,0,0,1.284967262,1.649336143,-1.189498169,1.16822206,-0.4861140806,0.4970531799,0.4006792132,-1.227376898,1.539910115,1.352469265,1.521287443,-0.4966409777,-0.135466576,-0.1940303191,-0.1999282934,0,0.3475599765,-0.3590358941,-0.5893276858,0.4757615332,0.1594236208,0.1401152495,-0.0009462650699,0.06467976058,-0.01027431132,-0.4501641873,-0.04530388791,0.3611732172,0.00850520407,0.005081419834,0.005081419834,0,0,0.165,0.135,0
7.61,0.6273361077,-0.1099489194,0.4875994806,-0.02647561389,0,1,0.05996400648,0.9982005399,0,0,1.282967979,1.649336143,-1.186022569,1.164631701,-0.4920073574,0.5018107953,0.4022734494,-1.225975745,1.539900652,1.353116062,1.5211847,-0.5011426195,-0.1359196149,-0.190418587,-0.1996570237,0,0.3462183484,-0.3558842493,-0.5857663291,0.4720002363,0.1554087039,0.1393120992,-0.0008984152382,0.0628949646,-0.01123117265,-0.4445772522,-0.04289404524,0.3564428468,0.008501104246,0.005096110104,0.005096110104,0,0,0.165,0.135,0
7.62,0.632182793,-0.1102126971,0.4817274908,-0.02627948317,0,1,0.05996400648,0.9982005399,0,0,1.280971409,1.649336143,-1.182560386,1.161072858,-0.4978650207,0.5065307976,0.4038275364,-1.224582624,1.539891668,1.353745012,1.521072388,-0.5055883921,-0.1363485553,-0.1868541585,-0.1993210704,0,0.3447960459,-0.3526810474,-0.5821050163,0.4681376835,0.1514310466,0.1384743997,-0.0008637663604,0.0611217762,-0.01217558824,-0.4389153197,-0.04054874047,0.3516518034,0.008497012812,0.005110710433,0.005110710433,0,0,0.165,0.135,0
7.63,0.6369704589,-0.1104745004,0.475795901,-0.02608072666,0,1,0.05996400648,0.9982005399,0,0,1.278978198,1.649336143,-1.179112425,1.157546048,-0.5036860709,0.5112121745,0.4053418469,-1.22319788,1.53988303,1.35435623,1.520950632,-0.5099775453,-0.1367540427,-0.1833376405,-0.198908274,0,0.3432395203,-0.3494273448,-0.5783096862,0.464157427,0.147455396,0.1375958373,-0.0008108651127,0.05939942809,-0.01310727457,-0.433219176,-0.03825009642,0.3468348436,0.008492931097,0.005125176088,0.005125176088,0,0,0.165,0.135,0
7.64,0.6416985181,-0.1107343032,0.4698064296,-0.02587942004,0,1,0.05996400648,0.9982005399,0,0,1.276989116,1.649336143,-1.17568003,1.154051774,-0.5094691677,0.5158537487,0.4068164009,-1.221821922,1.539874922,1.354950224,1.52081956,-0.514309737,-0.1371365437,-0.179869292,-0.1984346683,0,0.3416177378,-0.3461242229,-0.5744222023,0.4600838845,0.1435315318,0.1366839988,-0.0007712532042,0.05768927466,-0.01402596628,-0.4274524441,-0.03601621306,0.3419613596,0.008488860673,0.005139566974,0.005139566974,0,0,0.17,0.135,0
7.65,0.6463664004,-0.1109920805,0.4637608236,-0.0256756403,0,1,0.05996400648,0.9982005399,0,0,1.275004769,1.649336143,-1.172263853,1.150590532,-0.5152133898,0.5204545876,0.4082517162,-1.220455082,1.539867209,1.355527117,1.5206793,-0.5185842615,-0.1374967058,-0.1764496784,-0.1978846353,0,0.3398621984,-0.3427727878,-0.5703993631,0.4558955152,0.1396139555,0.1357372013,-0.0007343230691,0.05600472472,-0.0149314164,-0.4216303948,-0.03384106336,0.3370445092,0.008484802784,0.005153838381,0.005153838381,0,0,0.17,0.135,0
7.66,0.6509735533,-0.111247808,0.4576608579,-0.02546946563,0,1,0.05996400648,0.9982005399,0,0,1.273025923,1.649336143,-1.168865231,1.147162804,-0.5209173834,0.5250135427,0.4096478557,-1.21909771,1.539859866,1.356087164,1.520529986,-0.5228005654,-0.1378351165,-0.1730792333,-0.1972699541,0,0.338022728,-0.3393741707,-0.5662711687,0.4516105992,0.1357388524,0.134756115,-0.0007000323697,0.05434609882,-0.01582339657,-0.4157553662,-0.03172458076,0.3320864726,0.008480758985,0.005167980983,0.005167980983,0,0,0.17,0.135,0
7.67,0.6555194423,-0.1115014621,0.4515083359,-0.02526097548,0,1,0.05996400648,0.9982005399,0,0,1.271053223,1.649336143,-1.165485003,1.143769062,-0.5265800951,0.5295296487,0.4110052443,-1.217750149,1.539852865,1.356630625,1.520371752,-0.5269581191,-0.1381523623,-0.1697583686,-0.1965911716,0,0.3361001432,-0.3359295278,-0.5620372975,0.4472311176,0.1319083158,0.1337414319,-0.0006683401047,0.05271368412,-0.0167016971,-0.4098297033,-0.02966664089,0.327089427,0.008476730588,0.005181985738,0.005181985738,0,0,0.17,0.135,0
7.68,0.660003551,-0.1117530201,0.4453050889,-0.02505025054,0,1,0.05996400648,0.9982005399,0,0,1.269087311,1.649336143,-1.162124002,1.140409767,-0.5322004681,0.5340019599,0.4123243274,-1.216412734,1.539846182,1.357157762,1.520204735,-0.5310564161,-0.1384490287,-0.1664874743,-0.1958364238,0,0.3340425788,-0.3324400407,-0.557665089,0.4427408297,0.1280886797,0.1326938645,-0.0006392030934,0.05110773891,-0.01756612712,-0.4038557616,-0.02766706085,0.3220555492,0.008472718891,0.005195843881,0.005195843881,0,0,0.175,0.135,0
7.69,0.6644253812,-0.1120024599,0.4390529768,-0.02483737274,0,1,0.05996400648,0.9982005399,0,0,1.267128947,1.649336143,-1.158783576,1.137085367,-0.537777119,0.5384293682,0.4136052142,-1.215085796,1.53983979,1.357668839,1.520029074,-0.5350949737,-0.1387256993,-0.1632669189,-0.1950179639,0,0.3319007319,-0.3289069162,-0.5531850695,0.4381587777,0.124316095,0.1316141455,-0.0006125760991,0.0495284928,-0.01841651468,-0.397835906,-0.02572560061,0.3169870137,0.008468725427,0.005209546928,0.005209546928,0,0,0.175,0.135,0
7.7,0.6687844539,-0.1122497606,0.4327538873,-0.02462242525,0,1,0.05996400648,0.9982005399,0,0,1.265178767,1.649336143,-1.155464569,1.133796298,-0.5433089696,0.542810956,0.4148483752,-1.213769654,1.539833664,1.358164124,1.519844909,-0.5390733328,-0.1389829553,-0.1600970487,-0.1941364922,0,0.3296755986,-0.3253313868,-0.5485971564,0.4334871326,0.1205925508,0.1305030273,-0.0005884119539,0.04797614684,-0.01925270677,-0.3917725093,-0.02384196445,0.3118859918,0.008464751478,0.00522308668,0.00522308668,0,0,0.175,0.135,0
7.71,0.6730803088,-0.1124949018,0.4264097366,-0.02440549249,0,1,0.05996400648,0.9982005399,0,0,1.263237403,1.649336143,-1.152167813,1.130542984,-0.5487949412,0.5471458273,0.4160543007,-1.212464624,1.53982778,1.358643886,1.519652381,-0.5429910579,-0.1392213749,-0.1569781888,-0.1931800219,0,0.3273149884,-0.3217147103,-0.5438687317,0.4287093471,0.1168843563,0.1293612815,-0.0005666616861,0.04645087371,-0.02007456939,-0.3856679516,-0.02201580252,0.3067546505,0.008460798304,0.005236455221,0.005236455221,0,0,0.175,0.135,0
7.72,0.6773125049,-0.1127378641,0.4200224689,-0.02418666013,0,1,0.05996400648,0.9982005399,0,0,1.261305602,1.649336143,-1.148894663,1.127325837,-0.5542336285,0.5514329208,0.4172231442,-1.211171011,1.539822113,1.359108394,1.519451636,-0.5468477374,-0.139441533,-0.1539106423,-0.192165355,0,0.3248874468,-0.3180581709,-0.5390412933,0.4238512302,0.113238902,0.1281896984,-0.0005472746466,0.04495281794,-0.02088198749,-0.3795246189,-0.02024671238,0.3015951509,0.008456867409,0.00524964492,0.00524964492,0,0,0.18,0.135,0
7.73,0.681480621,-0.112978629,0.4135940569,-0.02396601506,0,1,0.05996400648,0.9982005399,0,0,1.259383949,1.649336143,-1.145645789,1.124145255,-0.5596240415,0.5556714331,0.4183555333,-1.209889114,1.539816641,1.359557922,1.519242816,-0.5506429836,-0.1396440001,-0.1508946908,-0.1910769855,0,0.3223260464,-0.3143630781,-0.5340733475,0.418890982,0.109612648,0.1269913288,-0.0005406722232,0.04346914917,-0.02167486499,-0.3733320672,-0.01854071868,0.296399082,0.008452959949,0.005262648439,0.005262648439,0,0,0.18,0.135,0
7.74,0.6855842556,-0.1132171787,0.4071265013,-0.02374364544,0,1,0.05996400648,0.9982005399,0,0,1.257473179,1.649336143,-1.142422528,1.121001624,-0.5649647749,0.5598603429,0.4194516597,-1.208619201,1.539811234,1.359992614,1.519026067,-0.5543763043,-0.1398294073,-0.1479307,-0.1899273836,0,0.3196805805,-0.310630768,-0.5289949725,0.4138480441,0.1060400244,0.1257602277,-0.000515192132,0.04203902862,-0.02245312474,-0.3671314283,-0.01687780532,0.2912005033,0.00844907739,0.005275423893,0.005275423893,0,0,0.18,0.135,0
7.75,0.6896230273,-0.1134534964,0.400621831,-0.02351964066,0,1,0.05996400648,0.9982005399,0,0,1.255573905,1.649336143,-1.139225722,1.117895316,-0.5702547247,0.5639988233,0.42051206,-1.207361599,1.539806082,1.360413004,1.518801536,-0.5580476185,-0.1399981853,-0.1450186949,-0.1887175002,0,0.3169523436,-0.3068626027,-0.5238065731,0.4087248839,0.1025227718,0.1245040546,-0.0005025719917,0.0406232199,-0.02321670835,-0.3608861401,-0.01527700975,0.2859694308,0.008445220943,0.005288034807,0.005288034807,0,0,0.18,0.135,0
7.76,0.6935965753,-0.1136875664,0.3940821031,-0.02329409134,0,1,0.05996400648,0.9982005399,0,0,1.25368673,1.649336143,-1.136056199,1.11482669,-0.5754927904,0.5680860722,0.4215372877,-1.206116558,1.539801056,1.360819236,1.518569369,-0.5616564799,-0.1401509554,-0.1421590006,-0.1874357784,0,0.3140911807,-0.3030599707,-0.5184772327,0.4035053881,0.09902877005,0.1232213846,-0.0004921026944,0.03923492568,-0.02396557617,-0.3546116601,-0.01373118582,0.2807187674,0.008441391793,0.005300439268,0.005300439268,0,0,0.185,0.135,0
7.77,0.6975045595,-0.1139193734,0.3875094031,-0.02306708937,0,1,0.05996400648,0.9982005399,0,0,1.251812372,1.649336143,-1.132915287,1.111796091,-0.5806775627,0.572121126,0.4225275754,-1.204884344,1.539796135,1.361211586,1.518329713,-0.5652025965,-0.1402882673,-0.1393518129,-0.1860950977,0,0.3111475658,-0.2992242873,-0.5130375866,0.3982096299,0.09559220151,0.1219130938,-0.0004837226856,0.03787415995,-0.02469970708,-0.3483103983,-0.01223969023,0.2754506381,0.008437591359,0.005312631078,0.005312631078,0,0,0.185,0.135,0
7.78,0.7013466605,-0.1141489036,0.3809058446,-0.02283872785,0,1,0.05996400648,0.9982005399,0,0,1.249951421,1.649336143,-1.129803811,1.108803848,-0.5858079386,0.5761032223,0.4234834974,-1.203665213,1.539791298,1.361590327,1.518082716,-0.5686857005,-0.1404106642,-0.1365973066,-0.1846965631,0,0.3081229948,-0.2953569941,-0.5074883984,0.392840256,0.09221461831,0.1205800755,-0.0004773738951,0.03654090524,-0.02541909837,-0.341984761,-0.01080184,0.2701671536,0.008433820792,0.005324604345,0.005324604345,0,0,0.185,0.135,0
7.79,0.7051225806,-0.1143761438,0.3742735693,-0.02260910117,0,1,0.05996400648,0.9982005399,0,0,1.248104456,1.649336143,-1.126722581,1.105850278,-0.5908828226,0.5800316249,0.4244056436,-1.202459413,1.539786524,1.361955736,1.517828525,-0.5721055481,-0.1405186826,-0.133895635,-0.1832286271,0,0.3049674577,-0.2914595599,-0.5017991461,0.3873810515,0.08886405567,0.1192232383,-0.0004729974477,0.03523511853,-0.02612376552,-0.3356371561,-0.009416911481,0.2648704137,0.008430081219,0.005336353462,0.005336353462,0,0,0.185,0.135,0
7.8,0.7088320434,-0.1146010817,0.3676147473,-0.0223783049,0,1,0.05996400648,0.9982005399,0,0,1.246272169,1.649336143,-1.123672907,1.102935682,-0.595900814,0.5839054354,0.4252942842,-1.20126718,1.539781794,1.362308087,1.517567287,-0.5754619197,-0.1406128517,-0.1312469309,-0.1817045295,0,0.3017319431,-0.2875334804,-0.4960009744,0.3818526392,0.08557430494,0.1178435059,-0.0004705337806,0.03395673178,-0.02681374199,-0.3292699925,-0.008084142198,0.2595625073,0.008426373995,0.005347873112,0.005347873112,0,0,0.185,0.135,0
7.81,0.7124747944,-0.1148237063,0.3609315769,-0.02214643592,0,1,0.05996400648,0.9982005399,0,0,1.244455124,1.649336143,-1.120655587,1.100060347,-0.6008608238,0.5877239618,0.4261500272,-1.200088745,1.539777089,1.362647655,1.51729915,-0.5787546196,-0.1406936931,-0.1286513058,-0.1801255276,0,0.2984181534,-0.2835802785,-0.4900950494,0.3762578375,0.08234669736,0.1164418167,-0.000469922758,0.03270565245,-0.02748907896,-0.3228856797,-0.006802732631,0.2542455122,0.008422700205,0.00535915826,0.00535915826,0,0,0.19,0.135,0
7.82,0.7160506012,-0.1150440072,0.3542262843,-0.0219135923,0,1,0.05996400648,0.9982005399,0,0,1.242653869,1.649336143,-1.117671406,1.097224545,-0.6057617743,0.5914865402,0.4269734942,-1.198924327,1.53977239,1.362974711,1.517024259,-0.5819834764,-0.1407617204,-0.1261088507,-0.1784801527,0,0.2949764871,-0.2796015041,-0.484051429,0.3705804371,0.07914954776,0.1150191232,-0.0004711037839,0.0314817641,-0.02814984507,-0.3164866278,-0.005571848064,0.2489214944,0.008419060905,0.005370204158,0.005370204158,0,0,0.19,0.135,0
7.83,0.7195592539,-0.1152619752,0.3475011244,-0.02167987338,0,1,0.05996400648,0.9982005399,0,0,1.240869067,1.649336143,-1.114721641,1.09442853,-0.6106022886,0.5951923446,0.4277649897,-1.197774136,1.539767679,1.363289529,1.516742761,-0.5851483427,-0.1408174389,-0.1236196358,-0.1767819441,0,0.2914582417,-0.275598735,-0.4779016947,0.36484151,0.07601609429,0.1135785725,-0.0004843836996,0.03027209247,-0.02879612611,-0.3100625389,-0.004397375052,0.2435822809,0.008415457378,0.005381006337,0.005381006337,0,0,0.19,0.135,0
7.84,0.7230005651,-0.1154776021,0.3407583799,-0.02144537974,0,1,0.05996400648,0.9982005399,0,0,1.239101248,1.649336143,-1.111807059,1.091672542,-0.6153813055,0.5988407597,0.4285251506,-1.19663835,1.539762835,1.36359225,1.5164548,-0.5882489681,-0.1408614127,-0.1211838129,-0.1750323081,0,0.2878653293,-0.2715735763,-0.471647455,0.3590440378,0.07294741689,0.112114553,-0.000478377106,0.02911524974,-0.02942802474,-0.3036542185,-0.003258035842,0.2382608368,0.008411890633,0.005391526104,0.005391526104,0,0,0.19,0.135,0
7.85,0.7263743705,-0.1156908806,0.334000362,-0.02121021319,0,1,0.05996400648,0.9982005399,0,0,1.237350925,1.649336143,-1.108928405,1.088956807,-0.6200977801,0.6024312,0.4292546248,-1.195517205,1.539758051,1.363883402,1.516160519,-0.5912855103,-0.140893993,-0.1188012046,-0.1732199342,0,0.2841488573,-0.2675276607,-0.465259554,0.3531719399,0.06991225441,0.1106346972,-0.0004845632635,0.02797201151,-0.03004566006,-0.2972254178,-0.002173388602,0.2329280356,0.008408361645,0.005401829288,0.005401829288,0,0,0.195,0.135,0
7.86,0.7296805292,-0.1159018044,0.3272294099,-0.0209744768,0,1,0.05996400648,0.9982005399,0,0,1.235618725,1.649336143,-1.106086917,1.08628153,-0.6247503756,0.6059629194,0.4299537473,-1.194410858,1.539753206,1.364163123,1.515860063,-0.5942577644,-0.1409157269,-0.1164719242,-0.1713585874,0,0.2803601832,-0.2634626489,-0.458769908,0.3472466177,0.0669431116,0.1091377821,-0.0004923019731,0.02685526549,-0.03064916732,-0.2907915145,-0.001135615765,0.2275963556,0.008404871615,0.005411877027,0.005411877027,0,0,0.195,0.135,0
7.87,0.7329189235,-0.1161103686,0.3204478911,-0.02073827488,0,1,0.05996400648,0.9982005399,0,0,1.23390514,1.649336143,-1.103283315,1.083646903,-0.6293380747,0.6094353856,0.4306231784,-1.19331948,1.539748283,1.364431675,1.515553571,-0.5971656796,-0.1409270831,-0.1141959607,-0.1694498177,0,0.2765014306,-0.2593802297,-0.4521806038,0.341271207,0.0640407901,0.1076248236,-0.000501526608,0.02576479205,-0.0312386975,-0.2843549265,-0.0001437307292,0.2222678104,0.008401421464,0.005421665936,0.005421665936,0,0,0.195,0.135,0
7.88,0.7360894598,-0.1163165687,0.3136582014,-0.02050171297,0,1,0.05996400648,0.9982005399,0,0,1.232210641,1.649336143,-1.100518301,1.081053101,-0.6338598807,0.6128480977,0.4312635863,-1.192243232,1.539743267,1.364689323,1.515241184,-0.6000092289,-0.1409285204,-0.1119732826,-0.1674825615,0,0.2725247468,-0.2552821194,-0.4454634932,0.3352298925,0.06117461432,0.1060968505,-0.0005121759928,0.02470034521,-0.03181441689,-0.2779180659,0.0008032738206,0.2169443978,0.008398012078,0.005431192912,0.005431192912,0,0,0.195,0.135,0
7.89,0.7391920684,-0.116520402,0.3068627647,-0.02026489786,0,1,0.05996400648,0.9982005399,0,0,1.230535816,1.649336143,-1.097793053,1.07850028,-0.6383145156,0.6162003966,0.4318753325,-1.191182263,1.539738146,1.364936327,1.51492304,-0.6027884095,-0.1409204877,-0.1098038386,-0.1654707227,0,0.2684812614,-0.2511700631,-0.438650697,0.3291442681,0.05837616239,0.1045549028,-0.0005241891887,0.02366165998,-0.03237650665,-0.2714833458,0.001706427541,0.2116281046,0.008394644565,0.005440455119,0.005440455119,0,0,0.195,0.135,0
7.9,0.7422267041,-0.1167218662,0.3000640331,-0.02002793758,0,1,0.05996400648,0.9982005399,0,0,1.228881109,1.649336143,-1.095108241,1.075988579,-0.6427010226,0.6194918393,0.4324590941,-1.190136714,1.539732904,1.365172943,1.514599275,-0.605503243,-0.1409034234,-0.1076875575,-0.1634159892,0,0.26437331,-0.2470458338,-0.4317448106,0.3230176133,0.05564593562,0.1030000312,-0.000537505575,0.0226484532,-0.03292516238,-0.2650531801,0.002566780614,0.2063209074,0.008391319748,0.005449449979,0.005449449979,0,0,0.2,0.135,0
7.91,0.7451933463,-0.1169209606,0.293264487,-0.01979094142,0,1,0.05996400648,0.9982005399,0,0,1.227246949,1.649336143,-1.092464507,1.073518121,-0.6470184707,0.6227220154,0.4330155535,-1.189106714,1.539727529,1.365399428,1.514270023,-0.6081537748,-0.1408777556,-0.1056243485,-0.1613076386,0,0.2601544319,-0.2429112328,-0.4247189238,0.3168345266,0.05295401852,0.1014354584,-0.0005624455052,0.02164755134,-0.03346059362,-0.2586172557,0.003378415538,0.2010146929,0.008388038416,0.005458175171,0.005458175171,0,0,0.2,0.135,0
7.92,0.7480919995,-0.1171176853,0.2864666349,-0.0195540199,0,1,0.05996400648,0.9982005399,0,0,1.225633872,1.649336143,-1.089862963,1.071089009,-0.65126566,0.6258903607,0.4335450936,-1.188092359,1.539721904,1.365615903,1.513935417,-0.6107399473,-0.1408439714,-0.1036142015,-0.1591596165,0,0.2558752085,-0.23876809,-0.4176052059,0.3106166416,0.0503308624,0.09985571577,-0.0005675495325,0.0206975732,-0.0339830234,-0.2522164915,0.004163526732,0.195741927,0.008384801571,0.005466594069,0.005466594069,0,0,0.2,0.135,0
7.93,0.7509226931,-0.1173120416,0.2796730136,-0.01931728477,0,1,0.05996400648,0.9982005399,0,0,1.224042276,1.649336143,-1.087304211,1.068701328,-0.655441712,0.6289965271,0.4340484023,-1.187093802,1.539716229,1.365822879,1.513595587,-0.6132621122,-0.1408023361,-0.1016567823,-0.1569696654,0,0.2515222656,-0.2346182637,-0.4103971117,0.3043612359,0.04776684481,0.09826847908,-0.0005844109549,0.01975894022,-0.03449268763,-0.2458144967,0.004901962576,0.1904737851,0.008381609933,0.005474774827,0.005474774827,0,0,0.2,0.135,0
7.94,0.7536854824,-0.117504032,0.2728861882,-0.01908084905,0,1,0.05996400648,0.9982005399,0,0,1.222472579,1.649336143,-1.084788988,1.066355145,-0.6595456831,0.6320401395,0.4345260707,-1.186111117,1.539710385,1.366020468,1.51325066,-0.6157202572,-0.1407533165,-0.09975204441,-0.1547438055,0,0.2471145765,-0.2304636407,-0.4031078841,0.2980780165,0.04527222089,0.09667262349,-0.0006023443241,0.01884448034,-0.03498983468,-0.2394267238,0.005601963389,0.1852225461,0.008378464265,0.00548268047,0.00548268047,0,0,0.205,0.135,0
7.95,0.7563804482,-0.11769366,0.2661087518,-0.01884482698,0,1,0.05996400648,0.9982005399,0,0,1.220925141,1.649336143,-1.082317843,1.064050509,-0.663576762,0.6350209196,0.4349787929,-1.185144391,1.539704361,1.366208913,1.512900762,-0.6181145244,-0.1406972969,-0.09789981895,-0.1524714671,0,0.2426063275,-0.2263061364,-0.3957115468,0.2917516886,0.04281728263,0.09506924668,-0.000621285233,0.01795384066,-0.0354747248,-0.2330556066,0.006264659544,0.1799901493,0.008375365208,0.005490309644,0.005490309644,0,0,0.205,0.135,0
7.96,0.7590076975,-0.1178809303,0.2593433257,-0.01860933406,0,1,0.05996400648,0.9982005399,0,0,1.219400427,1.649336143,-1.079891779,1.061787447,-0.6675338774,0.6379384365,0.4354069657,-1.184193698,1.539698148,1.366388452,1.512546015,-0.6204450805,-0.1406346503,-0.09609991746,-0.1501669386,0,0.2380485985,-0.2221476949,-0.3882411239,0.2854043657,0.0404317563,0.09345945613,-0.0006411764903,0.01708664747,-0.03594762953,-0.2267035755,0.006891186968,0.1747785212,0.008372313613,0.005497661248,0.005497661248,0,0,0.205,0.135,0
7.97,0.7615673636,-0.1180658488,0.2525925598,-0.01837448701,0,1,0.05996400648,0.9982005399,0,0,1.217898757,1.649336143,-1.077511293,1.05956597,-0.6714162887,0.6407924802,0.4358112833,-1.183259104,1.539691736,1.366559318,1.512186538,-0.6227121163,-0.1405657384,-0.09435213225,-0.1478281528,0,0.2334285324,-0.217990289,-0.3806909408,0.2790335196,0.03810585982,0.09184436748,-0.000661961696,0.01624251522,-0.03640883116,-0.2203730651,0.007482689796,0.169589582,0.008369310045,0.005504734417,0.005504734417,0,0,0.205,0.135,0
7.98,0.7640596064,-0.1182484226,0.2458591317,-0.01814040382,0,1,0.05996400648,0.9982005399,0,0,1.216420476,1.649336143,-1.075177008,1.057386067,-0.6752231981,0.6435828154,0.4361923419,-1.18234066,1.539685117,1.366721743,1.51182245,-0.6249158469,-0.1404909115,-0.09265623643,-0.1454571678,0,0.2287492994,-0.21383592,-0.3730652,0.2726428138,0.03583953033,0.09022724501,-0.0006939331038,0.01540819066,-0.03685862212,-0.2140538193,0.008033194721,0.164415318,0.008366355107,0.00551152851,0.00551152851,0,0,0.21,0.135,0
7.99,0.766484613,-0.1184286598,0.2391457476,-0.01790720371,0,1,0.05996400648,0.9982005399,0,0,1.214965904,1.649336143,-1.072889515,1.055247708,-0.6789538501,0.6463092435,0.4365507372,-1.181438388,1.539678178,1.366875825,1.511453864,-0.6270563851,-0.1404105796,-0.09101208325,-0.1430603161,0,0.2240304847,-0.209686618,-0.3653782269,0.2662423453,0.03364246688,0.08860273315,-0.0007056926622,0.01462220737,-0.03729730442,-0.2077867398,0.008565416035,0.15928773,0.008363449361,0.005518008661,0.005518008661,0,0,0.21,0.135,0
8,0.7688425973,-0.11860657,0.2324551417,-0.01767500714,0,1,0.05996400648,0.9982005399,0,0,1.213535301,1.649336143,-1.07064921,1.053150842,-0.6826076324,0.648971667,0.4368871619,-1.18055236,1.539671121,1.367022047,1.511080891,-0.6291342525,-0.1403249254,-0.08941920595,-0.1406271922,0,0.219226978,-0.2055444415,-0.3576051523,0.2598169316,0.03148511657,0.08697851853,-0.0007288239474,0.01384484935,-0.03772518898,-0.2015354651,0.009058772762,0.1541783375,0.008360593243,0.005524244574,0.005524244574,0,0,0.21,0.135,0
8.01,0.771133801,-0.1187821637,0.2257900765,-0.01744393582,0,1,0.05996400648,0.9982005399,0,0,1.212129029,1.649336143,-1.06845694,1.051095398,-0.6861836839,0.6515698363,0.437202013,-1.179682575,1.539663832,1.367160496,1.510703639,-0.6311496072,-0.1402343377,-0.08787742257,-0.1381724989,0,0.2143905742,-0.2014114781,-0.3497801642,0.2533892649,0.02939639424,0.08535354381,-0.0007526403742,0.01308890231,-0.03814259508,-0.1953155016,0.009521724628,0.1490992651,0.008357787395,0.005530200837,0.005530200837,0,0,0.21,0.135,0
8.02,0.7733584933,-0.1189554529,0.2191533426,-0.0172141127,0,1,0.05996400648,0.9982005399,0,0,1.210747304,1.649336143,-1.066313035,1.049081283,-0.6896814855,0.6541037289,0.437495977,-1.17882904,1.539656306,1.367291385,1.510322213,-0.6331027622,-0.1401391204,-0.08638642992,-0.1356943789,0,0.2095090084,-0.1972898437,-0.3418986458,0.2469570329,0.02736628843,0.08372895814,-0.0007770822366,0.01235394673,-0.03854984967,-0.1891293282,0.009955437465,0.1440524243,0.008355032165,0.005535877652,0.005535877652,0,0,0.21,0.135,0
8.03,0.7755169717,-0.1191264506,0.212547759,-0.01698566197,0,1,0.05996400648,0.9982005399,0,0,1.20939036,1.649336143,-1.064217945,1.047108384,-0.693100472,0.6565732993,0.4377696399,-1.17799175,1.539648535,1.367414924,1.509936714,-0.6349940555,-0.1400395661,-0.08494590568,-0.1331951492,0,0.204586088,-0.1931816826,-0.3339658896,0.2405242065,0.02539438127,0.08210591829,-0.0008020987702,0.01163954761,-0.03894728679,-0.1829794234,0.01036107011,0.139039718,0.008352327938,0.005541275453,0.005541275453,0,0,0.215,0.135,0
8.04,0.7776095618,-0.1192951711,0.2059761729,-0.01675870907,0,1,0.05996400648,0.9982005399,0,0,1.208058409,1.649336143,-1.062172084,1.045176568,-0.6964401309,0.6589785413,0.4380235837,-1.177170691,1.539640514,1.36753132,1.509547241,-0.6368238497,-0.1399359554,-0.0835555085,-0.1306771761,0,0.1996257492,-0.1890891679,-0.325987404,0.2340948165,0.02348019205,0.08048771196,-0.0008379524792,0.01093242873,-0.03933524686,-0.1768556133,0.01073256737,0.1340532404,0.008349675053,0.005546394877,0.005546394877,0,0,0.215,0.135,0
8.05,0.779636618,-0.1194616302,0.1994414594,-0.01653338067,0,1,0.05996400648,0.9982005399,0,0,1.206751637,1.649336143,-1.060175826,1.043285676,-0.6997000049,0.6613194895,0.4382583856,-1.176365814,1.539632135,1.367640644,1.509153889,-0.6385924058,-0.1398286297,-0.08221497609,-0.1281428714,0,0.1946320473,-0.185014501,-0.3179689044,0.2276729494,0.0216231747,0.07886905821,-0.0008533104177,0.01027108566,-0.03971407615,-0.1707988104,0.01109294047,0.1291246675,0.008347073802,0.005551202424,0.005551202424,0,0,0.215,0.135,0
8.06,0.7815985236,-0.1196258446,0.1929465222,-0.0163098047,0,1,0.05996400648,0.9982005399,0,0,1.205470208,1.649336143,-1.058229506,1.041435531,-0.702879694,0.663596219,0.4384746173,-1.175577123,1.539623602,1.367743355,1.508756748,-0.6403003939,-0.1397177003,-0.08092372942,-0.1255988765,0,0.1896251288,-0.1809599116,-0.3099260462,0.2212690791,0.01983216572,0.07725764985,-0.0008797502201,0.009615714276,-0.04008412596,-0.164772697,0.01142125366,0.1242257979,0.008344524429,0.00555576895,0.00555576895,0,0,0.215,0.135,0
8.07,0.7834956908,-0.1197878325,0.186494293,-0.01608811032,0,1,0.05996400648,0.9982005399,0,0,1.20421422,1.649336143,-1.056333254,1.039625932,-0.7059789544,0.6658089098,0.438672939,-1.174804547,1.539614804,1.367839512,1.508355907,-0.6419481209,-0.1396034878,-0.07968147144,-0.123035165,0,0.1845614584,-0.1769276576,-0.3018358086,0.2148684511,0.01807819366,0.07565246945,-0.0009065822181,0.00897911216,-0.04044575212,-0.1587928647,0.01172606924,0.1193686805,0.008342027048,0.005560060203,0.005560060203,0,0,0.22,0.135,0
8.08,0.7853285616,-0.1199476135,0.1800877318,-0.01586842793,0,1,0.05996400648,0.9982005399,0,0,1.202983868,1.649336143,-1.05448764,1.037856655,-0.7089973125,0.6679575943,0.4388537209,-1.174048022,1.539605738,1.367929303,1.507951449,-0.6435360495,-0.1394862271,-0.07848778464,-0.120466755,0,0.1794931046,-0.1729200251,-0.2937335505,0.208494188,0.0163887731,0.07405469669,-0.0009337514798,0.00836084421,-0.04079931429,-0.1528618637,0.01200852255,0.1145552402,0.008339581969,0.005564077557,0.005564077557,0,0,0.22,0.135,0
8.09,0.7870976076,-0.1201052082,0.1737298267,-0.0156508892,0,1,0.05996400648,0.9982005399,0,0,1.2017792,1.649336143,-1.052692709,1.036127455,-0.711934648,0.6700425362,0.4390176087,-1.173307475,1.539596401,1.368012911,1.507543456,-0.6450646682,-0.1393661418,-0.07734223223,-0.1178920812,0,0.1744087415,-0.1689393283,-0.2856161312,0.2021443184,0.0147537363,0.07246764296,-0.0009715514376,0.007747574089,-0.04114517525,-0.1469695423,0.01226242663,0.1097776246,0.008337189209,0.005567822598,0.005567822598,0,0,0.22,0.14,0
8.1,0.7888033304,-0.1202606388,0.1674235942,-0.01543562701,0,1,0.05996400648,0.9982005399,0,0,1.20060028,1.649336143,-1.050948621,1.034438062,-0.7147908093,0.6720639793,0.439165146,-1.172582799,1.539586685,1.368090387,1.507132005,-0.6465343636,-0.1392435176,-0.07624445599,-0.1153137523,0,0.1693129599,-0.164987909,-0.2774902266,0.195823177,0.01317224119,0.070886037,-0.0009885238051,0.007178025154,-0.04148370033,-0.1411570756,0.01251107494,0.1050674733,0.008334848815,0.005571262674,0.005571262674,0,0,0.22,0.14,0
8.11,0.7904462619,-0.1204139288,0.1611720788,-0.0152227755,0,1,0.05996400648,0.9982005399,0,0,1.199447142,1.649336143,-1.049255492,1.032788183,-0.7175657116,0.6740222111,0.4392968684,-1.171873938,1.5395768,1.368162167,1.506717168,-0.6479459344,-0.1391184068,-0.07519378126,-0.1127344131,0,0.1642104566,-0.1610681369,-0.2693626929,0.1895351464,0.0116434016,0.06931761425,-0.001016436808,0.006612100679,-0.04181525671,-0.1353879598,0.01273310958,0.1003966257,0.008332560781,0.005574469904,0.005574469904,0,0,0.22,0.14,0
8.12,0.7920269646,-0.1205651028,0.1549783533,-0.01501247005,0,1,0.05996400648,0.9982005399,0,0,1.198319798,1.649336143,-1.047613387,1.031177501,-0.7202593385,0.6759175626,0.4394133025,-1.171180762,1.539566636,1.368228288,1.506299015,-0.649299814,-0.1389910757,-0.074189815,-0.1101567394,0,0.1591060206,-0.1571824093,-0.2612405548,0.1832846516,0.01016628554,0.06776136535,-0.001044529597,0.006062725723,-0.04214021277,-0.1296779703,0.01293717043,0.09577717318,0.008330325054,0.00557741067,0.00557741067,0,0,0.225,0.14,0
8.13,0.7935460319,-0.1207141871,0.1488455188,-0.01480484727,0,1,0.05996400648,0.9982005399,0,0,1.19721823,1.649336143,-1.046022327,1.029605677,-0.7228717441,0.6777504091,0.4395149653,-1.170503149,1.53955619,1.368288916,1.505877613,-0.6505965937,-0.138861704,-0.07323204327,-0.1075834361,0,0.1540045292,-0.153333151,-0.2531309972,0.1770761584,0.008739918855,0.06622064609,-0.001083266708,0.005516351516,-0.04245893751,-0.1240168083,0.0131168463,0.09120118042,0.008328141526,0.005580087212,0.005580087212,0,0,0.225,0.14,0
8.14,0.7950040884,-0.1208612092,0.1427767046,-0.01460004504,0,1,0.05996400648,0.9982005399,0,0,1.196142396,1.649336143,-1.044482282,1.028072346,-0.725403054,0.6795211707,0.4396023645,-1.169840942,1.539545358,1.368344079,1.505453023,-0.6518367617,-0.1387305356,-0.07232003146,-0.1050172348,0,0.1489109424,-0.1495228138,-0.2450413583,0.1709141709,0.007363289095,0.06469008253,-0.001100595325,0.00501252392,-0.04277179985,-0.1184464894,0.01329595369,0.08670076413,0.00832601004,0.005582466968,0.005582466968,0,0,0.225,0.14,0
8.15,0.79640179,-0.1210061979,0.136775068,-0.01439820247,0,1,0.05996400648,0.9982005399,0,0,1.195092224,1.649336143,-1.042993172,1.026577118,-0.7278534676,0.6812303124,0.4396759974,-1.169194041,1.539534352,1.368394204,1.505025305,-0.6530212266,-0.138597576,-0.07145302382,-0.1024608915,0,0.1438302985,-0.1457538769,-0.236979121,0.1648032296,0.006035349466,0.06317754779,-0.001128950324,0.004510285592,-0.04307916802,-0.1129297402,0.01345243798,0.08224730928,0.008323930382,0.005584624124,0.005584624124,0,0,0.225,0.14,0
8.16,0.7977398243,-0.1211491836,0.1308437947,-0.0141994599,0,1,0.05996400648,0.9982005399,0,0,1.194067615,1.649336143,-1.041554869,1.025119579,-0.7302232588,0.6828783447,0.4397363509,-1.168562266,1.539523062,1.368439307,1.504594514,-0.654150524,-0.1384630516,-0.07063055073,-0.09991303144,0,0.1387520263,-0.1420288461,-0.2289423045,0.1587416121,0.004745986828,0.06168199617,-0.001157337434,0.004022904357,-0.04338140898,-0.1074827184,0.01359509336,0.07785313368,0.008321902289,0.005586524915,0.005586524915,0,0,0.225,0.14,0
8.17,0.7990189111,-0.1212901979,0.1249860986,-0.01400395892,0,1,0.05996400648,0.9982005399,0,0,1.193068485,1.649336143,-1.040167349,1.02369929,-0.7325126819,0.6844657608,0.4397838108,-1.167945446,1.539511489,1.368479536,1.5041607,-0.6552253512,-0.1383271007,-0.06985201939,-0.09738895203,0,0.1337285237,-0.1383502542,-0.2209675576,0.15275288,0.003521326855,0.06020676886,-0.001196122973,0.003536971062,-0.04367888778,-0.1020953234,0.01371746468,0.0735104825,0.008319925525,0.005588172219,0.005588172219,0,0,0.23,0.14,0
8.18,0.8002398023,-0.121429274,0.1192052219,-0.01381184239,0,1,0.05996400648,0.9982005399,0,0,1.192094595,1.649336143,-1.038830064,1.022315788,-0.7347223575,0.6859932896,0.439819024,-1.167343378,1.539499528,1.368514906,1.503723911,-0.6562463045,-0.1381899261,-0.06911691457,-0.09487893583,0,0.1287176802,-0.1347206602,-0.2130337683,0.1468226686,0.002332919048,0.05874655212,-0.001213488168,0.003091839388,-0.04397196701,-0.0968094116,0.01384325794,0.06925120439,0.008317999555,0.00558953444,0.00558953444,0,0,0.23,0.14,0
8.19,0.8014032825,-0.1215664465,0.1135044347,-0.01362325436,0,1,0.05996400648,0.9982005399,0,0,1.191145806,1.649336143,-1.037542887,1.020968581,-0.7368526951,0.6874615163,0.4398423532,-1.166755913,1.539487393,1.368545824,1.503284191,-0.6572143986,-0.1380514935,-0.06842440252,-0.09238999193,0,0.1237405927,-0.1311426498,-0.2051585797,0.1409619805,0.001188747023,0.05730918623,-0.00124171255,0.002646730115,-0.04426100614,-0.09158796003,0.01395031212,0.0650470017,0.008316124037,0.005590685952,0.005590685952,0,0,0.23,0.14,0
8.2,0.802510169,-0.1217017514,0.1078870356,-0.01343834018,0,1,0.05996400648,0.9982005399,0,0,1.190221906,1.649336143,-1.036305481,1.019657155,-0.7389042809,0.6888711361,0.4398542407,-1.166182821,1.539474976,1.368572292,1.502841581,-0.6581302782,-0.1379119904,-0.06777393251,-0.08992496495,0,0.1188026234,-0.1276188345,-0.1973500763,0.1351755117,8.766432016e-05,0.05589363977,-0.001269840338,0.002214931595,-0.04454636109,-0.08644719107,0.01404735612,0.06091018417,0.008314298492,0.005591593707,0.005591593707,0,0,0.23,0.14,0
8.21,0.8035613123,-0.1218352261,0.1023563514,-0.0132572464,0,1,0.05996400648,0.9982005399,0,0,1.189322656,1.649336143,-1.035117455,1.018380966,-0.7408777817,0.6902228912,0.4398551173,-1.165623884,1.539462277,1.368594441,1.502396118,-0.6589947501,-0.1377715168,-0.06716483066,-0.08748670568,0,0.1139091664,-0.124151852,-0.1896164259,0.1294679761,-0.0009714914774,0.05450316128,-0.00130777576,0.001783645196,-0.04482838354,-0.08137766266,0.01412814377,0.05683352633,0.008312522387,0.005592261176,0.005592261176,0,0,0.23,0.14,0
8.22,0.8045575962,-0.1219669095,0.09691573688,-0.01308012084,0,1,0.05996400648,0.9982005399,0,0,1.188447789,1.649336143,-1.033978363,1.017139448,-0.742773946,0.691517571,0.4398454024,-1.165078853,1.539449199,1.368612278,1.501947834,-0.6598085267,-0.1376302354,-0.0665964954,-0.08507392366,0,0.1090500454,-0.1207443657,-0.1819562928,0.1238378121,-0.001998766856,0.05313271323,-0.001325019476,0.001390689904,-0.04510742055,-0.07641975299,0.0142154465,0.05284762884,0.008310795137,0.005592658903,0.005592658903,0,0,0.23,0.14,0
8.23,0.8054999385,-0.1220968422,0.09156857531,-0.01290711254,0,1,0.05996400648,0.9982005399,0,0,1.18759705,1.649336143,-1.032887863,1.015932004,-0.7445935089,0.6927559491,0.4398254148,-1.164547526,1.539435949,1.368626184,1.501496759,-0.6605727242,-0.1374880809,-0.06606801911,-0.08270202162,0,0.1042779207,-0.1173990645,-0.1744069715,0.1183088088,-0.002968464266,0.05179203325,-0.001363115385,0.0009836679515,-0.04538381392,-0.07152508115,0.0142802201,0.04891570409,0.008309116183,0.005592859008,0.005592859008,0,0,0.4499999881,0.14,0
8.24,0.8063892906,-0.122225066,0.08631827802,-0.01273837179,0,1,0.05996400648,0.9982005399,0,0,1.18677003,1.649336143,-1.031845084,1.014758013,-0.7463375786,0.6939390372,0.4397957301,-1.164029605,1.539422318,1.368636021,1.501042921,-0.6612879751,-0.1373452787,-0.06557886207,-0.0803612433,0,0.09955078021,-0.1141186626,-0.1669476858,0.1128665812,-0.003908805573,0.05047356709,-0.001379290645,0.0006158311525,-0.04565789983,-0.06674922863,0.01435404487,0.04507984738,0.008307484663,0.00559279537,0.00559279537,0,0,0.235,0.14,0
8.25,0.8072266384,-0.1223516244,0.08116828458,-0.01257405015,0,1,0.05996400648,0.9982005399,0,0,1.185966417,1.649336143,-1.030849576,1.013616827,-0.7480070555,0.695067703,0.4397566421,-1.16352487,1.539408525,1.368642179,1.500586342,-0.6619554673,-0.1372017382,-0.0651280636,-0.07805868135,0,0.09489005642,-0.1109058997,-0.1595966411,0.1075223325,-0.004811871584,0.04918527146,-0.001406412092,0.0002456628372,-0.04593000829,-0.06205455273,0.01441402961,0.04131145802,0.008305899912,0.005592544294,0.005592544294,0,0,0.235,0.14,0
8.26,0.8080130022,-0.1224765622,0.07612206277,-0.01241430038,0,1,0.05996400648,0.9982005399,0,0,1.18518583,1.649336143,-1.029900675,1.012507768,-0.7496030219,0.6961429263,0.4397085233,-1.163033017,1.539394461,1.368644636,1.500127042,-0.6625760129,-0.1370575979,-0.06471494902,-0.07579311144,0,0.09028592487,-0.1077635401,-0.1523528705,0.1022746548,-0.005687474086,0.04792812539,-0.001443323971,-0.000125718324,-0.04620046273,-0.05744537393,0.01446172467,0.03761378234,0.008304361128,0.005592072738,0.005592072738,0,0,0.235,0.14,0
8.27,0.8087494372,-0.1225999261,0.07118310861,-0.01225927652,0,1,0.05996400648,0.9982005399,0,0,1.184427899,1.649336143,-1.028997816,1.011430132,-0.7511265506,0.6971656729,0.4396516486,-1.162553736,1.539380028,1.368643379,1.499665038,-0.6631504666,-0.1369129807,-0.06433881119,-0.07357980464,0,0.0857905739,-0.1046943733,-0.1452535858,0.09714721086,-0.006510383749,0.04669698968,-0.001459036049,-0.0004597117321,-0.04646957964,-0.05296288164,0.01452021627,0.03401790957,0.008302867533,0.005591351569,0.005591351569,0,0,0.4499999881,0.14,0
8.28,0.8094370337,-0.122721764,0.0663549463,-0.01210913382,0,1,0.05996400648,0.9982005399,0,0,1.183692101,1.649336143,-1.02813991,1.010383189,-0.7525790864,0.698137145,0.4395865448,-1.162086766,1.539365437,1.368638782,1.499200342,-0.6636800954,-0.1367677785,-0.0639986321,-0.07140908867,0,0.08136248528,-0.1017012134,-0.138278382,0.09212580093,-0.007308311041,0.0455016539,-0.001495366984,-0.0008090737289,-0.04673766812,-0.04855843265,0.01455999386,0.03048701229,0.008301418052,0.005590454853,0.005590454853,0,0,0.235,0.14,0
8.29,0.8100769173,-0.1228421256,0.06164112825,-0.0119640288,0,1,0.05996400648,0.9982005399,0,0,1.18297801,1.649336143,-1.027326285,1.009366177,-0.7539618703,0.699058403,0.4395134616,-1.161631749,1.539350484,1.368630691,1.498732965,-0.6641656798,-0.1366221786,-0.06369376198,-0.06928396959,0,0.0770078339,-0.09878689902,-0.1314361876,0.08721549665,-0.008081922904,0.04433470346,-0.001510241802,-0.001121224344,-0.04700502958,-0.04428698311,0.01461211268,0.02706255064,0.008300011804,0.005589317536,0.005589317536,0,0,0.235,0.14,0
8.3,0.8106702493,-0.1229610619,0.05704523512,-0.01182411921,0,1,0.05996400648,0.9982005399,0,0,1.182285171,1.649336143,-1.026556207,1.008378308,-0.7552762321,0.6999305579,0.4394326424,-1.161188402,1.539335381,1.368619479,1.498262915,-0.6646085496,-0.1364760575,-0.06342313647,-0.0672195887,0,0.07277838783,-0.0959542934,-0.1247640543,0.08243983232,-0.008806287678,0.0432059578,-0.001545633897,-0.001449116833,-0.04727195739,-0.04009973089,0.01464685062,0.02370763417,0.008298647848,0.005588014658,0.005588014658,0,0,0.235,0.14,0
8.31,0.8112182271,-0.1230786258,0.05257087575,-0.01168956405,0,1,0.05996400648,0.9982005399,0,0,1.181612975,1.649336143,-1.025828423,1.007418765,-0.7565238727,0.7007549563,0.4393445795,-1.160756343,1.539319925,1.368604988,1.497790195,-0.6650095469,-0.136329589,-0.06318606013,-0.0652022383,0,0.06861761318,-0.09320628393,-0.1182323114,0.07777853258,-0.00951729974,0.0421102458,-0.00157042312,-0.001753862829,-0.04753873663,-0.03603818871,0.01468730516,0.02045354014,0.008297324951,0.005586481637,0.005586481637,0,0,0.235,0.14,0
8.32,0.8117220841,-0.1231948716,0.0482216872,-0.01156052355,0,1,0.05996400648,0.9982005399,0,0,1.180960952,1.649336143,-1.025142247,1.006486702,-0.7577061958,0.7015327416,0.4392494065,-1.16033524,1.539304221,1.368587449,1.497314808,-0.6653699288,-0.1361827159,-0.06298152473,-0.06325137513,0,0.0645935507,-0.09054578245,-0.1118880753,0.07326173916,-0.01018087481,0.04104852488,-0.001583385514,-0.002034086486,-0.0478056438,-0.03210699386,0.01473493917,0.01730368939,0.00829604215,0.005584757526,0.005584757526,0,0,0.24,0.14,0
8.33,0.8121830903,-0.1233098552,0.04400133474,-0.01143715919,0,1,0.05996400648,0.9982005399,0,0,1.180328439,1.649336143,-1.024496311,1.005581244,-0.7588250765,0.702265359,0.4391475978,-1.159924755,1.539288387,1.368567108,1.496836751,-0.6656909987,-0.1360353665,-0.06280848783,-0.06135308878,0,0.06064899495,-0.08797572485,-0.1057012275,0.06886891104,-0.01083308878,0.04002873151,-0.001617324983,-0.002331221556,-0.04807294661,-0.02826872091,0.01476652189,0.0142298534,0.008294798101,0.005582885517,0.005582885517,0,0,0.24,0.14,0
8.34,0.8126025525,-0.1234236342,0.03991351186,-0.01131963371,0,1,0.05996400648,0.9982005399,0,0,1.179714908,1.649336143,-1.023889822,1.004701487,-0.7598820888,0.7029540481,0.4390392669,-1.159524468,1.539272214,1.368543796,1.496356022,-0.6659736859,-0.1358877013,-0.0626661893,-0.0595269013,0,0.05685230553,-0.08549907133,-0.09971911705,0.06463034578,-0.01143968615,0.0390454657,-0.00164003609,-0.002604897737,-0.04834090385,-0.02456636682,0.01480587588,0.01126437012,0.008293591739,0.005580799719,0.005580799719,0,0,0.24,0.14,0
8.35,0.8129818147,-0.1235362679,0.03596194025,-0.01120811106,0,1,0.05996400648,0.9982005399,0,0,1.179119639,1.649336143,-1.023321298,1.003846496,-0.76087928,0.7036003516,0.43892487,-1.159134013,1.539255813,1.368517747,1.495872613,-0.6662193496,-0.1357396425,-0.0625535456,-0.0577588658,0,0.05314622466,-0.08311880614,-0.09391154549,0.0605254928,-0.0120365657,0.03810203164,-0.001661756952,-0.002868109876,-0.04860976518,-0.02099048436,0.01484605381,0.008400075435,0.008292421613,0.005578541485,0.005578541485,0,0,0.24,0.14,0
8.36,0.813322258,-0.123647817,0.03215036984,-0.01110275646,0,1,0.05996400648,0.9982005399,0,0,1.17854205,1.649336143,-1.022789836,1.003015308,-0.7618183954,0.7042056065,0.4388045044,-1.158752993,1.539239196,1.368489066,1.495386515,-0.6664292544,-0.135591182,-0.06246954484,-0.05606838747,0,0.04959876024,-0.08083793785,-0.08832566674,0.05658453137,-0.01258965321,0.0371996129,-0.001682395392,-0.00312083696,-0.04887977107,-0.01754443348,0.01488755659,0.005639453348,0.008291286553,0.005576118179,0.005576118179,0,0,0.24,0.14,0
8.37,0.8136253014,-0.1237583441,0.02848257874,-0.01100373636,0,1,0.05996400648,0.9982005399,0,0,1.177981366,1.649336143,-1.022293849,1.002206929,-0.7627016521,0.7047714518,0.4386786079,-1.158380996,1.539222372,1.368457857,1.494897718,-0.6666046988,-0.1354423064,-0.06241315031,-0.05444165753,0,0.04615325116,-0.0786594991,-0.08293159262,0.05278716938,-0.01313430204,0.03634137989,-0.001711546234,-0.003375250826,-0.04915115276,-0.01421960658,0.01492382561,0.002976002808,0.008290185006,0.005573537552,0.005573537552,0,0,0.24,0.14,0
8.38,0.8138924015,-0.1238679134,0.02496237329,-0.01091121845,0,1,0.05996400648,0.9982005399,0,0,1.17743695,1.649336143,-1.021832316,1.001420334,-0.763530968,0.7052993235,0.4385472648,-1.158017583,1.539205256,1.368424105,1.494406206,-0.6667468948,-0.1352930682,-0.06238339028,-0.05289368285,0,0.042861281,-0.07658654703,-0.07776632434,0.04915695747,-0.01364552062,0.03552401814,-0.001727219596,-0.003603679314,-0.04942413222,-0.01104655956,0.01497118086,0.0004326344956,0.008289115696,0.005570775521,0.005570775521,0,0,0.24,0.14,0
8.39,0.8141250536,-0.1239765907,0.02159358803,-0.01082537168,0,1,0.05996400648,0.9982005399,0,0,1.176908013,1.649336143,-1.021403703,1.000654468,-0.7643086313,0.7057908931,0.4384108096,-1.157662343,1.539187984,1.368388068,1.493911965,-0.6668573604,-0.1351433564,-0.06237906394,-0.05142736339,0,0.03972902506,-0.07462216315,-0.07283879871,0.04569906798,-0.01412357756,0.03475385028,-0.001754381655,-0.003837633199,-0.04969892219,-0.007997708897,0.01501184945,-0.002011399654,0.008288077052,0.005567881251,0.005567881251,0,0,0.24,0.14,0
8.4,0.8143247909,-0.1240844437,0.01838008573,-0.01074636623,0,1,0.05996400648,0.9982005399,0,0,1.176393739,1.649336143,-1.021006413,0.9999082465,-0.7650370193,0.7062478837,0.4382695739,-1.157314804,1.53917044,1.368349692,1.493414976,-0.6669373375,-0.1349932379,-0.06239917793,-0.05003281852,0,0.03671467504,-0.07276945354,-0.068128211,0.04239925768,-0.01459524162,0.03402598492,-0.001763386715,-0.004039708991,-0.04997572626,-0.005113194049,0.01506764717,-0.004326018011,0.008287067448,0.005564820938,0.005564820938,0,0,0.24,0.14,0
8.41,0.8144931858,-0.1241915414,0.01532575735,-0.01067437352,0,1,0.05996400648,0.9982005399,0,0,1.175893411,1.649336143,-1.020639266,0.999180552,-0.7657183014,0.7066718763,0.4381236214,-1.156974544,1.539152806,1.368309295,1.492915218,-0.6669884695,-0.1348425614,-0.06244243811,-0.04872509026,0,0.03387013331,-0.07103151943,-0.06367171087,0.03928120728,-0.01503522407,0.03314108407,-0.0007781994784,-0.002976762782,-0.05025473985,-0.003607727293,0.01584717307,-0.005600945966,0.008286085455,0.005561659495,0.005561659495,0,0,0.24,0.14,0
8.42,0.8146318493,-0.1242979551,0.01243322146,-0.01060951905,0,1,0.05996400648,0.9982005399,0,0,1.17540616,1.649336143,-1.020300565,0.9984702368,-0.7663550185,0.7070646884,0.4379732692,-1.156643133,1.539145024,1.368279527,1.492412671,-0.6670245467,-0.1346840897,-0.06249844757,-0.04747802053,0,0.03114331257,-0.06937243613,-0.05938672701,0.03628753666,-0.01544999194,0.03229203845,0.0001927012417,-0.001924213801,-0.05053736777,-0.002182972739,0.01661872826,-0.006812309903,0.008285129352,0.005561708577,0.005561708577,0,0,0.24,0.14,0
8.43,0.8147418605,-0.1244037365,0.00955413617,-0.0105464416,0,1,0.05996400648,0.9982005399,0,0,1.17493138,1.649336143,-1.019989132,0.9977765124,-0.7669488858,0.7074275638,0.4378187693,-1.156320213,1.539146951,1.368260285,1.491907297,-0.6670463765,-0.1345179024,-0.06256657067,-0.04619552745,0,0.02832034136,-0.06767866488,-0.0549803295,0.03321822307,-0.01588364083,0.0314273355,0.001182595934,-0.0008491637236,-0.05082727571,-0.0007297317873,0.01740617517,-0.008047551689,0.00828419793,0.005564923485,0.005564923485,0,0,0.24,0.14,0
8.44,0.8148226378,-0.1245088775,0.00658680556,-0.01048143081,0,1,0.05996400648,0.9982005399,0,0,1.174469425,1.649336143,-1.019705928,0.9970997258,-0.7674986891,0.707759746,0.4376599329,-1.15600594,1.539158777,1.368251793,1.491399024,-0.6670536738,-0.1343438406,-0.06264704619,-0.04487499843,0,0.02541728464,-0.06593009104,-0.05043430184,0.03005997401,-0.01631425729,0.03053726062,0.00220075766,0.0002584917249,-0.05112499609,0.0007667402764,0.01821619431,-0.009318584502,0.008283291868,0.005571365863,0.005571365863,0,0,0.24,0.14,0
8.45,0.8148733095,-0.1246133588,0.003533357434,-0.01041453327,0,1,0.05996400648,0.9982005399,0,0,1.174020675,1.649336143,-1.019451756,0.9964404249,-0.7680030321,0.7080603457,0.4374967903,-1.155700567,1.539180785,1.368254378,1.490887774,-0.6670460064,-0.1341616787,-0.06274023203,-0.04351345245,0,0.02242111908,-0.06412787259,-0.0457425499,0.02680899672,-0.01675006682,0.02962254084,0.003246473965,0.001397929521,-0.05143038081,0.002305380278,0.0190482852,-0.01062440417,0.008282411896,0.00558112746,0.00558112746,0,0,0.4499999881,0.14,0
8.46,0.814893025,-0.124717162,0.0003959042615,-0.01034579528,0,1,0.05996400648,0.9982005399,0,0,1.17358554,1.649336143,-1.019227544,0.9957991461,-0.7684604576,0.7083284357,0.4373292896,-1.155404342,1.53921325,1.368268358,1.490373471,-0.6670229526,-0.1339711959,-0.06284647608,-0.04210799055,0,0.01931907208,-0.06227316322,-0.04089915272,0.02346159741,-0.01719918757,0.02868390497,0.004319043583,0.002568326439,-0.0517432894,0.003885132702,0.01990196039,-0.01196400618,0.008281558801,0.005594297732,0.005594297732,0,0,0.24,0.14,0
8.47,0.8148809546,-0.1248202688,-0.002823456827,-0.01027526279,0,1,0.05996400648,0.9982005399,0,0,1.17316446,1.649336143,-1.019034354,0.9951764145,-0.7688694491,0.7085630517,0.4371572978,-1.155117503,1.53925644,1.368294041,1.489856038,-0.6669841012,-0.1337721762,-0.06296611614,-0.0406718722,0,0.01615918211,-0.06036711253,-0.0359360018,0.02003865852,-0.01763633688,0.0277220835,0.005417776283,0.003768859017,-0.05206358898,0.005504949797,0.02077674526,-0.01333638589,0.008280733428,0.00561096389,0.00561096389,0,0,0.245,0.14,0
8.48,0.8148362897,-0.1249226614,-0.006122644042,-0.01020298139,0,1,0.05996400648,0.9982005399,0,0,1.172757741,1.649336143,-1.018872762,0.9945727434,-0.7692288091,0.7087634383,0.4369809344,-1.154840282,1.539310618,1.368331729,1.489335402,-0.6669290518,-0.1335644088,-0.06309948,-0.03918623043,0,0.01286847005,-0.05841086584,-0.03080984461,0.01651213074,-0.01810289721,0.02673780855,0.006541992781,0.004998703652,-0.05239115413,0.007163791586,0.02167217791,-0.01474053854,0.008279936362,0.005631210934,0.005631210934,0,0,0.245,0.14,0
8.49,0.8147582425,-0.1250243227,-0.00949959093,-0.01012899637,0,1,0.05996400648,0.9982005399,0,0,1.172365879,1.649336143,-1.018744077,0.9939886347,-0.7695369076,0.7089285596,0.4367999054,-1.154572904,1.539376038,1.368381716,1.48881149,-0.6668574138,-0.133347687,-0.06324688538,-0.03767683613,0,0.009542079564,-0.05640556462,-0.0255819447,0.01292190429,-0.01854785989,0.02573181373,0.007691024648,0.006257036699,-0.05272586683,0.008860625861,0.02258780898,-0.01617545945,0.008279168555,0.005655121698,0.005655121698,0,0,0.245,0.14,0
8.5,0.8146460456,-0.1251252358,-0.01295224638,-0.01005335266,0,1,0.05996400648,0.9982005399,0,0,1.171989111,1.649336143,-1.018648656,0.9934245791,-0.769792727,0.7090577786,0.4366144268,-1.154315585,1.539452948,1.368444287,1.488284232,-0.6667688076,-0.1331218089,-0.06340863998,-0.03612139896,0,0.006094020367,-0.05435234614,-0.02020100615,0.009234668089,-0.01901984672,0.02470483406,0.008864214204,0.007543034578,-0.05306761637,0.01059442819,0.02352320152,-0.01764014406,0.008278430459,0.005682776884,0.005682776884,0,0,0.245,0.14,0
8.51,0.814498952,-0.1252253844,-0.01647857462,-0.009976094871,0,1,0.05996400648,0.9982005399,0,0,1.171627897,1.649336143,-1.018587716,0.9928810556,-0.7699947371,0.7091501253,0.4364242283,-1.154068537,1.53954159,1.368519717,1.487753555,-0.6666628633,-0.1328865769,-0.06358504142,-0.03453613322,0,0.002583401912,-0.05225234392,-0.01470598847,0.005475720822,-0.01948782911,0.02365760582,0.0100609144,0.008855873898,-0.05341629919,0.01236418193,0.02447793075,-0.01913358811,0.008277722957,0.005714255106,0.005714255106,0,0,0.245,0.14,0
8.52,0.8143162352,-0.1253247525,-0.02007655522,-0.009897267257,0,1,0.05996400648,0.9982005399,0,0,1.171282535,1.649336143,-1.018561882,0.9923585322,-0.770141797,0.7092048825,0.4362293501,-1.153831961,1.539642199,1.368608276,1.487219393,-0.6665392215,-0.1326417976,-0.0637763773,-0.03291902112,0,-0.0009994079175,-0.05010668754,-0.009093147463,0.001642577709,-0.01995861474,0.02259086645,0.01128048868,0.01019473159,-0.05377181878,0.01416887821,0.02545158387,-0.02065478776,0.00827704662,0.005749632929,0.005749632929,0,0,0.245,0.14,0
8.53,0.8140971887,-0.1254233246,-0.02374418308,-0.009816913752,0,1,0.05996400648,0.9982005399,0,0,1.170953345,1.649336143,-1.018571876,0.9918574653,-0.7702327284,0.7092213083,0.4360297639,-1.153606052,1.539755004,1.368710223,1.486681674,-0.6663975327,-0.1323872818,-0.06398292518,-0.03207260342,-0.001245492488,-0.00160712005,-0.04790005639,-0.005261745687,-0.001042148284,-0.01875487201,0.02154831608,0.01231260566,0.01129243089,-0.05413408752,0.01626891436,0.02629173867,-0.02239781638,0.008276402055,0.0057889849,0.0057889849,0,0,0.4499999881,0.14,0
8.54,0.813841126,-0.1255210858,-0.02747946845,-0.009735077948,0,1,0.05996400648,0.9982005399,0,0,1.170632619,1.649323688,-1.018587947,0.9913784647,-0.7702853459,0.7092108868,0.4358422152,-1.153390569,1.53987813,1.368823148,1.486140333,-0.6662348436,-0.1321243644,-0.06420690334,-0.03160971972,-0.003276942507,-0.0007480815564,-0.04568356205,-0.002282880266,-0.003166108553,-0.01673922027,0.02051205502,0.01324714695,0.01226267983,-0.05450302169,0.01855080693,0.02706374821,-0.02427754494,0.008275684021,0.005831686024,0.005831686024,0,0,0.245,0.14,1.245492488e-05
8.55,0.8135473804,-0.1256180214,-0.0312804369,-0.009651803104,0,1,0.05996400648,0.9982005399,0,0,1.170316522,1.649290919,-1.018595428,0.9909216291,-0.7703081747,0.7091792257,0.435674823,-1.153185449,1.540010602,1.368945774,1.485595303,-0.6660493355,-0.1318537269,-0.06444967879,-0.0311368378,-0.005282568978,0.0001415247708,-0.04340765943,0.0007419796162,-0.005329033886,-0.01466824074,0.01939391139,0.01451766296,0.01365631402,-0.05487854092,0.02047221961,0.0280819196,-0.02588908389,0.008274828185,0.005877410294,0.005877410294,0,0,0.245,0.14,4.522434995e-05
8.56,0.8132153049,-0.1257141172,-0.03514512938,-0.009567132139,0,1,0.05996400648,0.9982005399,0,0,1.170005154,1.649238093,-1.018594013,0.9904875525,-0.7703007549,0.7091259354,0.4355281406,-1.15299151,1.540155778,1.369082337,1.485046518,-0.6658446133,-0.1315729077,-0.06470856963,-0.03065549595,-0.007321693528,0.001047790638,-0.04109054663,0.003816709069,-0.007528411259,-0.01256144332,0.01825925268,0.01580827127,0.01507223107,-0.05526057836,0.02242504542,0.02911727604,-0.02752470528,0.008273836741,0.005927274017,0.005927274017,0,0,0.245,0.14,9.805003973e-05
8.57,0.8128442719,-0.1258093595,-0.03907160213,-0.00948110764,0,1,0.05996400648,0.9982005399,0,0,1.169698599,1.649164876,-1.018583535,0.9900766471,-0.7702625878,0.7090506513,0.4354025261,-1.152808917,1.540313861,1.36923306,1.484493912,-0.6656203628,-0.1312817349,-0.06498381668,-0.03016607389,-0.009393290909,0.001970178772,-0.03873336747,0.00693937008,-0.009763431867,-0.01042038629,0.01710881909,0.01711837847,0.01650960209,-0.05564907044,0.02440832313,0.03016945848,-0.02918341772,0.008272707633,0.005981342887,0.005981342887,0,0,0.245,0.14,0.000171266975
8.58,0.8124336734,-0.125903735,-0.04305792677,-0.009393771855,0,1,0.05996400648,0.9982005399,0,0,1.169396938,1.649070943,-1.018563833,0.9896893134,-0.7701931941,0.7089530169,0.4352983223,-1.152637829,1.540485045,1.369398156,1.483937421,-0.6653762796,-0.1309800404,-0.06527565086,-0.0296689507,-0.01149635691,0.002908133882,-0.03633722961,0.01010800772,-0.01203332734,-0.008246632064,0.01594335094,0.01844740012,0.01796759874,-0.05604395963,0.02642109994,0.03123811804,-0.03086423177,0.008271438948,0.006039680739,0.006039680739,0,0,0.245,0.14,0.0002651998841
8.59,0.8119829203,-0.1259972307,-0.04710219023,-0.009305166697,0,1,0.05996400648,0.9982005399,0,0,1.169100248,1.64895598,-1.018534752,0.9893259411,-0.770092114,0.7088326837,0.435215856,-1.152478395,1.540669519,1.369577832,1.483376982,-0.6651120686,-0.1306676592,-0.06558429318,-0.02916451176,-0.01362989422,0.003861093984,-0.03390323719,0.0133206578,-0.01433735161,-0.006041763739,0.01476358855,0.01979476065,0.01944539348,-0.05644519427,0.02846243147,0.03232291565,-0.03256616011,0.008270028912,0.006102349581,0.006102349581,0,0,0.245,0.14,0.0003801634532
8.6,0.8114914427,-0.1260898342,-0.05120249479,-0.009215333743,0,1,0.05996400648,0.9982005399,0,0,1.168808603,1.648819681,-1.018496141,0.9889869087,-0.7699589074,0.7086893102,0.4351554383,-1.152330759,1.540867466,1.369772286,1.48281253,-0.6648274443,-0.13034443,-0.06590995478,-0.02865314863,-0.01579291243,0.004828490782,-0.0314324909,0.01657534756,-0.01667478025,-0.003807384133,0.01357027195,0.02115989315,0.02094215972,-0.05685272838,0.03053138172,0.03342352174,-0.0342882177,0.008268475902,0.006169409626,0.006169409626,0,0,0.24,0.14,0.0005164623955
8.61,0.8109586898,-0.1261815335,-0.05535695808,-0.009124314233,0,1,0.05996400648,0.9982005399,0,0,1.168522072,1.648661752,-1.018447856,0.9886725838,-0.769793154,0.7085225623,0.4351173645,-1.152195057,1.541079065,1.369981707,1.482244003,-0.6645221305,-0.1300101948,-0.06625283695,-0.02813525878,-0.017984428,0.005809750074,-0.02892608798,0.01987009648,-0.01904490976,-0.001545114782,0.01236414071,0.02254223918,0.02245707208,-0.05726652143,0.03262702308,0.03453961601,-0.03602942202,0.008266778441,0.006240919322,0.006240919322,0,0,0.24,0.14,0.0006743915197
8.62,0.8103841293,-0.1262723167,-0.05956371305,-0.009032149073,0,1,0.05996400648,0.9982005399,0,0,1.168240719,1.648481907,-1.018389759,0.9883833229,-0.769594453,0.7083321132,0.4351019133,-1.152071415,1.541304488,1.370206278,1.481671337,-0.6641958602,-0.1296647986,-0.06661313117,-0.02761124546,-0.02020346431,0.006804292177,-0.02638512226,0.02320291703,-0.02144705688,0.000743405113,0.01114593371,0.0239412486,0.02398930661,-0.05768653814,0.03474843627,0.03567088703,-0.03778879318,0.008264935205,0.006316935381,0.006316935381,0,0.005,0.24,0.14,0.0008542357997
8.63,0.8097672474,-0.1263621728,-0.06382090801,-0.008938878831,0,1,0.05996400648,0.9982005399,0,0,1.167964607,1.648279873,-1.018321716,0.9881194717,-0.7693624238,0.7081176427,0.4351093474,-1.151959956,1.5415439,1.370446171,1.481094472,-0.6638483759,-0.1293080898,-0.06699101911,-0.02708151741,-0.02244905166,0.007811532384,-0.02381068418,0.02657181551,-0.0238805578,0.003056519764,0.009916388883,0.02535637939,0.02553804099,-0.05811274825,0.03689471033,0.03681703192,-0.03956535416,0.008262945024,0.006397512811,0.006397512811,0,0.005,0.24,0.14,0.001056270443
8.64,0.8091075491,-0.1264510907,-0.06812670659,-0.00884454374,0,1,0.05996400648,0.9982005399,0,0,1.167693792,1.648055382,-1.0182436,0.9878813649,-0.7690967057,0.7078788371,0.4351399126,-1.151860792,1.541797464,1.370701551,1.480513344,-0.6634794288,-0.1289399195,-0.06738667265,-0.0265464887,-0.02472022724,0.00883088143,-0.0212038608,0.02997479284,-0.02634476741,0.005392557923,0.008676243012,0.02678709741,0.02710245481,-0.05854512629,0.03906494257,0.03797775606,-0.04135813098,0.008260806882,0.006482704941,0.006482704941,0,0.005,0.24,0.135,0.001280760959
8.65,0.8084045574,-0.1265390602,-0.07247928776,-0.008749183695,0,1,0.05996400648,0.9982005399,0,0,1.167428327,1.64780818,-1.018155292,0.9876693263,-0.7687969578,0.7076153894,0.4351938382,-1.15177403,1.542065335,1.370972576,1.479927893,-0.6630887793,-0.1285601419,-0.06780025396,-0.02600657846,-0.02701603518,0.009861745988,-0.01856573583,0.03340984543,-0.0288390585,0.007749834041,0.007426231469,0.02823287621,0.02868172975,-0.05898365136,0.04125823861,0.03915277268,-0.04316615291,0.008258519925,0.00657256345,0.00657256345,0,0.005,0.24,0.135,0.001527963232
8.66,0.8076578134,-0.1266260711,-0.07687684586,-0.008652838258,0,1,0.05996400648,0.9982005399,0,0,1.167168261,1.64753802,-1.018056674,0.9874836689,-0.7684628593,0.7073269988,0.4352713365,-1.151699767,1.542347664,1.371259393,1.479338057,-0.662676197,-0.1281686142,-0.06823191549,-0.02546221069,-0.02933552656,0.01090352917,-0.01589738964,0.03687496607,-0.03136282092,0.01012664946,0.006167087982,0.02969319685,0.03027504985,-0.05942830686,0.04347371225,0.04034180254,-0.04498845266,0.008256083456,0.006667138397,0.006667138397,0,0.005,0.24,0.135,0.001798123584
8.67,0.8068668765,-0.1267121138,-0.08131759053,-0.008555546653,0,1,0.05996400648,0.9982005399,-1,0,1.166913639,1.647244664,-1.017947639,0.987324695,-0.7680941096,0.7070133706,0.435372603,-1.151638096,1.542644596,1.371562144,1.478743774,-0.6622414598,-0.1277651961,-0.06868180001,0.1232682291,0.2091478849,-0.5530712331,-0.01321341114,0.3940883811,-0.2594385858,-0.2955386023,0.004899544377,0.03116754766,0.03188160178,-0.05987908031,0.04571048555,0.04154457358,-0.04682406658,0.008253496943,0.00676647824,0.00676647824,0,0.005,0.24,0.135,0.002091478849
8.68,0.8060313236,-0.126797179,-0.08579974676,-0.008457347769,-0.009999833334,0.9999500004,0.05996400648,0.9982005399,0,0,1.168146321,1.649336143,-1.023478351,0.9871925609,-0.7641532258,0.7044189848,0.432417217,-1.151589101,1.542956271,1.37188096,1.478144983,-0.661784355,-0.1273497504,-0.06915004068,-0.003526987749,0,-0.06683302897,-0.01047480023,0.09397675839,-0.06813863412,-0.02861647182,0.003624330335,0.03265542404,0.03350057501,-0.06033596305,0.04796768872,0.04276082052,-0.04867203489,0.008270909926,0.006870629865,0.006870629865,0,0.005,0.245,0.135,0
8.69,0.8051507494,-0.1268812579,-0.0903215549,-0.008358280156,-0.009999833334,0.9999500004,0.05996400648,0.9982005399,0,0,1.168111051,1.649336143,-1.024146681,0.9870878129,-0.7632134582,0.7037375984,0.4321310523,-1.151552858,1.543282826,1.372215966,1.477541623,-0.6613046781,-0.1269221422,-0.06963676103,-0.001539148971,0,-0.07133289075,-0.007722346319,0.1010292506,-0.0729021313,-0.02925124561,0.002342173128,0.03415632822,0.03513116215,-0.06079894999,0.05024446013,0.04399028452,-0.05053140184,0.008270840965,0.006979638612,0.006979638612,0,0.005,0.245,0.135,0
8.7,0.8042247661,-0.1269643419,-0.09488127062,-0.008258382033,-0.009999833334,0.9999500004,0.05996400648,0.9982005399,0,0,1.16809566,1.649336143,-1.02486001,0.9870105894,-0.7622031657,0.7030085771,0.4318385398,-1.151529436,1.543624389,1.372567277,1.476933634,-0.6608022335,-0.1264822394,-0.07014207505,0.0004593104738,0,-0.07586501447,-0.00494396178,0.108130103,-0.07770007247,-0.02990316297,0.001053797368,0.03566976907,0.03677255914,-0.06126803939,0.05253994631,0.0452327128,-0.05240121598,0.008270810871,0.007093548293,0.007093548293,0,0.005,0.245,0.135,0
8.71,0.8032530034,-0.1270464229,-0.09947716493,-0.008157691277,-0.009999833334,0.9999500004,0.05996400648,0.9982005399,0,0,1.168100253,1.649336143,-1.02561866,0.9869611498,-0.7611218647,0.7022315764,0.4315395082,-1.151518898,1.543981086,1.372935003,1.476320953,-0.660276834,-0.1260299122,-0.07066608721,0.002459621718,0,-0.08039808686,-0.002140710059,0.1152571148,-0.08251879634,-0.03055745069,-0.0002400752591,0.03719526186,0.03842396551,-0.0617432326,0.05485330186,0.04648785823,-0.05428053033,0.008270819852,0.007212401217,0.007212401217,0,0.005,0.4599999881,0.135,0
8.72,0.802235108,-0.1271274932,-0.1041075242,-0.008056245435,-0.009999833334,0.9999500004,0.05996400648,0.9982005399,-0.5,0,1.168124849,1.649336143,-1.026422641,0.9869397427,-0.7599692936,0.7014063884,0.4312339337,-1.151521299,1.544353039,1.373319242,1.475703521,-0.659728301,-0.1255650336,-0.07120889251,0.004474003979,0,-0.08498150241,0.0006863489278,0.1224387017,-0.0873766908,-0.03124341956,-0.001538726256,0.03873232806,0.04008458467,-0.06222453377,0.05718368945,0.04775547902,-0.05616840258,0.008270867943,0.007336238213,0.007336238213,0,0.005,0.24,0.135,0
8.73,0.8011707437,-0.1272075454,-0.1087706501,-0.007954081713,-0.01499943751,0.9998875021,0.05996400648,0.9982005399,0,0,1.168169589,1.649336143,-1.027272456,0.9869466062,-0.7587449065,0.7005326215,0.4309214995,-1.151536686,1.544740362,1.373720088,1.475081276,-0.6591564641,-0.1250874789,-0.07177057653,0.006489864311,0,-0.08956923341,0.003536158575,0.1296434545,-0.09225427375,-0.03193827552,-0.002841440576,0.04028049507,0.04175362414,-0.06271194962,0.05953027984,0.04903533825,-0.05806389535,0.008270955421,0.007465098646,0.007465098646,0,0.005,0.245,0.135,0
8.74,0.8000595913,-0.1272865725,-0.1134648596,-0.007851236984,-0.01499943751,0.9998875021,0.05996400648,0.9982005399,0,0,1.168234488,1.649336143,-1.028168149,0.9869819678,-0.757448472,0.6996100788,0.4306021167,-1.1515651,1.545143167,1.374137625,1.474454156,-0.6585611613,-0.1245971255,-0.07235121549,0.008509158596,0,-0.09417118619,0.006407665829,0.1368750511,-0.09715428022,-0.0326497703,-0.004147506894,0.04183929606,0.04343029581,-0.06320548917,0.06189225177,0.05032720356,-0.05996607638,0.008271082317,0.00759902044,0.00759902044,0,0.01,0.245,0.135,0
8.75,0.7989013484,-0.127364568,-0.1181884852,-0.007747747784,-0.01499943751,0.9998875021,0.05996400648,0.9982005399,0,0,1.168319579,1.649336143,-1.029109861,0.9870460444,-0.7560797215,0.698638536,0.430275619,-1.151606576,1.54556156,1.374571928,1.473822101,-0.6579422388,-0.1240938534,-0.07295087625,0.01053253632,0,-0.09879229435,0.009299821146,0.1441340758,-0.1020774592,-0.03338294751,-0.005456217869,0.04340826968,0.04511381621,-0.06370516346,0.064268792,0.05163084672,-0.06187401874,0.008271248703,0.007738040095,0.007738040095,0,0.01,0.245,0.135,0
8.76,0.7976957291,-0.1274415255,-0.1229398746,-0.007643650311,-0.01499943751,0.9998875021,0.05996400648,0.9982005399,0,0,1.168424905,1.649336143,-1.030097783,0.9871390426,-0.7546383807,0.6976177614,0.4299417895,-1.151661138,1.545995643,1.375023066,1.47318505,-0.6572995509,-0.123577545,-0.07356961644,0.01255294843,0,-0.1034076826,0.01221157851,0.1514024156,-0.1070128067,-0.03412653251,-0.006766870418,0.0449869599,0.04680340675,-0.06421098534,0.06665909526,0.05294604327,-0.06378680106,0.008271454663,0.007882192704,0.007882192704,0,0.01,0.24,0.135,0
8.77,0.7964424639,-0.1275174391,-0.1277173907,-0.007538980431,-0.01499943751,0.9998875021,0.05996400648,0.9982005399,-0.5,0,1.168550434,1.649336143,-1.03113186,0.9872611584,-0.7531243566,0.6965476333,0.4296005242,-1.151728806,1.546445513,1.3754911,1.47254294,-0.6566329599,-0.1230480845,-0.07420748445,0.01458102394,0,-0.1080609706,0.0151418956,0.1587049981,-0.1119763266,-0.03490673933,-0.008078765982,0.04657491573,0.048498294,-0.06472296912,0.06906236421,0.05427257213,-0.06570350776,0.008271700145,0.00803151197,0.00803151197,0,0.01,0.4649999881,0.13,0
8.78,0.7951412996,-0.1275923033,-0.132519412,-0.00743377367,-0.01999866669,0.9998000067,0.05996400648,0.9982005399,0,0,1.168696244,1.649336143,-1.03221247,0.9874125774,-0.7515373066,0.6954278701,0.4292514568,-1.151809594,1.546911262,1.375976083,1.47189571,-0.6559423363,-0.1225053588,-0.07486451953,0.01660088056,0,-0.1126929729,0.01808973366,0.1660022041,-0.1169435293,-0.03569347455,-0.009391210797,0.04817169105,0.05019770996,-0.0652411304,0.07147780946,0.05561021521,-0.06762322922,0.008271985306,0.008186030224,0.008186030224,0,0.01,0.245,0.13,0
8.79,0.7937919993,-0.1276661129,-0.1373443323,-0.00732806522,-0.01999866669,0.9998000067,0.05996400648,0.9982005399,0,0,1.168862253,1.649336143,-1.0333394,0.9875934747,-0.7498772845,0.6942584348,0.4288945221,-1.151903506,1.547392979,1.37647806,1.471243299,-0.6552275582,-0.1219492567,-0.07554075182,0.01861699365,0,-0.1173233796,0.02105405775,0.173303981,-0.1219210247,-0.03649980689,-0.01070351616,0.04977684435,0.05190089229,-0.06576548574,0.07390464948,0.05695875704,-0.06954506207,0.008272309993,0.008345778435,0.008272309993,0,0.01,0.24,0.13,0
8.8,0.7923943419,-0.127738863,-0.1421905605,-0.007221889937,-0.01999866669,0.9998000067,0.05996400648,0.9982005399,-0.5,0,1.169048423,1.649336143,-1.034512634,0.9878040153,-0.7481442447,0.6930392245,0.428529524,-1.152010541,1.547890747,1.376997069,1.470585644,-0.6544885117,-0.1213796691,-0.07623620244,0.02063312112,0,-0.1219692541,0.02403383675,0.1806186762,-0.126914333,-0.03733738594,-0.01201499871,0.05138993856,0.05360708459,-0.06629605242,0.07634211064,0.05831798437,-0.07146810936,0.008272674144,0.008510786227,0.008272674144,0,0.01,0.24,0.13,0
8.81,0.7909481223,-0.1278105492,-0.1470565211,-0.00711528234,-0.02499739591,0.9996875163,0.05996400648,0.9982005399,0,0,1.169254754,1.649336143,-1.035732326,0.9880443537,-0.746338058,0.6917700812,0.4281561501,-1.152130691,1.548404646,1.37753314,1.469922683,-0.6537250906,-0.1207964892,-0.07695088353,0.02264319112,0,-0.126609359,0.02702804337,0.1879305956,-0.1319139564,-0.0381968245,-0.01332498068,0.05301054079,0.05531553664,-0.06683284818,0.07878942717,0.05968768583,-0.07339148078,0.008273077768,0.008681081891,0.008273077768,0,0.01,0.24,0.13,0
8.82,0.7894531509,-0.1278811674,-0.1519406539,-0.007008276613,-0.02499739591,0.9996875163,0.05996400648,0.9982005399,0,0,1.169481186,1.649336143,-1.03699842,0.9883146341,-0.744458752,0.6904509416,0.4277741819,-1.152263941,1.548934752,1.378086295,1.469254355,-0.6529371963,-0.1201996124,-0.07768479834,0.02464170842,0,-0.1312245282,0.03003565431,0.1952253696,-0.1369112752,-0.03906980275,-0.01463279017,0.05463822215,0.05702550471,-0.06737589096,0.08124584109,0.06106765155,-0.07531429291,0.008273520758,0.008856692398,0.008273520758,0,0.01,0.4749999881,0.13,0
8.83,0.7879092538,-0.1279507136,-0.1568414139,-0.006900906602,-0.02499739591,0.9996875163,0.05996400648,0.9982005399,-0.5,0,1.169727603,1.649336143,-1.038310665,0.9886149906,-0.7425064983,0.6890818289,0.4273834839,-1.152410269,1.549481134,1.37865655,1.468580596,-0.6521247379,-0.1195889359,-0.07843794127,0.02663575034,0,-0.1358448033,0.03305565038,0.2025196242,-0.1419168859,-0.03997503354,-0.01593776143,0.05627255752,0.05873625174,-0.06792519864,0.08371060225,0.06245767276,-0.07723566943,0.008274002902,0.009037643408,0.008274002902,0,0.015,0.24,0.13,0
8.84,0.7863162723,-0.1280191844,-0.1617572715,-0.006793205819,-0.0299955002,0.9995500337,0.05996400648,0.9982005399,0,0,1.169993961,1.649336143,-1.039669113,0.9889455472,-0.7404813021,0.68766266,0.4269837335,-1.152569647,1.55004386,1.379243912,1.467901344,-0.6512876319,-0.1189643591,-0.07921029797,0.02861925545,0,-0.1404488041,0.03608701647,0.2097976831,-0.1469213036,-0.0409029236,-0.01723923511,0.05791312539,0.06044704766,-0.06848078877,0.0861829683,0.06385754146,-0.07915474131,0.008274524126,0.009223959282,0.008274524126,0,0.015,0.24,0.13,0
8.85,0.7846740631,-0.1280865767,-0.1666867125,-0.006685207439,-0.0299955002,0.9995500337,0.05996400648,0.9982005399,0,0,1.170280153,1.649336143,-1.041073601,0.9893064173,-0.7383833253,0.686193447,0.4265747043,-1.152742039,1.550622991,1.379848383,1.467216536,-0.6504258022,-0.1183257837,-0.08000184538,0.03059303227,0,-0.1450420378,0.03912874177,0.21706083,-0.151925542,-0.04185863352,-0.01853636058,0.0595584802,0.06215584726,-0.06904267829,0.08866349567,0.0652663228,-0.08107161131,0.008275084238,0.009415663092,0.008275084238,0,0.015,0.24,0.13,0
8.86,0.7829824978,-0.1281528877,-0.171628238,-0.006576944301,-0.0299955002,0.9995500337,0.05996400648,0.9982005399,-0.5,0,1.170586084,1.649336143,-1.042524021,0.9896977047,-0.736212717,0.6846741916,0.426156118,-1.152927403,1.551218576,1.380469941,1.466526109,-0.6495391672,-0.1176731205,-0.08081256149,0.03255238258,0,-0.1496083011,0.04217981981,0.2242967267,-0.1569221935,-0.04283530444,-0.019829077,0.0612112394,0.06386583753,-0.06961088356,0.0911476472,0.0666859568,-0.08298258032,0.008275683064,0.00961277319,0.008275683064,0,0.015,0.235,0.125,0
8.87,0.781241463,-0.1282181148,-0.1765803645,-0.006468448909,-0.0349928546,0.9993875625,0.05996400648,0.9982005399,0,0,1.170911608,1.649336143,-1.044020104,0.9901195029,-0.7339697497,0.6831049696,0.4257277649,-1.153125693,1.551830688,1.3811086,1.46583,-0.6486276908,-0.1170062609,-0.08164238729,0.03449739014,0,-0.1541501602,0.04523924861,0.2315048985,-0.1619111579,-0.04383637633,-0.02111616958,0.06286800709,0.06557247126,-0.07018541948,0.09363845304,0.06811412148,-0.0848896021,0.008276320338,0.009815316795,0.008276320338,0,0.015,0.24,0.125,0
8.88,0.7794508601,-0.128282256,-0.1815416238,-0.006359753429,-0.0349928546,0.9993875625,0.05996400648,0.9982005399,0,0,1.171256581,1.649336143,-1.045561606,0.9905718954,-0.7316547007,0.681485858,0.4252894012,-1.153336855,1.552459368,1.381764325,1.465128146,-0.6476913062,-0.1163251197,-0.08249128332,0.03642734718,0,-0.1586670606,0.04830603077,0.2386829593,-0.1668911217,-0.0448635268,-0.02239719645,0.06452935315,0.06727630832,-0.07076629991,0.09613397173,0.0695513023,-0.08679092074,0.008276995798,0.01002330988,0.008276995798,0,0.015,0.235,0.125,0
8.89,0.7776106049,-0.1283453093,-0.1865105629,-0.006250889692,-0.0349928546,0.9993875625,0.05996400648,0.9982005399,-0.5,0,1.171620855,1.649336143,-1.047148277,0.9910549557,-0.7292678711,0.6798169468,0.4248407659,-1.153560827,1.553104662,1.382437088,1.464420483,-0.6467299665,-0.1156296067,-0.08335919252,0.03834847686,0,-0.1631860184,0.05137917367,0.2458459596,-0.1718713678,-0.04593369032,-0.02367153418,0.06619487114,0.06897665726,-0.07135353707,0.09863349953,0.07099728988,-0.08868570709,0.008277709166,0.01023677044,0.008277709166,0,0.02,0.235,0.125,0
8.9,0.775720628,-0.1284072733,-0.1914857443,-0.006141889193,-0.03998933419,0.9992001067,0.05996400648,0.9982005399,0,0,1.17200434,1.649336143,-1.048780137,0.9915687475,-0.7268094115,0.6780982332,0.424381429,-1.153797542,1.55376661,1.383126854,1.463706948,-0.6457436315,-0.1149196338,-0.08424604959,0.04024311612,0,-0.1676390806,0.05445768938,0.2529491407,-0.1768246425,-0.04701107869,-0.02493856732,0.06786415707,0.07067283508,-0.07194714142,0.1011363404,0.07245187356,-0.09057314065,0.00827846029,0.0104557152,0.00827846029,0,0.02,0.235,0.125,0
8.91,0.773780874,-0.1284681467,-0.1964657458,-0.006032783091,-0.03998933419,0.9992001067,0.05996400648,0.9982005399,-0.5,0,1.172406771,1.649336143,-1.050456528,0.9921133244,-0.7242799201,0.6763299867,0.4239113182,-1.154046928,1.554445252,1.383833583,1.462987476,-0.6447322681,-0.1141951151,-0.085151781,0.04212358437,0,-0.1720773702,0.05754059513,0.260022856,-0.1817695409,-0.04812586832,-0.02619768858,0.06953680929,0.07236416748,-0.07254712136,0.1036418059,0.07391484108,-0.09245240975,0.008279248671,0.01068015964,0.008279248671,0,0.02,0.235,0.125,0
8.92,0.7717913017,-0.1285279287,-0.2014491606,-0.005923602208,-0.04498481404,0.9989876708,0.05996400648,0.9982005399,0,0,1.172828007,1.649336143,-1.052177301,0.9926887303,-0.7216796915,0.6745122913,0.4234300595,-1.154308905,1.55514062,1.384557224,1.462262005,-0.6436958501,-0.1134559667,-0.0860763051,0.04398359309,0,-0.1764780253,0.06062691316,0.2670508807,-0.1866961932,-0.0492671475,-0.02744829917,0.07121242829,0.07404998909,-0.07315348307,0.1061492153,0.07538597833,-0.09432271178,0.008280074053,0.01091011799,0.008280074053,0,0.02,0.4949999881,0.12,0
8.93,0.769751884,-0.1285866186,-0.2064345971,-0.005814377032,-0.04498481404,0.9989876708,0.05996400648,0.9982005399,-0.5,0,1.173267843,1.649336143,-1.053942082,0.9932949994,-0.7190091827,0.6726453294,0.422937388,-1.154583388,1.555852744,1.385297724,1.46153047,-0.6426343579,-0.1127021069,-0.08701953222,0.04582521025,0,-0.180851474,0.06371567104,0.2740380432,-0.1916075043,-0.05044244512,-0.02868980896,0.07289061659,0.07572964372,-0.07376623025,0.1086578955,0.07686506897,-0.09618325343,0.008280936056,0.01114560325,0.008280936056,0,0.02,0.23,0.12,0
8.94,0.7676626076,-0.1286442162,-0.2114206792,-0.005705137712,-0.04997916927,0.9987502604,0.05996400648,0.9982005399,0,0,1.173726095,1.649336143,-1.055750596,0.9939321561,-0.7162688023,0.6707292543,0.4224329636,-1.154870286,1.556581651,1.386055021,1.460792808,-0.641547779,-0.1119334562,-0.08798136475,0.04764140508,0,-0.1851716096,0.06680590168,0.2809661768,-0.1964924531,-0.05163885211,-0.02992163676,0.07457097858,0.07740248459,-0.07438536389,0.111167181,0.07835189424,-0.09803325087,0.008281834344,0.01138662716,0.008281834344,0,0.02,0.235,0.12,0
8.95,0.7655234728,-0.1287007214,-0.2164060459,-0.005595914063,-0.04997916927,0.9987502604,0.05996400648,0.9982005399,0,0,1.174202509,1.649336143,-1.057602312,0.9946002152,-0.7134591405,0.6687643298,0.4219165751,-1.155169502,1.55732736,1.386829045,1.460048954,-0.6404361071,-0.1111499372,-0.08896169726,0.04944005593,0,-0.1894721946,0.06989664366,0.2878549659,-0.2013628187,-0.05287682008,-0.03114321054,0.07625312038,0.07906787453,-0.0750108821,0.1136764139,0.07984623261,-0.09987192997,0.008282768439,0.01163320024,0.008282768439,0,0.025,0.23,0.12,0
8.96,0.7633344936,-0.1287561346,-0.2213893519,-0.005486735564,-0.04997916927,0.9987502604,0.05996400648,0.9982005399,-0.5,0,1.174696909,1.649336143,-1.059497034,0.9952991816,-0.7105805909,0.6667507016,0.4213878069,-1.155480934,1.558089892,1.387619724,1.459298846,-0.639299343,-0.1103514749,-0.08996041656,0.05121124452,0,-0.1937153456,0.07298694119,0.294678928,-0.206203146,-0.05413670191,-0.03235396767,0.07793664973,0.08072518623,-0.07564277988,0.1161849439,0.08134785955,-0.1016985265,0.008283738023,0.01188533175,0.008283738023,0,0.025,0.23,0.12,0
8.97,0.7610956971,-0.1288104564,-0.226369267,-0.005377631357,-0.05497227503,0.9984878812,0.05996400648,0.9982005399,0,0,1.175209022,1.649336143,-1.061434188,0.996029051,-0.7076338016,0.6646886702,0.4208464398,-1.155804474,1.558869258,1.388426976,1.458542418,-0.6381374936,-0.1095379963,-0.09097740182,0.05295730039,0,-0.1979123937,0.07607584444,0.3014437116,-0.2110167086,-0.05542627348,-0.03355335515,0.07962117586,0.08237380243,-0.07628104891,0.1186921284,0.08285654729,-0.1035122865,0.008284742581,0.01214302974,0.008284742581,0,0.025,0.23,0.12,0
8.98,0.7588071239,-0.1288636876,-0.2313444762,-0.005268630248,-0.05497227503,0.9984878812,0.05996400648,0.9982005399,-0.5,0,1.175738595,1.649336143,-1.063413312,0.9967898095,-0.7046193645,0.6625785031,0.4202921771,-1.156140008,1.55966547,1.389250714,1.457779607,-0.6369505723,-0.1087094308,-0.09201252469,0.05467736667,0,-0.2020618269,0.07916240963,0.3081469232,-0.2158018965,-0.05674607226,-0.0347408298,0.08130630939,0.08401311617,-0.07692567736,0.121197332,0.08437206455,-0.1053124661,0.008285781645,0.012406301,0.008285781645,0,0.025,0.225,0.115,0
8.99,0.7564688276,-0.1289158294,-0.2363136802,-0.005159760708,-0.05996400648,0.9982005399,0.05996400648,0.9982005399,0,0,1.176285368,1.649336143,-1.06543393,0.9975814336,-0.7015378953,0.6604204841,0.4197247164,-1.156487416,1.560478533,1.390090845,1.457010351,-0.635738599,-0.1078657102,-0.09306564935,0.05637314289,0,-0.2061725313,0.0822456992,0.3147928106,-0.2205610016,-0.05810243181,-0.03591585852,0.08299166221,0.08564253097,-0.07757664973,0.1236999274,0.08589417633,-0.1070983321,0.008286854729,0.01267515109,0.008286854729,0,0.025,0.23,0.115,0
9,0.7540808746,-0.1289668834,-0.2412755948,-0.00505105087,-0.05996400648,0.9982005399,0.05996400648,0.9982005399,-0.5,0,1.1768491,1.649336143,-1.067495655,0.9984038905,-0.6983899671,0.6582148741,0.4191436921,-1.156846575,1.56130845,1.39094727,1.456234584,-0.6345015997,-0.1070067684,-0.09413663267,0.05803815126,0,-0.2102200069,0.085324782,0.3213645765,-0.225283795,-0.05948280272,-0.03707791849,0.08467684742,0.08726146101,-0.07823394662,0.1261992946,0.08742264367,-0.1088691622,0.008287961384,0.01294958435,0.008287961384,0,0.03,0.225,0.115,0
9.01,0.7516433442,-0.1290168511,-0.2462289511,-0.004942528533,-0.06495423883,0.9978882437,0.05996400648,0.9982005399,0,0,1.177429481,1.649336143,-1.069597855,0.9992571384,-0.6951763214,0.6559620361,0.418548864,-1.157217354,1.562155218,1.391819885,1.455452245,-0.6332396067,-0.106132542,-0.09522532429,0.05967583282,0,-0.214220119,0.08839873348,0.3278710105,-0.2299752135,-0.06089729764,-0.03822649733,0.08636147921,0.08886933141,-0.07889754459,0.128694821,0.08895722348,-0.1106242447,0.00828910103,0.01322960385,0.00828910103,0,0.03,0.225,0.115,0
9.02,0.7491563283,-0.1290657346,-0.2511724958,-0.004834221159,-0.06495423883,0.9978882437,0.05996400648,0.9982005399,-0.5,0,1.17802624,1.649336143,-1.071740057,1.000141126,-0.6918976113,0.653662284,0.4179398911,-1.157599619,1.563018833,1.392708578,1.454663269,-0.6319526585,-0.1052429698,-0.09633156674,0.06128581978,0,-0.2181732482,0.09146663587,0.3343111837,-0.2346343559,-0.06234726468,-0.03936109339,0.0880451728,0.09046557833,-0.07956741599,0.1311859019,0.09049766832,-0.1123628795,0.008290273157,0.01351521145,0.008290273157,0,0.03,0.225,0.115,0
9.03,0.7466199311,-0.1291135363,-0.2561049906,-0.004726155873,-0.06994284734,0.9975510003,0.05996400648,0.9982005399,-0.5,0,1.178639098,1.649336143,-1.073921789,1.001055792,-0.6885544994,0.6513159405,0.4173164184,-1.15799323,1.563899285,1.393613234,1.453867595,-0.6306407995,-0.1043379931,-0.09745519553,0.06286200023,0,-0.2220560144,0.0945275783,0.340669186,-0.2392515231,-0.06382048419,-0.04048121586,0.08972754438,0.09204964921,-0.08024352879,0.1336719398,0.0920437262,-0.1140843775,0.008291477247,0.01380640775,0.008291477247,0,0.03,0.225,0.11,0
9.04,0.7440342694,-0.1291602587,-0.2610252128,-0.004618359467,-0.07492970727,0.9971888181,0.05996400648,0.9982005399,0,0,1.179267718,1.649336143,-1.076142349,1.002001068,-0.6851478076,0.6489234252,0.4166782136,-1.158398042,1.56479656,1.394533731,1.45306516,-0.6293040801,-0.1034175558,-0.09859603931,0.06440869971,0,-0.2258879217,0.09758065711,0.3469563187,-0.2438329734,-0.06532896433,-0.04158638499,0.09140821106,0.09362100295,-0.08092584642,0.1361523451,0.09359514046,-0.1157880612,0.008292712663,0.01410319213,0.008292712663,0,0.035,0.225,0.11,0
9.05,0.7413994718,-0.1292059045,-0.265931955,-0.004510858393,-0.07492970727,0.9971888181,0.05996400648,0.9982005399,-0.5,0,1.179911805,1.649336143,-1.078401228,1.002976874,-0.6816782444,0.6464850955,0.4160249239,-1.158813906,1.565710642,1.395469941,1.452255901,-0.6279425567,-0.1024816044,-0.09975391992,0.06592207628,0,-0.2296547766,0.1006249759,0.3531626132,-0.2483724594,-0.06686552498,-0.04267613231,0.09308679078,0.09517911006,-0.08161432763,0.1386265354,0.09515164959,-0.117473265,0.008293978853,0.0144055627,0.008293978853,0,0.035,0.22,0.11,0
9.06,0.7387156792,-0.1292504769,-0.270824025,-0.004403678769,-0.07991469397,0.9968017063,0.05996400648,0.9982005399,0,0,1.180571026,1.649336143,-1.080697776,1.003983124,-0.6781466183,0.6440013709,0.4153562687,-1.159240667,1.56664151,1.396421732,1.451439758,-0.6265562913,-0.1015300879,-0.1009286526,0.06740435826,0,-0.2333674574,0.103659646,0.3592940488,-0.2528730086,-0.06843717663,-0.04375000074,0.0947629023,0.09672345284,-0.08230892637,0.141093936,0.09671298707,-0.1191393352,0.008295275186,0.01471348994,0.008295275186,0,0.035,0.225,0.11,0
9.07,0.7359830442,-0.1292939792,-0.2757002461,-0.004296846377,-0.07991469397,0.9968017063,0.05996400648,0.9982005399,-0.5,0,1.181245069,1.649336143,-1.083031451,1.005019721,-0.6745536778,0.6414726408,0.4146718969,-1.159678167,1.567589139,1.397388966,1.450616669,-0.625145352,-0.100562958,-0.1021200459,0.06885199029,0,-0.2370127706,0.1066837861,0.3653414128,-0.2573287906,-0.07003713032,-0.04480754482,0.09643616518,0.09825352556,-0.08300959162,0.1435539799,0.09827888128,-0.1207856301,0.008296601079,0.01502693713,0.008296601079,0,0.035,0.22,0.105,0
9.08,0.733201731,-0.1293364151,-0.2805594568,-0.004190386663,-0.0848976828,0.9963896745,0.05996400648,0.9982005399,0,0,1.181933589,1.649336143,-1.085401578,1.006086558,-0.6709002636,0.6388993529,0.4139715256,-1.160126242,1.568553501,1.398371502,1.449786573,-0.6237098122,-0.09958016923,-0.1033279022,0.07026567995,0,-0.2405951766,0.1096965231,0.3713067452,-0.2617404848,-0.07166859107,-0.04584833083,0.09810619974,0.09976883459,-0.0837162673,0.1460061073,0.09984905533,-0.1224115205,0.008297955876,0.01534595631,0.008297955876,0,0.04,0.22,0.105,0
9.09,0.7303719155,-0.1293777883,-0.285400511,-0.004084324736,-0.0848976828,0.9963896745,0.05996400648,0.9982005399,-0.5,0,1.182636246,1.649336143,-1.08780753,1.007183524,-0.6671871962,0.6362819481,0.4132548397,-1.160584726,1.569534563,1.39936919,1.44894941,-0.6222497511,-0.09858167868,-0.1045520174,0.07164265223,0,-0.2441044913,0.1126969919,0.3771828563,-0.2661034336,-0.07332629321,-0.04687193699,0.09977262702,0.1012688986,-0.08442889216,0.1484497662,0.101423227,-0.1240163895,0.008299338937,0.01567054061,0.008299338937,0,0.04,0.215,0.105,0
9.1,0.7274937851,-0.129418103,-0.2902222781,-0.003978685369,-0.0898785492,0.995952733,0.05996400648,0.9982005399,-0.5,0,1.183352672,1.649336143,-1.090248575,1.008310494,-0.6634153676,0.6336209137,0.4125215768,-1.161053445,1.570532289,1.400381879,1.448105121,-0.6207652534,-0.09756744641,-0.1057921813,0.07298884973,0,-0.2475671948,0.1156843358,0.3829859,-0.2704262969,-0.07502599492,-0.04787795356,0.1014350689,0.1027532485,-0.08514739963,0.1508844121,0.1030011087,-0.1255996331,0.008300749563,0.0160006819,0.008300749563,0,0.04,0.215,0.105,0
9.11,0.724567538,-0.1294573635,-0.2950236425,-0.003873493001,-0.09485716863,0.9954908928,0.05996400648,0.9982005399,0,0,1.184082561,1.649336143,-1.092724247,1.009467337,-0.6595855086,0.6309166508,0.4117713168,-1.161532225,1.57154664,1.401409411,1.447253647,-0.6192564093,-0.09653743532,-0.1070481777,0.07429257967,0,-0.2509353191,0.1186577065,0.388684807,-0.2746907624,-0.07674050439,-0.04886598303,0.1030931478,0.1042214281,-0.08587171776,0.1533095078,0.1045824072,-0.12716066,0.008302187175,0.0163363708,0.008302187175,0,0.04,0.22,0.105,0
9.12,0.7215933839,-0.1294955744,-0.2998035042,-0.003768771733,-0.09485716863,0.9954908928,0.05996400648,0.9982005399,-0.5,0,1.184825487,1.649336143,-1.0952336,1.010653914,-0.6556986606,0.6281697431,0.4110039118,-1.162020885,1.572577571,1.402451626,1.44639493,-0.6177233142,-0.09549161125,-0.1083197843,0.07556368284,0,-0.254251752,0.1216162645,0.3943062798,-0.278911426,-0.07849491422,-0.04983564023,0.1047464871,0.1056729934,-0.08660176912,0.1557245241,0.1061668238,-0.1286988919,0.008303650962,0.01667759666,0.008303650962,0,0.045,0.215,0.1,0
9.13,0.7185715432,-0.1295327406,-0.3045607784,-0.003664545329,-0.09983341665,0.9950041653,0.05996400648,0.9982005399,-0.5,0,1.185581124,1.649336143,-1.097776118,1.011870077,-0.6517555978,0.6253806289,0.4102189626,-1.162519241,1.573625036,1.403508356,1.445528912,-0.616166069,-0.09442994301,-0.1096067732,0.07679698422,0,-0.2574958936,0.1245591792,0.3998367491,-0.2830799179,-0.08027764874,-0.05078655247,0.1063947109,0.1071075136,-0.08733747072,0.158128939,0.1077540542,-0.1302137639,0.008305140308,0.01702434756,0.008305140308,0,0.045,0.215,0.1,0
9.14,0.7155022472,-0.129568867,-0.3092943958,-0.003560837219,-0.1048071688,0.9944925627,0.05996400648,0.9982005399,0,0,1.186349093,1.649336143,-1.100351077,1.013115669,-0.6477572303,0.6225498297,0.4094161862,-1.163027106,1.574688983,1.404579431,1.444655538,-0.6145847796,-0.09335240247,-0.1109089108,0.07798902995,0,-0.2606541077,0.127485629,0.4052671029,-0.2871904934,-0.08208098449,-0.05171835965,0.1080374441,0.1085245705,-0.08807873393,0.1605222381,0.1093437883,-0.1317047243,0.00830665449,0.01737661029,0.00830665449,0,0.045,0.215,0.1,0
9.15,0.7123857377,-0.1296039591,-0.3140033023,-0.003457670496,-0.1048071688,0.9944925627,0.05996400648,0.9982005399,-0.5,0,1.187128984,1.649336143,-1.102957618,1.014390525,-0.6437045592,0.6196779248,0.4085953763,-1.16354429,1.575769358,1.405664676,1.44377475,-0.6129795572,-0.09225896459,-0.1122259581,0.07914730547,0,-0.2637595938,0.1303948018,0.4106181023,-0.2912541068,-0.08392438104,-0.05263071437,0.1096743125,0.1099237591,-0.08882546441,0.1629039145,0.1109357105,-0.133171235,0.008308192721,0.0177343704,0.008308192721,0,0.045,0.21,0.095,0
9.16,0.709222267,-0.1296380223,-0.3186864593,-0.003355067918,-0.1097783008,0.993956098,0.05996400648,0.9982005399,-0.5,0,1.187920457,1.649336143,-1.105595214,1.015694473,-0.6395983782,0.6167653837,0.4077561325,-1.164070597,1.576866101,1.406763914,1.442886496,-0.6113505181,-0.09114960748,-0.1135576704,0.08026369784,0,-0.2667786539,0.133285895,0.4158679769,-0.2952578749,-0.08578831651,-0.05352328207,0.1113049426,0.1113046875,-0.08957756207,0.1652734692,0.1125294995,-0.1346127716,0.008309754358,0.01809761214,0.008309754358,0,0.05,0.21,0.095,0
9.17,0.7060120977,-0.1296710624,-0.3233428432,-0.003253051905,-0.1147466884,0.9933947843,0.05996400648,0.9982005399,0,0,1.188723094,1.649336143,-1.108263,1.017027332,-0.6354396984,0.6138128049,0.4068982493,-1.16460583,1.57797915,1.407876961,1.44199072,-0.6096977834,-0.09002431249,-0.1149037981,0.08134462296,0,-0.2697399908,0.1361581155,0.4210347534,-0.299211092,-0.0876895759,-0.05439574108,0.112928962,0.1126669767,-0.09033492102,0.1676304103,0.1141248281,-0.1360288236,0.008311338597,0.01846631848,0.008311338597,0,0.05,0.215,0.095,0
9.18,0.7027555027,-0.1297030854,-0.3279714461,-0.003151644542,-0.1147466884,0.9933947843,0.05996400648,0.9982005399,-0.5,0,1.18953654,1.649336143,-1.1109604,1.018388913,-0.6312293509,0.610820694,0.4060213536,-1.165149787,1.57910844,1.409003631,1.441087371,-0.6080214793,-0.08888306421,-0.1162640864,0.08238076581,0,-0.2726042181,0.1390106804,0.4260931032,-0.3030990285,-0.08960504424,-0.05524778275,0.1145459994,0.1140102614,-0.0910974295,0.1699742538,0.1157213636,-0.1374188942,0.008312944763,0.01884047112,0.008312944763,0,0.05,0.21,0.095,0
9.19,0.6994527647,-0.1297340974,-0.3325712753,-0.003050867579,-0.1197122073,0.9928086359,0.05996400648,0.9982005399,-0.5,0,1.190360348,1.649336143,-1.113686442,1.01977902,-0.6269684199,0.6077897037,0.4051253031,-1.165702265,1.5802539,1.410143733,1.440176397,-0.6063217367,-0.08772585057,-0.1176382753,0.08338290832,0,-0.2754191053,0.1418428168,0.4310733413,-0.306937615,-0.09156264428,-0.05607911149,0.1161556844,0.1153341894,-0.09186496991,0.1723045231,0.1173187678,-0.1387825012,0.008314571992,0.01922005046,0.008314571992,0,0.055,0.21,0.09,0
9.2,0.6961041764,-0.1297641049,-0.3371413533,-0.002950742428,-0.1246747334,0.9921976672,0.05996400648,0.9982005399,0,0,1.191194177,1.649336143,-1.116440633,1.021197448,-0.6226576865,0.6047203276,0.4042096767,-1.166263056,1.581415457,1.411297075,1.439257747,-0.6045986915,-0.08655266289,-0.1190261003,0.08434067206,0,-0.2781402965,0.144653762,0.4359470441,-0.3107104856,-0.09353613755,-0.05688944487,0.1177576477,0.1166384218,-0.09263741872,0.1746207492,0.1189166967,-0.1401191764,0.008316219635,0.01960503563,0.008316219635,0,0.055,0.21,0.09,0
9.21,0.69271004,-0.1297931145,-0.3416807183,-0.002851290165,-0.1246747334,0.9921976672,0.05996400648,0.9982005399,-0.5,0,1.192037583,1.649336143,-1.119222036,1.022643986,-0.618298216,0.6016132227,0.4032743153,-1.166831951,1.582593033,1.412463459,1.438331373,-0.602852484,-0.08536349592,-0.1204272921,0.08525626501,0,-0.2807780352,0.1474427639,0.4407206644,-0.3144204727,-0.0955312513,-0.0576785137,0.1193515215,0.1179226333,-0.0934146465,0.1769224709,0.1205148008,-0.141428466,0.008317886835,0.01999540446,0.008317886835,0,0.055,0.205,0.09,0
9.22,0.6892706675,-0.129821133,-0.3461884235,-0.002752531532,-0.1296341426,0.9915618937,0.05996400648,0.9982005399,-0.5,0,1.192890146,1.649336143,-1.122029817,1.024118413,-0.6138910094,0.598469018,0.4023190028,-1.167408736,1.583786548,1.413642686,1.437397226,-0.6010832593,-0.08415834792,-0.1218415767,0.0861339767,0,-0.2833519492,0.1502090813,0.4454067302,-0.318073563,-0.097559305,-0.05844606205,0.120936939,0.1191865122,-0.09419651792,0.1792092342,0.1221127252,-0.1427099309,0.008319572779,0.02039113349,0.008319572779,0,0.06,0.205,0.085,0
9.23,0.6857863802,-0.1298481675,-0.3506635376,-0.002654486933,-0.134590311,0.9909013312,0.05996400648,0.9982005399,0,0,1.193751486,1.649336143,-1.124863336,1.025620504,-0.6094369421,0.5952882824,0.4013434098,-1.167993197,1.584995918,1.414834551,1.436455261,-0.599291167,-0.08293722066,-0.123268676,0.0869711196,0,-0.2858509509,0.1529519835,0.4499981815,-0.3216650977,-0.09961341599,-0.05919184731,0.1225135351,0.1204297601,-0.09498289171,0.1814805929,0.1237101095,-0.1439631466,0.008321276737,0.02079219797,0.008321276737,0,0.06,0.205,0.085,0
9.24,0.6822575085,-0.1298742252,-0.3551051445,-0.002557176437,-0.134590311,0.9909013312,0.05996400648,0.9982005399,-0.5,0,1.194621197,1.649336143,-1.127721846,1.027150024,-0.6049369603,0.5920716314,0.4003472756,-1.168585115,1.586221053,1.416038848,1.435505432,-0.597476361,-0.08170011957,-0.1247083075,0.08776807405,0,-0.2882773769,0.1556707511,0.4544965813,-0.3251950852,-0.1016945788,-0.05991564023,0.1240809459,0.1216520923,-0.09577362072,0.1837361086,0.1253065883,-0.1451877034,0.008322997924,0.02119857187,0.008322997924,0.005,0.06,0.2,0.085,0
9.25,0.678684392,-0.1298993136,-0.3595123436,-0.002460619776,-0.1395431146,0.9902159962,0.05996400648,0.9982005399,-0.5,0,1.195498878,1.649336143,-1.13060462,1.028706731,-0.6003919945,0.5888196805,0.3993303298,-1.169184271,1.587461862,1.417255369,1.434547696,-0.5956389999,-0.08044705369,-0.1261601845,0.08851812923,0,-0.2906016819,0.1583646761,0.4588830789,-0.3286527399,-0.1037846625,-0.06061722496,0.1256388093,0.1228532377,-0.09656855193,0.1859753501,0.1269017906,-0.1463832065,0.008324735564,0.02161022785,0.008324735564,0,0.06,0.2,0.085,0
9.26,0.6750673793,-0.1299234402,-0.3638842497,-0.002364836347,-0.1444924297,0.9895059059,0.05996400648,0.9982005399,-0.5,0,1.196384059,1.649336143,-1.133510636,1.030290378,-0.5958031637,0.5855331531,0.3982924832,-1.169790444,1.588718251,1.418483902,1.43358201,-0.5937792464,-0.07917803578,-0.1276240166,0.08922977188,0,-0.2928622004,0.1610330616,0.4631823803,-0.3320503939,-0.1059060013,-0.06129639905,0.127186765,0.1240329387,-0.09736752647,0.1881978942,0.1284953408,-0.1475492761,0.008326488743,0.02202713729,0.008326488743,0,0.06,0.205,0.08,0
9.27,0.6714068275,-0.1299466129,-0.3682199926,-0.002269845209,-0.1494381325,0.9887710779,0.05996400648,0.9982005399,0,0,1.197276357,1.649336143,-1.136439258,1.031900709,-0.5911713399,0.5822126492,0.3972334232,-1.170403408,1.589990118,1.419724231,1.432608335,-0.5918972675,-0.07789308237,-0.1290995094,0.08990114424,0,-0.295051155,0.1636752226,0.4673896876,-0.3353846221,-0.1080534236,-0.06195297348,0.1287244545,0.1251909514,-0.09817037964,0.1904033249,0.1300868579,-0.1486855476,0.008328256718,0.02244927029,0.008328256718,0,0.06,0.205,0.08,0
9.28,0.6677031028,-0.1299688398,-0.3725187177,-0.002175665089,-0.1494381325,0.9887710779,0.05996400648,0.9982005399,-0.5,0,1.198175368,1.649336143,-1.13938977,1.033537461,-0.586497443,0.578858803,0.3961528889,-1.171022937,1.591277363,1.420976141,1.431626631,-0.5899932343,-0.07659221379,-0.1305863648,0.09052611733,0,-0.2971410567,0.1662904859,0.4714875336,-0.3386455165,-0.1102097494,-0.06258677267,0.1302515211,0.1263270453,-0.098976941,0.1925912343,0.1316759564,-0.1497916715,0.008330038705,0.02287659563,0.008330038705,0,0.07,0.2,0.08,0
9.29,0.6639565794,-0.129990129,-0.3767795858,-0.002082314372,-0.1543800993,0.9880115308,0.05996400648,0.9982005399,-0.5,0,1.199080629,1.649336143,-1.14236118,1.035200366,-0.5817825677,0.5754723478,0.3950507914,-1.171648805,1.592579878,1.422239411,1.430636862,-0.5880673219,-0.07527545423,-0.1320842816,0.09111461891,0,-0.2991772218,0.1688781901,0.4755052912,-0.3418475481,-0.1124015884,-0.06319763443,0.1317676104,0.1274410038,-0.09978703441,0.1947612217,0.1332622461,-0.1508673139,0.008331833798,0.02330908084,0.008331833798,0,0.07,0.2,0.075,0
9.3,0.66016764,-0.1300104889,-0.3810017729,-0.001989811113,-0.1593182066,0.9872272834,0.05996400648,0.9982005399,-0.5,0,1.199991776,1.649336143,-1.145352953,1.036889148,-0.5770275147,0.5720538723,0.3939267755,-1.172280781,1.593897554,1.423513821,1.429638992,-0.5861197097,-0.07394283177,-0.1335929547,0.09166020537,0,-0.3011306514,0.1714376861,0.4794245915,-0.3449803148,-0.1146107743,-0.06378541002,0.1332723701,0.1285326234,-0.1006004781,0.1969128943,0.1348453324,-0.1519121558,0.008333641288,0.02374669213,0.008333641288,0,0.07,0.2,0.075,0
9.31,0.6563366756,-0.1300299281,-0.3851844703,-0.001898173026,-0.164252331,0.9864183553,0.05996400648,0.9982005399,-0.5,0,1.200908378,1.649336143,-1.148364259,1.038603525,-0.5722332688,0.5686040692,0.3927806678,-1.172918636,1.595230278,1.424799147,1.428632987,-0.5841505807,-0.07259437845,-0.1351120763,0.09215756553,0,-0.3029768076,0.1739683371,0.4832298842,-0.348035158,-0.1168215721,-0.06434996403,0.1347654504,0.1296017144,-0.1014170846,0.1990458669,0.1364248161,-0.1529258942,0.008335460334,0.02418939446,0.008335460334,0,0.075,0.2,0.075,0
9.32,0.6524640849,-0.1300484553,-0.3893268848,-0.001807417492,-0.1691823491,0.9855847669,0.05996400648,0.9982005399,0,0,1.201829953,1.649336143,-1.151394027,1.040343208,-0.56740097,0.5651237176,0.3916124521,-1.173562135,1.596577932,1.426095165,1.427618816,-0.5821601221,-0.07123013028,-0.1366413352,0.09262052603,0,-0.3047794054,0.1764695187,0.4869625709,-0.3510324077,-0.1190718457,-0.06489117446,0.1362465039,0.1306481004,-0.1022366612,0.2011597617,0.1380002943,-0.1539082413,0.008337289992,0.0246371515,0.008337289992,0,0.075,0.2,0.07,0
9.33,0.6485502747,-0.1300660795,-0.3934282384,-0.001717561555,-0.1691823491,0.9855847669,0.05996400648,0.9982005399,-0.5,0,1.202756159,1.649336143,-1.154441821,1.042107903,-0.5625313443,0.5616133935,0.3904217336,-1.174211047,1.597940397,1.427401646,1.426596449,-0.5801485245,-0.06985012734,-0.1381804176,0.09304033618,0,-0.3064982281,0.1789406193,0.4905970815,-0.3539581664,-0.1213363567,-0.06540893258,0.1377151858,0.1316716184,-0.1030590096,0.2032542089,0.1395713599,-0.154858925,0.008339129587,0.02508992563,0.008339129587,0,0.075,0.195,0.07,0
9.34,0.6445956595,-0.1300828096,-0.3974877685,-0.001628621923,-0.1741081376,0.9847265389,0.05996400648,0.9982005399,-0.5,0,1.203686562,1.649336143,-1.157506804,1.043897309,-0.5576253735,0.5580738119,0.3892083701,-1.174865136,1.599317549,1.428718362,1.425565859,-0.5781159824,-0.06845441374,-0.1397290069,0.09341388464,0,-0.3081184412,0.1813810398,0.4941241655,-0.3568071067,-0.1236050618,-0.06590314294,0.1391711541,0.1326721189,-0.1038839261,0.205328846,0.1411376021,-0.1557776888,0.008340978272,0.02554767798,0.008340978272,0,0.08,0.195,0.07,0
9.35,0.6406006613,-0.130098655,-0.4015047278,-0.001540614967,-0.1790295734,0.9838436928,0.05996400648,0.9982005399,-0.5,0,1.204620701,1.649336143,-1.160587988,1.04571112,-0.5526841318,0.5545057408,0.3879723194,-1.175524168,1.600709261,1.430045083,1.42452702,-0.5760626939,-0.06704303772,-0.1412867838,0.09374903088,0,-0.3096765212,0.1837901945,0.4975677894,-0.3595904763,-0.1258993183,-0.06637372328,0.1406140699,0.1336494655,-0.1047112022,0.2073833185,0.1426986066,-0.1566642922,0.008342835137,0.02601036841,0.008342835137,0,0.08,0.195,0.065,0
9.36,0.6365657093,-0.1301136251,-0.4054783844,-0.001453556723,-0.1839465335,0.9829362506,0.05996400648,0.9982005399,0,0,1.205558191,1.649336143,-1.163684753,1.047549022,-0.5477084539,0.550909836,0.3867133263,-1.176187905,1.602115401,1.431381578,1.423479908,-0.5739888607,-0.06561605165,-0.1428534267,0.0940436827,0,-0.3111626055,0.1861675103,0.5009220044,-0.3623044604,-0.1282121655,-0.0668206045,0.1420435971,0.1346035348,-0.1055406238,0.2094172792,0.1442539559,-0.1575185101,0.008344699424,0.02647795553,0.008344699424,0,0.085,0.195,0.065,0
9.37,0.6324912403,-0.1301277294,-0.4094080217,-0.001367462892,-0.1839465335,0.9829362506,0.05996400648,0.9982005399,-0.5,0,1.206498628,1.649336143,-1.166796379,1.049410697,-0.5426992339,0.5472867914,0.3854312046,-1.176856111,1.603535837,1.432727613,1.422424502,-0.5718946879,-0.0641735121,-0.1444286118,0.09429493855,0,-0.3125626341,0.1885124277,0.5041781176,-0.3649440373,-0.1305339242,-0.06724373055,0.1434594032,0.1355342167,-0.1063719722,0.2114303887,0.1458032293,-0.1583401333,0.008346570334,0.02695039668,0.008346570334,0,0.085,0.19,0.065,0
9.38,0.628377698,-0.1301409776,-0.4132929385,-0.001282348836,-0.188858895,0.9820042351,0.05996400648,0.9982005399,-0.5,0,1.207441577,1.649336143,-1.169922006,1.051295821,-0.5376574527,0.5436373511,0.3841258654,-1.177528548,1.604970431,1.434082955,1.421360782,-0.569780384,-0.0627154798,-0.1460120131,0.09450241992,0,-0.3138741872,0.1908244003,0.5073349664,-0.3675080021,-0.1328619792,-0.06764305833,0.1448611586,0.1364414141,-0.1072050236,0.2134223154,0.1473460034,-0.1591289686,0.008348447009,0.02742764798,0.008348447009,0,0.085,0.19,0.06,0
9.39,0.6242255329,-0.1301533796,-0.4171324488,-0.001198229584,-0.193766535,0.9810476695,0.05996400648,0.9982005399,-0.5,0,1.208386602,1.649336143,-1.173060747,1.053204065,-0.532584103,0.539962271,0.3827972456,-1.178204979,1.606419043,1.435447369,1.420288732,-0.5676461609,-0.06124201977,-0.1476033028,0.0946736711,0,-0.3151329003,0.1931028955,0.5104161668,-0.3700070579,-0.1352173346,-0.06801855768,0.1462485377,0.1373250425,-0.1080395497,0.215392735,0.1488818522,-0.1598848385,0.008350328582,0.02790966429,0.008350328582,0,0.09,0.185,0.06,0
9.4,0.6200352026,-0.1301649455,-0.4209258821,-0.001115119826,-0.1986693308,0.9800665778,0.05996400648,0.9982005399,-0.5,0,1.209333338,1.649336143,-1.176212076,1.055135094,-0.5274799414,0.5362622005,0.3814450722,-1.178885164,1.607881528,1.43682062,1.419208336,-0.5654922335,-0.05975320125,-0.1492021512,0.09480276307,0,-0.3163099801,0.1953473941,0.5134034871,-0.3724316207,-0.1375810737,-0.06837021116,0.1476212184,0.1381850304,-0.1088753176,0.2173413311,0.1504103472,-0.1606075813,0.008352214335,0.02839639927,0.008352214335,0,0.09,0.19,0.055,0
9.41,0.615807171,-0.1301756855,-0.4246725832,-0.001033033919,-0.2035671599,0.9790609845,0.05996400648,0.9982005399,-0.5,0,1.210281366,1.649336143,-1.179375176,1.057088568,-0.5223459065,0.5325378843,0.3800692615,-1.179568867,1.609357741,1.43820247,1.418119583,-0.5633188202,-0.05824909777,-0.150808227,0.09488657677,0,-0.3173894488,0.1975573906,0.5162869545,-0.3747763719,-0.1399420142,-0.06869801407,0.1489788823,0.1390213188,-0.1097120897,0.2192677949,0.1519310581,-0.1612970513,0.008354103428,0.02888780535,0.008354103428,0,0.095,0.19,0.055,0
9.42,0.6115419088,-0.1301856097,-0.428371912,-0.0009519858807,-0.2084598998,0.9780309147,0.05996400648,0.9982005399,0,0,1.211230232,1.649336143,-1.182549071,1.059064142,-0.5171830369,0.5287901205,0.3786698413,-1.180255847,1.610847529,1.439592683,1.417022462,-0.5611261423,-0.05672978719,-0.1524211975,0.09493595291,0,-0.3184232555,0.1997323935,0.5191009293,-0.3770569194,-0.142331421,-0.06900197421,0.1503212153,0.139833861,-0.1105496244,0.2211718252,0.1534435527,-0.1619531185,0.008355994962,0.02938383374,0.008355994962,0,0.095,0.19,0.055,0
9.43,0.6072398928,-0.1301947287,-0.4320232442,-0.0008719893955,-0.2084598998,0.9780309147,0.05996400648,0.9982005399,-0.5,0,1.212179591,1.649336143,-1.185733303,1.061061466,-0.5119920276,0.5250195513,0.3772465271,-1.180945866,1.612350741,1.440991022,1.415916966,-0.558914424,-0.05519535167,-0.1540407287,0.09494070651,0,-0.3193610372,0.2018719254,0.5218130421,-0.3792573388,-0.144716612,-0.06928211185,0.1516479072,0.1406226229,-0.1113876758,0.2230531284,0.1549473971,-0.1625756689,0.00835788825,0.02988443448,0.00835788825,0,0.095,0.185,0.05,0
9.44,0.602901606,-0.130203053,-0.4356259704,-0.0007930578105,-0.2133474283,0.9769763942,0.05996400648,0.9982005399,-0.5,0,1.213128998,1.649336143,-1.188926914,1.063080185,-0.5067738972,0.521226978,0.375799361,-1.181638688,1.613867221,1.442397248,1.414803089,-0.5566838927,-0.05364587769,-0.1556664854,0.09490549657,0,-0.3202245381,0.2039755228,0.5244379628,-0.3813839676,-0.1471099291,-0.06953845954,0.1529586523,0.1413875823,-0.1122259944,0.2249114186,0.1564421565,-0.1631646044,0.0083597824,0.03038955641,0.0083597824,0,0.1,0.185,0.05,0
9.45,0.5985275374,-0.1302105934,-0.4391794968,-0.0007152041367,-0.2182296231,0.9758974493,0.05996400648,0.9982005399,-0.5,0,1.214078053,1.649336143,-1.192129159,1.06511994,-0.5015295176,0.5174131383,0.3743282617,-1.182334072,1.615396807,1.443811124,1.413680829,-0.5544347786,-0.05208145613,-0.1572981314,0.09483668339,0,-0.3210445499,0.2060427365,0.5269963959,-0.3834456313,-0.1495296063,-0.06977106201,0.1542531492,0.1421287291,-0.1130643264,0.2267464173,0.1579273948,-0.1637198424,0.008361676613,0.03089335327,0.008361676613,0,0.1,0.19,0.045,0
9.46,0.594118182,-0.1302173607,-0.4426832448,-0.0006384410493,-0.2231063621,0.9747941071,0.05996400648,0.9982005399,-0.5,0,1.21502642,1.649336143,-1.195339605,1.067180368,-0.4962595536,0.513578682,0.3728329657,-1.183031783,1.616939339,1.445232411,1.412550186,-0.5521673144,-0.05050218218,-0.1589353298,0.09471949794,0,-0.3217465908,0.2080731313,0.529440007,-0.3854196539,-0.1519273198,-0.06997997598,0.1555311012,0.1428460652,-0.1139024147,0.228557854,0.1594026753,-0.1642413164,0.008363570216,0.03138947728,0.008363570216,0,0.105,0.19,0.045,0
9.47,0.5896740403,-0.1302233659,-0.4461366513,-0.0005627808873,-0.2279775235,0.973666395,0.05996400648,0.9982005399,-0.5,0,1.215973615,1.649336143,-1.19855707,1.069261099,-0.4909651536,0.5097244854,0.3713136925,-1.183731583,1.61849465,1.446660872,1.411411162,-0.5498817359,-0.04890815543,-0.160577743,0.09457205412,0,-0.3224199843,0.2100662869,0.531827917,-0.3873323737,-0.1543583004,-0.07016527003,0.1567922165,0.1435396038,-0.1147399989,0.2303454655,0.1608675612,-0.1647289754,0.008365462239,0.0318897987,0.008365462239,0,0.105,0.19,0.045,0
9.48,0.5851956186,-0.1302286201,-0.4495391684,-0.0004882356536,-0.2328429855,0.9725143413,0.05996400648,0.9982005399,0,0,1.216919336,1.649336143,-1.20178127,1.071361762,-0.4856468744,0.5058511617,0.3697701095,-1.184433235,1.620062572,1.448096268,1.410263762,-0.5475782812,-0.04729947982,-0.1622250328,0.09438169719,0,-0.3230002778,0.2120217971,0.534118316,-0.3891642984,-0.156780415,-0.07032702446,0.1580362079,0.1442093699,-0.115576815,0.2321089962,0.1623216152,-0.1651827842,0.008367352072,0.03239426382,0.008367352072,0,0.105,0.19,0.04,0
9.49,0.5806834283,-0.1302331344,-0.4528902636,-0.0004148170151,-0.2328429855,0.9725143413,0.05996400648,0.9982005399,-0.5,0,1.217863153,1.649336143,-1.205011273,1.07348198,-0.4803056912,0.5019595187,0.3682023053,-1.185136506,1.621642934,1.449538361,1.409107994,-0.5452571912,-0.04567626366,-0.1638768606,0.09415159331,0,-0.3235018704,0.2139392701,0.5363211289,-0.390919515,-0.1592013947,-0.07046533107,0.1592627936,0.1448553994,-0.1164125962,0.2338481982,0.1637644005,-0.1656027232,0.008369238853,0.03290281787,0.008369238853,0,0.11,0.185,0.04,0
9.5,0.5761379864,-0.1302369202,-0.4561894196,-0.0003425363028,-0.2377026264,0.9713379749,0.05996400648,0.9982005399,-0.5,0,1.218804668,1.649336143,-1.208246292,1.075621372,-0.47494248,0.4980503236,0.3666102914,-1.185841159,1.623235562,1.450986915,1.407943868,-0.5429187093,-0.04403861966,-0.1655328878,0.09388785793,0,-0.3239547088,0.2158183293,0.5384566228,-0.3926064321,-0.1616390595,-0.07058029301,0.1604716968,0.1454777397,-0.1172470728,0.235562831,0.1651954808,-0.1659887883,0.008371121779,0.03341540499,0.008371121779,0,0.11,0.185,0.035,0
9.51,0.5715598147,-0.1302399889,-0.4594361347,-0.0002714045113,-0.2425563248,0.970137325,0.05996400648,0.9982005399,-0.5,0,1.219743547,1.649336143,-1.211485839,1.077779556,-0.4695579137,0.4941242592,0.3649939008,-1.186546962,1.624840279,1.452441693,1.406771397,-0.5405630809,-0.04238666485,-0.1671927757,0.09358250707,0,-0.3243165487,0.2176586122,0.540497411,-0.3942126014,-0.1640650106,-0.0706720246,0.1616626462,0.1460764487,-0.1180799725,0.2372526619,0.1666144204,-0.1663409911,0.008373000172,0.0339319683,0.008373000172,0,0.115,0.185,0.035,0
9.52,0.5669494402,-0.1302423522,-0.4626299224,-0.0002014322994,-0.2474039593,0.9689124217,0.05996400648,0.9982005399,-0.5,0,1.220679372,1.649336143,-1.214729004,1.079956142,-0.4641529396,0.4901821332,0.3633532507,-1.187253682,1.626456905,1.453902457,1.405590597,-0.5381905543,-0.04072052065,-0.1688561856,0.09324429232,0,-0.32463098,0.2194597714,0.5424728059,-0.3957503123,-0.1665058563,-0.07074065115,0.1628353758,0.146651595,-0.1189110206,0.2389174655,0.1680207851,-0.1666593583,0.008374873189,0.03445244989,0.008374873189,0,0.115,0.185,0.035,0
9.53,0.5623073943,-0.1302440215,-0.4657703114,-0.0001326299896,-0.2522454086,0.9676632957,0.05996400648,0.9982005399,-0.5,0,1.221611815,1.649336143,-1.217975314,1.08215074,-0.4587282116,0.4862246301,0.3616881921,-1.187961089,1.628085259,1.455368973,1.404401487,-0.5358013797,-0.0390403128,-0.1705227792,0.09286687507,0,-0.3248637068,0.2212214742,0.5443606039,-0.3972095887,-0.1689381609,-0.07078630874,0.1639896253,0.1472032578,-0.1197399399,0.2405570239,0.1694141419,-0.166943932,0.008376740165,0.03497679085,0.008376740165,0,0.12,0.185,0.03,0
9.54,0.5576342134,-0.1302450087,-0.468856846,-6.500756865e-05,-0.2570805519,0.9663899781,0.05996400648,0.9982005399,0,0,1.222540484,1.649336143,-1.221223951,1.084362954,-0.4532846055,0.4822525342,0.3599988105,-1.188668952,1.629725155,1.456841006,1.403204088,-0.5333958094,-0.03734617138,-0.1721922185,0.09245554018,0,-0.3250406423,0.2229434028,0.5461784688,-0.3985975819,-0.171377249,-0.07080914405,0.1651251405,0.1477315263,-0.1205664516,0.242171127,0.1707940597,-0.1671947697,0.008378600303,0.03550493126,0.008378600303,0,0.12,0.185,0.03,0
9.55,0.5529304384,-0.1302453256,-0.4718890857,1.425313068e-06,-0.2570805519,0.9663899781,0.05996400648,0.9982005399,-0.5,0,1.223465039,1.649336143,-1.224474358,1.086592388,-0.4478228208,0.4782665584,0.358285038,-1.189377043,1.631376407,1.458318321,1.401998423,-0.5309740982,-0.03563823078,-0.1738641662,0.09200598096,0,-0.325137445,0.2246252543,0.5479107018,-0.3999073619,-0.173805945,-0.07080931411,0.1662416726,0.1482364998,-0.1213902748,0.2437595717,0.1721601094,-0.1674119437,0.008380452914,0.03603681025,0.008380452914,0.005,0.125,0.18,0.025,0
9.56,0.5481966141,-0.1302449842,-0.4748666053,6.665934109e-05,-0.2619092681,0.9650925009,0.05996400648,0.9982005399,-0.5,0,1.224385099,1.649336143,-1.227725732,1.088838641,-0.4423437138,0.4742674848,0.3565469785,-1.190085136,1.633038823,1.459800686,1.40078452,-0.5285365024,-0.03391662969,-0.1755382857,0.09152326903,0,-0.3251791018,0.2262667407,0.549574388,-0.4011457471,-0.1762390446,-0.07078698614,0.1673389791,0.1487182873,-0.1222111271,0.2453221629,0.1735118643,-0.1675955415,0.008382297221,0.036572366,0.008382297221,0,0.125,0.18,0.025,0
9.57,0.54343329,-0.1302439964,-0.4777889951,0.0001306855371,-0.2667314367,0.9637708964,0.05996400648,0.9982005399,-0.5,0,1.225300332,1.649336143,-1.230977523,1.091101308,-0.4368479699,0.4702560273,0.3547845881,-1.190793006,1.634712213,1.461287869,1.399562409,-0.5260832808,-0.03218151104,-0.1772142411,0.09100554611,0,-0.3251539882,0.2278675891,0.551162257,-0.402309412,-0.1786675851,-0.07074233729,0.1684168236,0.1491770071,-0.1230287248,0.2468587125,0.1748489005,-0.1677456654,0.008384132547,0.03711153575,0.008384132547,0,0.13,0.18,0.02,0
9.58,0.5386410193,-0.1302423745,-0.4806558605,0.0001934952587,-0.271546937,0.9624251976,0.05996400648,0.9982005399,-0.5,0,1.226210387,1.649336143,-1.234229063,1.093379984,-0.4313363474,0.4662329332,0.3529979123,-1.191500429,1.636396381,1.462779639,1.398332122,-0.5236146937,-0.03043302204,-0.1788916977,0.09045529676,0,-0.3250735811,0.2294275417,0.5526824345,-0.4034013721,-0.1810976543,-0.07067555446,0.169474976,0.149612787,-0.1238427831,0.24836904,0.1761707971,-0.1678624325,0.008385958176,0.03765425583,0.008385958176,0,0.13,0.18,0.02,0
9.59,0.5338203592,-0.1302401306,-0.4834668224,0.0002550801997,-0.2763556486,0.9610554383,0.05996400648,0.9982005399,-0.5,0,1.22711494,1.649336143,-1.237479799,1.09567426,-0.425809523,0.4621989195,0.3511869357,-1.192207185,1.638091131,1.464275767,1.397093694,-0.5211310033,-0.02867131407,-0.1805703221,0.08986912603,0,-0.3249175103,0.2309463554,0.5541217257,-0.4044161174,-0.1835144593,-0.07058683401,0.1705132127,0.1500257637,-0.1246530163,0.2498529723,0.1774771366,-0.1679459743,0.008387773444,0.03820046169,0.008387773444,0,0.13,0.18,0.02,0
9.6,0.5289718704,-0.130237277,-0.4862215171,0.0003154323899,-0.2811574513,0.9596616527,0.05996400648,0.9982005399,-0.5,0,1.228013631,1.649336143,-1.240728974,1.097983723,-0.4202683058,0.4581547583,0.3493517911,-1.192913053,1.639796263,1.465776025,1.395847164,-0.5186324736,-0.0268965427,-0.1822497818,0.08925036219,0,-0.3247016375,0.2324238027,0.555491159,-0.4053579086,-0.1859269363,-0.07047638162,0.1715313163,0.1504160825,-0.1254591379,0.2513103436,0.1787675051,-0.1679964368,0.008389577614,0.03828024663,0.008389577614,0,0.135,0.18,0.015,0
9.61,0.5240961175,-0.1302338261,-0.4889195961,0.0003745441953,-0.2859522251,0.9582438755,0.05996400648,0.9982005399,-0.5,0,1.228906135,1.649336143,-1.24397599,1.100307961,-0.4147133942,0.4541011792,0.3474925218,-1.193617817,1.641511576,1.467280185,1.394592573,-0.5161193701,-0.02510886765,-0.1839297462,0.08860187475,0,-0.3244397641,0.2338596707,0.5568004538,-0.4062302965,-0.1883427949,-0.07034441197,0.1725290763,0.1507838974,-0.1262608611,0.2527409954,0.1800414929,-0.1680139806,0.008391370017,0.03828051529,0.008391370017,0,0.135,0.18,0.015,0
9.62,0.5191936683,-0.1302297903,-0.4915607263,0.0004324083178,-0.2907398501,0.9568021423,0.05996400648,0.9982005399,0,0,1.229792154,1.649336143,-1.247220388,1.102646558,-0.4091453896,0.4500388762,0.3456090938,-1.194321261,1.643236867,1.468788024,1.393329964,-0.5135919602,-0.02330845272,-0.185609886,0.08791776317,0,-0.3240970806,0.2352537619,0.5580265943,-0.4070242371,-0.1907375728,-0.07019114855,0.1735062888,0.1511293704,-0.1270578989,0.2541447767,0.1812986943,-0.16799878,0.008393150042,0.03828078364,0.008393150042,0,0.14,0.18,0.01,0
9.63,0.5142650939,-0.1302251821,-0.4941445898,0.0004890177954,-0.2907398501,0.9568021423,0.05996400648,0.9982005399,-0.5,0,1.230671331,1.649336143,-1.250461359,1.104999096,-0.4035651237,0.4459686339,0.3437017181,-1.195023173,1.64497193,1.470299318,1.392059385,-0.5110505124,-0.02149546578,-0.1872898738,0.08720394709,0,-0.3237039817,0.2366058938,0.5591904142,-0.4077477014,-0.1931299085,-0.07001682339,0.1744627568,0.1514526715,-0.1278499644,0.2555215436,0.1825387084,-0.1679510234,0.008394916956,0.03828105157,0.008394916956,0,0.14,0.175,0.01,0
9.64,0.5093109684,-0.1302200142,-0.4966708844,0.0005443660022,-0.2955202067,0.9553364891,0.05996400648,0.9982005399,-0.5,0,1.231543371,1.649336143,-1.253698399,1.107365154,-0.3979732195,0.4418911568,0.341770419,-1.195723341,1.646716558,1.471813845,1.390780885,-0.508495297,-0.0196700787,-0.188969384,0.08646167075,0,-0.3232653815,0.2379158992,0.5602956601,-0.4084018981,-0.1955216956,-0.06982167684,0.1753982901,0.1517539785,-0.1286367709,0.2568711594,0.1837611393,-0.1678709132,0.008396670147,0.03828131902,0.008396670147,0,0.145,0.175,0.005,0
9.65,0.5043318691,-0.130214299,-0.4991393229,0.0005984466485,-0.3002931752,0.9538469526,0.05996400648,0.9982005399,-0.5,0,1.232407988,1.649336143,-1.256931052,1.109744313,-0.3923702629,0.4378071379,0.339815202,-1.196421558,1.648470541,1.473331385,1.389494518,-0.5059265854,-0.0178324673,-0.1906480931,0.0856855584,0,-0.3227484482,0.2391836255,0.5613204745,-0.4089786532,-0.1978895787,-0.0608864861,0.08656025975,0.03074027362,-0.1294274418,0.3704278112,0.1350518117,-0.2585435384,0.008398409026,0.03828158591,0.008398409026,0,0.145,0.175,0.005,0
9.66,0.4993283757,-0.1302080495,-0.5015496335,0.0006512537804,-0.3050586364,0.9523335699,0.05996400648,0.9982005399,-0.5,0,1.233264843,1.649336143,-1.260158537,1.11213615,-0.3867570582,0.4337173513,0.3378363062,-1.197030423,1.649336143,1.473638787,1.388200243,-0.5022223073,-0.01648194918,-0.1932335285,0.08488388205,0,-0.3221976455,0.2404089359,0.5622953294,-0.4094892065,-0.2002618159,-0.05223851707,0,-0.08777072782,-0.1301934395,0.4813499726,0.0885315366,-0.347518159,0.008400132894,0.03828181878,0.008400132894,0,0.15,0.175,0,0
9.67,0.494301071,-0.1302012782,-0.5039015599,0.0007027817802,-0.3098164712,0.9507963789,0.05996400648,0.9982005399,0,-0.5,1.234113682,1.649336143,-1.263380513,1.114540239,-0.3811341049,0.4296224593,0.3358336881,-1.197552808,1.649336143,1.47276108,1.386898309,-0.4974088075,-0.01559663382,-0.1967087101,0.06578837253,-0.0581351947,-0.2151569561,0.2417681529,0.4907259548,-0.3842314561,-0.1308922575,-0.05200964557,0,-0.08925672353,-0.1309627552,0.4838390759,0.0905714684,-0.3489300746,0.008401841219,0.03828201868,0.008401841219,0,0.15,0.175,0,0
9.68,0.48925054,-0.1301939981,-0.5061948609,0.0007530253663,-0.3098164712,0.9507963789,0.05497227503,0.9984878812,0,0,1.234771566,1.648754791,-1.265532083,1.116957921,-0.3762268454,0.4257801447,0.3345247655,-1.198072904,1.649336143,1.471868513,1.385588681,-0.4925704168,-0.01469091913,-0.2001980109,0.07769624702,-0.01822899349,-0.2880437774,0.2427323717,0.541459516,-0.4027254927,-0.1825565009,-0.05175954193,0,-0.09075783552,-0.1317256728,0.4862817462,0.09262281659,-0.350301464,0.008398921624,0.03828221781,0.008398921624,0.005,0.15,0.17,0,0
9.69,0.48417737,-0.130186222,-0.5084293109,0.0008019795931,-0.3098164712,0.9507963789,0.05497227503,0.9984878812,0.5,-0.5,1.235548528,1.648572501,-1.268412521,1.119385244,-0.3708122502,0.4217528898,0.3326992005,-1.1985905,1.649336143,1.470960934,1.384271424,-0.4877075993,-0.01376469097,-0.2037010255,0.02365513719,-0.1892887316,0.02346215873,0.2438243564,0.3296673547,-0.3294069407,0.02565565362,-0.05148855617,0,-0.09227048901,-0.1324819107,0.4886746997,0.09468624103,-0.3516297099,0.008399158694,0.03828241608,0.008399158694,0.005,0.155,0.17,0,0
9.7,0.4790821506,-0.1301779628,-0.5106046993,0.0008496398512,-0.3050586364,0.9523335699,0.04997916927,0.9987502604,0.5,0,1.23578508,1.646679614,-1.268177899,1.121823488,-0.3675155767,0.4184588204,0.332955757,-1.199105385,1.649336143,1.47003823,1.382946605,-0.4828208523,-0.01281782856,-0.2072173226,0.02279247531,-0.1911215367,0.02561220595,0.2448789795,0.3286423751,-0.3308315999,0.0254082853,-0.05119814501,0,-0.09377662597,-0.1332311889,0.4910013066,0.09676797939,-0.3529012803,0.008385965852,0.0382826134,0.008385965852,0.01,0.15,0.165,0,0
9.71,0.4739654735,-0.1301692335,-0.5127208313,0.0008960018671,-0.3002931752,0.9538469526,0.04997916927,0.9987502604,0.5,-0.5,1.236013004,1.644768399,-1.267921777,1.124272278,-0.3642291529,0.4151505044,0.3332098399,-1.199617367,1.649336143,1.469100463,1.381614293,-0.4779108393,-0.01185014876,-0.2107463354,0.02189859153,-0.1929655587,0.02781580814,0.2458907268,0.3275330596,-0.3322094091,0.02518385253,-0.05088731471,0,-0.09529132371,-0.1339732294,0.4932755848,0.09886108717,-0.3541275936,0.008372827625,0.03828280971,0.008372827625,0.01,0.155,0.16,0,0
9.72,0.4688279321,-0.1301600471,-0.514777527,0.0009410617034,-0.2955202067,0.9553364891,0.04498481404,0.9989876708,0.5,0,1.23623199,1.642838743,-1.267643619,1.126731185,-0.3609538223,0.4118284103,0.3334616784,-1.20012624,1.649336143,1.46814755,1.380274561,-0.4729780834,-0.01086153789,-0.2142876113,0.0209732382,-0.1948219986,0.03007487044,0.246859551,0.326338432,-0.3335398996,0.02498474892,-0.05055674843,0,-0.09680721932,-0.1347077564,0.4954908389,0.1009675055,-0.3553032058,0.008359748629,0.03828300491,0.008359748629,0.015,0.15,0.155,0,0
9.73,0.4636701216,-0.1301504167,-0.5167746221,0.0009848157589,-0.2907398501,0.9568021423,0.04498481404,0.9989876708,0.5,-0.5,1.236441723,1.640890523,-1.26734287,1.12919978,-0.357690438,0.4084930113,0.3337115259,-1.200631807,1.649336143,1.467179478,1.378927484,-0.468023175,-0.009851862838,-0.2178406434,0.02001914923,-0.1966825683,0.03237416217,0.24778542,0.3250692807,-0.3348266082,0.02480168639,-0.05020870164,0,-0.0982969368,-0.1354344965,0.4976219605,0.1030965808,-0.3564075129,0.008346733508,0.03828319895,0.008346733508,0.02,0.155,0.155,0,0
9.74,0.4584926388,-0.1301403552,-0.5187119676,0.001027260768,-0.2859522251,0.9582438755,0.03998933419,0.9992001067,0.5,0,1.236641914,1.638923697,-1.267019129,1.131677635,-0.3544397452,0.4051447452,0.3339595428,-1.201133894,1.649336143,1.466196509,1.377573139,-0.4630469554,-0.00882089703,-0.2214047185,0.01902957739,-0.1985691703,0.03475293545,0.2486683163,0.3236989684,-0.3360604062,0.02466252732,-0.04983787337,0,-0.09983155696,-0.1361531791,0.4997346659,0.1052202876,-0.3574944279,0.008333787635,0.03828339174,0.008333787635,0.025,0.15,0.15,0,0
9.75,0.4532960819,-0.1301298758,-0.5205894297,0.001068393802,-0.2811574513,0.9596616527,0.03998933419,0.9992001067,0.5,-0.5,1.23683221,1.636938006,-1.266671599,1.134164318,-0.3512027555,0.4017841411,0.334206168,-1.201632273,1.649336143,1.465198193,1.376211607,-0.4580496088,-0.007768694154,-0.2249796628,0.01801188412,-0.2004587874,0.03716936561,0.2495082371,0.3222565401,-0.3372510483,0.02453984834,-0.04945039961,0,-0.1013333859,-0.1368635364,0.5017574875,0.1073670642,-0.3585053297,0.008320914881,0.03828358319,0.008320914881,0.025,0.155,0.145,0,0
9.76,0.4480810502,-0.1301189917,-0.5224068901,0.001108212268,-0.2763556486,0.9610554383,0.0349928546,0.9993875625,0.5,0,1.237012329,1.634933418,-1.266299906,1.1366594,-0.3479801901,0.3984116307,0.3344515665,-1.202126777,1.649336143,1.464184859,1.374842971,-0.4530320339,-0.006695023511,-0.2285647161,0.01696409936,-0.2023581299,0.03963533506,0.2503051944,0.320734174,-0.3383957637,0.02444280882,-0.04904319306,0,-0.1028447253,-0.1375653036,0.5037296367,0.1095198822,-0.3594724272,0.008308120947,0.03828377324,0.008308120947,0.03,0.15,0.14,0,0
9.77,0.4428481444,-0.130107716,-0.5241642458,0.001146713908,-0.271546937,0.9624251976,0.0349928546,0.9993875625,0.5,-0.5,1.23718197,1.632909836,-1.265903552,1.139162452,-0.3447728484,0.395027673,0.3346959946,-1.202617209,1.649336143,1.463156412,1.373467318,-0.4479947375,-0.005599824689,-0.2321594404,0.01588905045,-0.2042586765,0.04213536768,0.2510592148,0.3191428964,-0.3394980689,0.02436182405,-0.04861646386,0,-0.1043648487,-0.1382582196,0.5056506521,0.1116781415,-0.360395421,0.008295411143,0.03828396182,0.008295411143,0.035,0.155,0.135,0,0
9.78,0.437597966,-0.1300960618,-0.525861409,0.001183896802,-0.2667314367,0.9637708964,0.0299955002,0.9995500337,0.5,0,1.23734086,1.63086725,-1.265482199,1.141673044,-0.3415814194,0.3916326923,0.3349396129,-1.203103374,1.649336143,1.462112763,1.372084736,-0.442938231,-0.004483043274,-0.2357633946,0.01477973959,-0.2061830409,0.04470968805,0.2517703396,0.3174552496,-0.3405488672,0.02432559863,-0.04817324593,0,-0.1058579884,-0.1389420264,0.5074878796,0.1138537219,-0.3612473476,0.008282791484,0.03828414884,0.008282791484,0.035,0.15,0.13,0,0
9.79,0.4323311171,-0.1300840424,-0.5274983076,0.001219759365,-0.2619092681,0.9650925009,0.0299955002,0.9995500337,0.5,-0.5,1.237488658,1.628805419,-1.265035102,1.144190748,-0.3384068669,0.3882272037,0.3351828688,-1.203585106,1.649336143,1.461054183,1.370695316,-0.4378633522,-0.003344506055,-0.2393758681,0.01364376428,-0.2081075817,0.04731575913,0.2524386244,0.3157009428,-0.3415578385,0.02430593948,-0.04770849483,0,-0.1073896458,-0.1396164703,0.5093018326,0.1160220669,-0.3620783197,0.008270266525,0.03828433424,0.008270266525,0.04,0.155,0.13,0,0
9.8,0.4270482009,-0.130071671,-0.5290748843,0.001254300347,-0.2570805519,0.9663899781,0.02499739591,0.9996875163,0.5,0,1.237625095,1.626724343,-1.264561944,1.146715134,-0.3352498575,0.3848116253,0.3354259282,-1.204062191,1.649336143,1.459980287,1.369299151,-0.4327703339,-0.002184285387,-0.2429966513,0.01248160597,-0.2100312681,0.04995165691,0.2530641391,0.313881702,-0.3425253556,0.02430246523,-0.0472286381,0,-0.1088822814,-0.1402813013,0.5110215188,0.1182097981,-0.3628295829,0.00825784258,0.03828451794,0.00825784258,0.045,0.15,0.125,0,0
9.81,0.4217498207,-0.1300589608,-0.5305910977,0.001287518837,-0.2522454086,0.9676632957,0.02499739591,0.9996875163,0.5,-0.5,1.237749911,1.624624031,-1.264062428,1.149245775,-0.3321110404,0.3813863717,0.3356689529,-1.204534477,1.649336143,1.458891464,1.367896338,-0.4276601187,-0.001002187405,-0.2466249471,0.01128616251,-0.2119769513,0.05265780359,0.2536469682,0.3119698114,-0.3434424699,0.02434414437,-0.04672970026,0,-0.1103878957,-0.1409362737,0.5126950581,0.1203973615,-0.3635410563,0.008245526105,0.03828469986,0.008245526105,0.05,0.155,0.12,0,0
9.82,0.4164365802,-0.1300459251,-0.5320469213,0.001319414257,-0.2474039593,0.9689124217,0.01999866669,0.9998000067,0.5,0,1.237862773,1.622504261,-1.26353585,1.151782245,-0.3289913423,0.377951947,0.3359123943,-1.205001774,1.649336143,1.457787585,1.366486976,-0.4225331681,0.0002017862098,-0.2502603577,0.01006512365,-0.2139208109,0.055391651,0.2541872103,0.309995125,-0.3443186816,0.02440255923,-0.04621416443,0,-0.1118786913,-0.1415811464,0.5142972663,0.1225934008,-0.3641918668,0.008233322153,0.03828487995,0.008233322153,0.05,0.155,0.115,0,0
9.83,0.4111090836,-0.130032577,-0.5334423442,0.001349986367,-0.2425563248,0.970137325,0.01999866669,0.9998000067,0.5,-0.5,1.237963424,1.620365053,-1.262981933,1.154324117,-0.3258913911,0.3745087602,0.3361564199,-1.205463916,1.649336143,1.456668798,1.365071164,-0.4173901954,0.001427720217,-0.2539022763,0.008819017233,-0.2158616916,0.0581511013,0.2546849781,0.3079595029,-0.3451544021,0.02447715807,-0.04567934519,0,-0.1133897575,-0.1422156827,0.515860686,0.124784906,-0.3648092011,0.008221237459,0.03828505812,0.008221237459,0.055,0.155,0.11,0,0
9.84,0.4057679347,-0.1300189297,-0.5347773707,0.001379235262,-0.2377026264,0.9713379749,0.01499943751,0.9998875021,0.5,0,1.238051614,1.618206436,-1.262400422,1.156870967,-0.3228117961,0.3710572162,0.3364011915,-1.205920709,1.649336143,1.455534901,1.363649007,-0.4122315886,0.002675569277,-0.2575503683,0.007540542875,-0.2178229509,0.06097725093,0.2551403984,0.3058346335,-0.3459407274,0.02459750072,-0.04512924586,0,-0.1148756657,-0.142839651,0.5173440467,0.1269862448,-0.3653586998,0.008209278896,0.03828523431,0.008209278896,0.06,0.155,0.105,0,0
9.85,0.4004137374,-0.1300049967,-0.5360520206,0.001407161374,-0.2328429855,0.9725143413,0.01499943751,0.9998875021,0.5,-0.5,1.23812702,1.616028207,-1.261790649,1.159422371,-0.3197534497,0.3675978089,0.3366471665,-1.206372002,1.649336143,1.454386144,1.362220611,-0.4070581481,0.003945431725,-0.2612039553,0.006240135459,-0.2197723216,0.0638130059,0.2555536119,0.303660691,-0.3466900905,0.0247247852,-0.04456230721,0,-0.1163581909,-0.1434528246,0.518767732,0.1291888882,-0.3658574071,0.008197451977,0.03828540845,0.008197451977,0.065,0.155,0.1,0,0
9.86,0.3950470954,-0.1299907909,-0.5372663289,0.00143376547,-0.2279775235,0.973666395,0.009999833334,0.9999500004,0.5,0,1.238189421,1.613830484,-1.261152519,1.161977907,-0.3167168428,0.364130908,0.3368944144,-1.206817625,1.649336143,1.453222562,1.360786082,-0.4018704708,0.005237320607,-0.2648625294,0.004908129844,-0.2217404997,0.06671229979,0.255924773,0.3014003371,-0.3473909067,0.02489756887,-0.04397895359,0,-0.117835199,-0.1440549823,0.5201302154,0.1313924817,-0.3663041159,0.008185764307,0.03828558047,0.008185764307,0.065,0.155,0.1,0,0
9.87,0.3896686118,-0.1299763258,-0.5384203459,0.001459048655,-0.2231063621,0.9747941071,0.009999833334,0.9999500004,0.5,-0.5,1.238238502,1.611613079,-1.260485396,1.164537155,-0.3137028394,0.3606569989,0.3371433901,-1.207257415,1.649336143,1.45204421,1.359345533,-0.3966691686,0.006551245424,-0.2685255706,0.003552288582,-0.223703661,0.06963308236,0.2562540501,0.2990833171,-0.3480522642,0.02508741563,-0.04337804316,0,-0.1193227531,-0.144645908,0.5214466181,0.133590862,-0.3667116183,0.008174221723,0.03828575031,0.008174221723,0.07,0.155,0.095,0,0
9.88,0.3842788892,-0.1299616143,-0.5395141373,0.001483012366,-0.2182296231,0.9758974493,0.004999979167,0.9999875,0.5,0,1.238274025,1.609376042,-1.259789066,1.167099695,-0.3107120063,0.3571764763,0.3373942642,-1.207691195,1.649336143,1.450850983,1.357899074,-0.3914547025,0.007887154045,-0.2721926867,0.002173216756,-0.2256604421,0.07257296966,0.256541625,0.2967117157,-0.3486746338,0.02529348246,-0.04276224837,0,-0.1207927081,-0.1452253915,0.5226916745,0.135792057,-0.3670587819,0.008162831585,0.0382859179,0.008162831585,0.075,0.155,0.09,0,0
9.89,0.3788785296,-0.1299466699,-0.5405477843,0.001505658382,-0.2133474283,0.9769763942,0.004999979167,0.9999875,0.5,0,1.238295757,1.607119437,-1.259063336,1.169665111,-0.3077448891,0.35368973,0.337647199,-1.208118817,1.649336143,1.449643056,1.35644682,-0.3862277857,0.009245074614,-0.2758632746,0.0007633602325,-0.2276347385,0.07557364029,0.2567876929,0.2942565901,-0.3492493086,0.02554593398,-0.04213175807,0,-0.122246301,-0.1457932284,0.5238670351,0.137994424,-0.3673470205,0.00815160138,0.03828608317,0.00815160138,0.08,0.16,0.085,0,0
9.9,0.3734681337,-0.1299315056,-0.5415213831,0.001526988812,-0.2084598998,0.9780309147,0.004999979167,0.9999875,0.5,0,1.238303391,1.60484309,-1.258307599,1.172232988,-0.3048023232,0.3501972369,0.3379026584,-1.208540135,1.649336143,1.448420593,1.354988887,-0.3809891154,0.01062501885,-0.2795367448,-0.0006664916026,-0.2295935388,0.07857734288,0.2569924625,0.2917589093,-0.3497884461,0.02580504093,-0.04148537176,0,-0.1237003749,-0.1463492203,0.5249885839,0.140191617,-0.3675897988,0.008140537338,0.03828624608,0.008140537338,0.08,0.16,0.08,0,0
9.91,0.3680483017,-0.1299161345,-0.5424350456,0.001547006105,-0.2035671599,0.9790609845,0.004999979167,0.9999875,0.5,0,1.238296726,1.602547155,-1.257521826,1.174802913,-0.3018847341,0.3466993524,0.3381607088,-1.208954989,1.649336143,1.447183589,1.353525395,-0.3757392295,0.01202693502,-0.2832126428,-0.002126417427,-0.2315684658,0.08163914304,0.2571561559,0.2891802404,-0.3502806394,0.02611043484,-0.04082410276,0,-0.1251464618,-0.1468931748,0.526049117,0.1423852548,-0.367781142,0.008129647604,0.03828640654,0.008129647604,0.085,0.16,0.075,0,0
9.92,0.3626196322,-0.1299005698,-0.5432888988,0.001565713046,-0.1986693308,0.9800665778,0.004999979167,0.9999875,0.5,0,1.238275462,1.60023147,-1.256705435,1.177374475,-0.2989929317,0.343196546,0.3384218131,-1.20936323,1.649336143,1.445932124,1.352056463,-0.3704787384,0.01345078757,-0.2868904542,-0.003605638624,-0.2335267087,0.08470189209,0.2572790078,0.2865612669,-0.3507377554,0.02642262437,-0.04014827769,0,-0.1265840775,-0.1474249061,0.5270487416,0.144574427,-0.3679212305,0.008118938685,0.03828656451,0.008118938685,0.09,0.16,0.07,0,0
9.93,0.3571827226,-0.1298848246,-0.5440830851,0.001583112754,-0.193766535,0.9810476695,0.004999979167,0.9999875,0.5,0,1.238239406,1.597896203,-1.255858416,1.179947265,-0.296127319,0.3396891685,0.3386860394,-1.209764713,1.649336143,1.444666283,1.350582214,-0.3652082509,0.01489653184,-0.2905696665,-0.00511424715,-0.2354997615,0.08782024038,0.2573612664,0.2838637247,-0.3511486388,0.0267810564,-0.03945822987,0,-0.1280127297,-0.1479442346,0.527987577,0.146758229,-0.3680102585,0.008108418899,0.03828671992,0.008108418899,0.095,0.16,0.065,0,0
9.94,0.3517381688,-0.1298689119,-0.5448177622,0.001599208685,-0.188858895,0.9820042351,0.004999979167,0.9999875,0.5,0,1.238188263,1.595541205,-1.254980213,1.182520877,-0.2932886818,0.3361776821,0.3389538499,-1.210159295,1.649336143,1.443386156,1.349102772,-0.3599283752,0.01636411413,-0.2942497691,-0.006641426381,-0.237454876,0.09093739408,0.2574031924,0.2811281876,-0.3515249211,0.02714630584,-0.03875429774,0,-0.1294319336,-0.1484509878,0.5288657674,0.1489357583,-0.3680484449,0.008098095008,0.03828687272,0.008098095008,0.095,0.16,0.065,0,0
9.95,0.3462865651,-0.1298528448,-0.5454931033,0.001614004631,-0.1839465335,0.9829362506,0.004999979167,0.9999875,0.5,0,1.238121849,1.593166657,-1.254070839,1.185094909,-0.2904773999,0.3326624329,0.339225313,-1.210546838,1.649336143,1.442091837,1.347618262,-0.3546397175,0.01785347172,-0.2979302535,-0.008197330176,-0.2394235534,0.09410782975,0.2574050592,0.2783163898,-0.3518556455,0.02755780126,-0.03803682494,0,-0.1308412088,-0.1489449995,0.5296834796,0.1511061162,-0.3680360312,0.008087975488,0.03828702284,0.008087975488,0.1,0.16,0.06,0,0
9.96,0.3408285039,-0.1298366361,-0.5461092968,0.001627504721,-0.1790295734,0.9838436928,0.004999979167,0.9999875,0.5,0,1.238039876,1.590772421,-1.253129761,1.18766896,-0.287694236,0.3291438764,0.339500891,-1.210927206,1.649336143,1.440783425,1.346128812,-0.3493428827,0.01936453288,-0.3016106138,-0.00977105448,-0.2413729704,0.09727486427,0.2573671529,0.2754689695,-0.3521522606,0.02797601299,-0.03730615999,0,-0.1322400804,-0.1494261108,0.5304409028,0.1532684085,-0.3679732816,0.008078067336,0.03828717024,0.008078067336,0.105,0.16,0.055,0,0
9.97,0.3353645757,-0.129820299,-0.5466665464,0.001639713419,-0.1741081376,0.9847265389,0.004999979167,0.9999875,0.5,0,1.237942165,1.588358691,-1.252157012,1.190242631,-0.2849395463,0.3256223538,0.3397806511,-1.211300268,1.649336143,1.439461024,1.344634551,-0.3440384737,0.02089721696,-0.3052903466,-0.01137286516,-0.2433347731,0.1004930428,0.2572897719,0.2725474867,-0.3524039573,0.02844052019,-0.0365626561,0,-0.1336280787,-0.1498941697,0.531138248,0.1554217462,-0.367860482,0.008068379172,0.03828731485,0.008068379172,0.11,0.16,0.05,0,0
9.98,0.3298953688,-0.1298038462,-0.5471650713,0.001650635525,-0.1691823491,0.9855847669,0.004999979167,0.9999875,0.5,0,1.237828436,1.585925344,-1.251152082,1.192815529,-0.2822140715,0.3220983142,0.3400650563,-1.211665894,1.649336143,1.438124743,1.343135609,-0.3387270912,0.02245143443,-0.3089689515,-0.01299171947,-0.2452759236,0.1037055468,0.2571732267,0.2695928219,-0.3526220522,0.02891151465,-0.03580667091,0,-0.13500474,-0.1503490316,0.5317757488,0.1575652468,-0.3676979408,0.008058918205,0.03828745664,0.008058918205,0.115,0.16,0.045,0,0
9.99,0.3244214692,-0.1297872905,-0.5476051059,0.001660276176,-0.164252331,0.9864183553,0.004999979167,0.9999875,0.5,0,1.237698519,1.583472584,-1.250115027,1.195387261,-0.2795181432,0.3185720937,0.3403541715,-1.212023961,1.649336143,1.436774696,1.341632119,-0.3334093337,0.02402708689,-0.3126459309,-0.01463804751,-0.247228354,0.106967236,0.2570178401,0.266566184,-0.352795834,0.02942889931,-0.03503856622,0,-0.1363696067,-0.150790559,0.5323536601,0.1596980344,-0.3674859879,0.008049693184,0.03828759553,0.008049693184,0.115,0.16,0.04,0,0
10,0.3189434608,-0.1297706449,-0.5479868999,0.001668640845,-0.1593182066,0.9872272834,0.004999979167,0.9999875,0.5,0,1.237552139,1.581000301,-1.249045354,1.19795744,-0.2768524814,0.3150441354,0.3406484605,-1.212374347,1.649336143,1.435411,1.340124213,-0.3280857971,0.02562406724,-0.3163207908,-0.0163006141,-0.2491586677,0.1102209051,0.2568239468,0.2635088783,-0.3529365375,0.02995240839,-0.03425870773,0,-0.1377222277,-0.1512186221,0.532872259,0.1618192408,-0.3672249746,0.00804071151,0.03828773149,0.00804071151,0.12,0.16,0.035,0,0
10.01,0.3134619245,-0.1297539219,-0.5483107186,0.001675735339,-0.1543800993,0.9880115308,0.004999979167,0.9999875,0.5,0,1.237389133,1.578508714,-1.247943145,1.200525679,-0.2742173926,0.31151477,0.3409479846,-1.212716934,1.649336143,1.434033777,1.338612027,-0.3227570745,0.02724225965,-0.3199930405,-0.01799006855,-0.2510992296,0.1135219809,0.256591893,0.2603815798,-0.3530335002,0.03052244822,-0.0334674648,0,-0.1390621589,-0.1516330985,0.5333318437,0.1639280066,-0.3669152736,0.00803198204,0.03828786447,0.00803198204,0.125,0.16,0.03,0,0
10.02,0.3079774387,-0.1297371344,-0.5485768423,0.001681565803,-0.1494381325,0.9887710779,0.004999979167,0.9999875,0.5,0,1.237209232,1.575997722,-1.246807925,1.203091598,-0.2716135768,0.307984435,0.341253209,-1.213051608,1.649336143,1.432643156,1.337095696,-0.3174237561,0.02888153971,-0.3236621932,-0.01969492632,-0.2530161347,0.1168126128,0.2563220368,0.257226209,-0.353097925,0.03109810917,-0.03266354506,0,-0.1404058027,-0.1520338736,0.5337478948,0.166019268,-0.3665703434,0.008023512347,0.03828799442,0.008023512347,0.13,0.16,0.03,0,0
10.03,0.302490579,-0.1297202948,-0.5487855669,0.001686138719,-0.1444924297,0.9895059059,0.004999979167,0.9999875,0.5,0,1.237012283,1.573467561,-1.245639799,1.205654818,-0.2690413147,0.3044534557,0.3415641901,-1.213378244,1.649336143,1.431239098,1.335575358,-0.3120862771,0.03054173239,-0.3273278967,-0.02142611453,-0.2549423336,0.1201490562,0.2560147477,0.2540027153,-0.3531191494,0.03172048908,-0.03185228402,0,-0.1417024245,-0.1524208405,0.5340754453,0.1681048473,-0.3661515738,0.008015311377,0.03828812128,0.008015311377,0.13,0.16,0.025,0,0
10.04,0.2970019177,-0.1297034158,-0.5489372035,0.001689460902,-0.1395431146,0.9902159962,0.004999979167,0.9999875,0.5,0,1.236798021,1.570918137,-1.244438309,1.208214966,-0.2665012876,0.3009222642,0.341881395,-1.213696767,1.649336143,1.429822074,1.334051149,-0.3067455227,0.03222278086,-0.3309894124,-0.02317183829,-0.256843256,0.1234725454,0.2556704061,0.2507538342,-0.3531083942,0.0323478389,-0.03102913599,0,-0.1430016951,-0.1527939001,0.5343599893,0.1701712309,-0.3656982531,0.008007386851,0.03828824503,0.008007386851,0.135,0.16,0.02,0,0
10.05,0.2915120241,-0.1296865097,-0.5490320786,0.001691539507,-0.134590311,0.9909013312,0.004999979167,0.9999875,0.5,0,1.236566303,1.568349705,-1.243203583,1.21077167,-0.2639937492,0.2973911803,0.3422048734,-1.214007058,1.649336143,1.428392057,1.33252321,-0.3014019228,0.03392449317,-0.3346463949,-0.02494045659,-0.2587440762,0.1268259995,0.255289404,0.2474490429,-0.3530576264,0.03301168962,-0.03019611185,0,-0.1442865775,-0.1531529616,0.5345869263,0.1722218342,-0.3651979436,0.007999747785,0.03828836562,0.007999747785,0.14,0.16,0.015,0,0
10.06,0.2860214642,-0.1296695891,-0.549070534,0.001692382021,-0.1296341426,0.9915618937,0.004999979167,0.9999875,0.5,0,1.236316898,1.565762264,-1.241935323,1.213324564,-0.2615192588,0.293860604,0.3425349903,-1.214309019,1.649336143,1.426949191,1.33099168,-0.2960560535,0.03564671152,-0.3382983744,-0.02673143335,-0.2606434864,0.130207208,0.2548721438,0.2440902832,-0.3529674212,0.03371107177,-0.0293535955,0,-0.1455566641,-0.1534979418,0.5347566562,0.1742558521,-0.3646511171,0.007440221846,0.038288483,0.007440221846,0.145,0.16,0.01,0,0
10.07,0.2805308003,-0.1296526662,-0.5490529269,0.001691996269,-0.1246747334,0.9921976672,0.004999979167,0.9999875,0.5,0,1.236049584,1.563155829,-1.240633251,1.215873286,-0.259078356,0.2903309298,0.342872101,-1.214602555,1.649336143,1.425493624,1.329456701,-0.290708487,0.03738927004,-0.3419448855,-0.02853597007,-0.2625161816,0.1335734614,0.2544190391,0.2407089408,-0.3528457517,0.03441556192,-0.02850197257,0,-0.1468115589,-0.1538287658,0.534869602,0.1762724914,-0.3640582668,0.006623142514,0.03828859713,0.006623142514,0.15,0.16,0.005,0,0
10.08,0.2750405913,-0.1296357533,-0.5489796298,0.001690390413,-0.1197122073,0.9928086359,0.004999979167,0.9999875,0,0,1.235764224,1.560530667,-1.239297516,1.218417476,-0.2566712666,0.2868024723,0.3432162567,-1.214887575,1.649336143,1.424025509,1.327918413,-0.2853597909,0.03915199495,-0.3455854682,0.06988139147,0.02786264813,-0.3552357991,0.2539329841,0.5958145405,-0.4414796059,-0.3232263398,-0.02764163046,0,-0.1480508751,-0.1541453671,0.5349262063,0.1782709726,-0.3634199047,0.005799924767,0.03828870799,0.005799924767,0.15,0.16,0,0,0
10.09,0.269551392,-0.1296188624,-0.5488510305,0.00168757295,-0.1197122073,0.9928086359,0.004999979167,0.9999875,0.5,0,1.236463038,1.560809294,-1.242849874,1.220956806,-0.2507131212,0.2823876763,0.3399839933,-1.215163991,1.649336143,1.422545,1.32637696,-0.2800105289,0.04093470468,-0.3492196673,-0.03153227392,-0.2656267867,0.1400584501,0.2534069064,0.2346644793,-0.3519098056,0.03514157611,-0.02677295805,0,-0.1492742354,-0.1544476869,0.5349269317,0.1802505305,-0.3627365614,0.005917803021,0.03828881553,0.005917803021,0.15,0.16,0,0,0
10.1,0.2640637537,-0.1296020058,-0.5486675322,0.001683552713,-0.1147466884,0.9933947843,0.004999979167,0.9999875,0,0,1.236147716,1.558153026,-1.24144929,1.223490875,-0.2483664764,0.2788685782,0.340335409,-1.215431721,1.649336143,1.421052257,1.324832483,-0.2746612596,0.04273720998,-0.3528470329,0.0667727378,0.02650339408,-0.3490525374,0.252851235,0.5916701711,-0.438082044,-0.3242481828,-0.02589634541,0,-0.1504812723,-0.1547356753,0.5348722598,0.1822104149,-0.3620087853,0.005083833246,0.03828891971,0.005083833246,0.155,0.16,0,0,0
10.11,0.258578223,-0.1295851954,-0.5484295533,0.001678338871,-0.1147466884,0.9933947843,0.004999979167,0.9999875,0,0,1.236815443,1.55841806,-1.244939815,1.226019387,-0.2424497747,0.2744877578,0.3370929272,-1.215690684,1.649336143,1.419547445,1.323285126,-0.269312537,0.04455931413,-0.3564671207,0.06483295146,0.02636593351,-0.3459273061,0.2522590043,0.5900895621,-0.4354186477,-0.3252004126,-0.02501218354,0,-0.1516716282,-0.1550092902,0.5347626916,0.1841498913,-0.3612371426,0.005197438265,0.03828902051,0.005197438265,0.155,0.16,0,0,0
10.12,0.2530953427,-0.129568443,-0.5481375279,0.001671940929,-0.1147466884,0.9933947843,0.004999979167,0.9999875,0,0,1.237463773,1.558681719,-1.248399088,1.228541977,-0.236548879,0.2701335713,0.3338409231,-1.215940806,1.649336143,1.418030728,1.321735033,-0.26396491,0.04640081304,-0.3600794922,0.06290401568,0.02624375235,-0.3428250375,0.2516331489,0.588503367,-0.4327250516,-0.3261381416,-0.02412086409,0,-0.1528449561,-0.1552684983,0.5345987466,0.1860682414,-0.3604222167,0.005311318339,0.03828911788,0.005311318339,0.155,0.16,0,0,0
10.13,0.2476156511,-0.1295517605,-0.547791905,0.00166436873,-0.1147466884,0.9933947843,0.004999979167,0.9999875,0,0,1.238092813,1.558944157,-1.251827339,1.231058309,-0.2306638454,0.2658063208,0.3305795416,-1.216182015,1.649336143,1.416502279,1.320182348,-0.2586189226,0.04826149546,-0.3636837143,0.06097790207,0.02611124577,-0.3397037123,0.2509741427,0.5868804865,-0.4299949078,-0.327029747,-0.02322277905,0,-0.1540009196,-0.1555132744,0.5343809633,0.1879647638,-0.3595646074,0.005425496243,0.03828921181,0.005425496243,0.155,0.16,0,0,0
10.14,0.2421396818,-0.1295351595,-0.5473931492,0.001655632449,-0.1147466884,0.9933947843,0.004999979167,0.9999875,0,0,1.238702592,1.559205269,-1.255224376,1.23356805,-0.2247950405,0.2615063717,0.3273092442,-1.216414242,1.649336143,1.41496227,1.318627215,-0.2532751129,0.0501411431,-0.3672793604,0.05905546114,0.02596885031,-0.3365650219,0.2502824689,0.5852217521,-0.427229637,-0.3278755362,-0.0223183205,0,-0.1551391932,-0.155743602,0.534109898,0.1898387749,-0.3586649311,0.005539911766,0.03828930226,0.005539911766,0.15,0.165,0,0,0
10.15,0.2366679636,-0.1295186516,-0.5469417404,0.001645742601,-0.1147466884,0.9933947843,0.004999979167,0.9999875,0,0,1.239293146,1.559464958,-1.258590026,1.236070875,-0.218942823,0.2572340753,0.3240304888,-1.216637426,1.649336143,1.413410878,1.317069779,-0.247934014,0.05203953085,-0.3708660097,0.05714545049,0.02584185202,-0.3334514527,0.2495586199,0.58355835,-0.424436992,-0.3287061168,-0.02140788033,0,-0.1562594625,-0.1559594727,0.5337861252,0.191689609,-0.35772382,0.005654506183,0.03828938921,0.005654506183,0.15,0.165,0,0,0
10.16,0.2312010208,-0.1295022484,-0.5464381737,0.001634710036,-0.1147466884,0.9933947843,0.004999979167,0.9999875,0,0,1.239864601,1.559723376,-1.261924541,1.238566461,-0.2131072395,0.2529897054,0.3207434276,-1.216851504,1.649336143,1.411848283,1.315510185,-0.2425961527,0.05395642694,-0.3744432479,0.05524010509,0.02570466478,-0.3303214504,0.2488030973,0.5818592506,-0.4216111975,-0.3294900196,-0.02049184955,0,-0.1573614285,-0.1561608869,0.5334102404,0.1935166187,-0.3567419243,0.005769303522,0.03828947262,0.005769303522,0.15,0.165,0,0,0
10.17,0.2257393723,-0.1294859612,-0.5458829598,0.001622545939,-0.1147466884,0.9933947843,0.004999979167,0.9999875,0.5,0,1.240417002,1.559980423,-1.265227755,1.241054492,-0.207288647,0.2487735934,0.3174485275,-1.217056423,1.649336143,1.410274669,1.313948576,-0.2372620503,0.05589159312,-0.3780106671,-0.04153671732,-0.2760350101,0.1653462069,0.2480139678,0.2118225412,-0.3453169725,0.03690714686,-0.01956870538,0,-0.1584618316,-0.1563478533,0.5329979042,0.1953160524,-0.3557331557,0.005884244589,0.03828955248,0.005884244589,0.15,0.165,0,0,0
10.18,0.220283532,-0.1294698013,-0.5452766246,0.001609261831,-0.1097783008,0.993956098,0.004999979167,0.9999875,0,0,1.240001635,1.557220073,-1.263574293,1.243534632,-0.2051704216,0.2453204237,0.3178175989,-1.21725211,1.649336143,1.408690051,1.312385097,-0.2319320713,0.05784475365,-0.3815679987,0.052196561,0.02436204536,-0.324055271,0.2471990725,0.5772698177,-0.4177522766,-0.3299784709,-0.01864453873,0,-0.1595095015,-0.1565203891,0.5325047488,0.197096713,-0.3546586004,0.005011640771,0.03828962876,0.005011640771,0.155,0.165,0,0,0
10.19,0.2148340084,-0.1294537797,-0.5446197092,0.00159486957,-0.1097783008,0.993956098,0.004999979167,0.9999875,0,0,1.2405236,1.557463693,-1.266814846,1.246006622,-0.1993977234,0.2411429009,0.3145178142,-1.217438555,1.649336143,1.407094956,1.310819893,-0.2266070238,0.05981572078,-0.3851145847,0.05031375131,0.02422635995,-0.3209227187,0.2463516253,0.5754966579,-0.4148471295,-0.3306590905,-0.01771407626,0,-0.1605548491,-0.1566785199,0.5319762435,0.1988485679,-0.3535583738,0.005122032566,0.03828970145,0.005122032566,0.15,0.165,0,0,0
10.2,0.2093913046,-0.1294379075,-0.5439127702,0.001579381351,-0.1097783008,0.993956098,0.004999979167,0.9999875,0,0,1.241026738,1.557705957,-1.270024073,1.248470139,-0.1936427568,0.2369944296,0.3112112233,-1.217615696,1.649336143,1.405489407,1.309253108,-0.2212872613,0.06180420646,-0.3886501684,0.04843791257,0.02408090834,-0.3177774703,0.2454745966,0.5736895473,-0.4119133707,-0.3312929034,-0.01677957882,0,-0.1615807992,-0.15682228,0.5313981633,0.2005742103,-0.3524200941,0.005232505982,0.03828977052,0.005232505982,0.15,0.165,0,0,0
10.21,0.2039559179,-0.1294221957,-0.5431563796,0.001562809703,-0.1097783008,0.993956098,0.004999979167,0.9999875,0,0,1.241511117,1.557946766,-1.273201848,1.250924885,-0.1879058613,0.2328752959,0.3078982943,-1.217783492,1.649336143,1.403873599,1.307684885,-0.2159732797,0.06380994856,-0.3921743694,0.0465774797,0.02395147804,-0.3146619669,0.2445685302,0.5718802107,-0.4089579238,-0.3319110882,-0.01584143125,0,-0.1625871106,-0.1569517118,0.5307711846,0.2022730954,-0.3512444784,0.005343004169,0.03828983596,0.005343004169,0.15,0.165,0,0,0
10.22,0.1985283399,-0.1294066549,-0.5423511246,0.001545167492,-0.1097783008,0.993956098,0.004999979167,0.9999875,0,0,1.241976892,1.558186281,-1.276348467,1.25337057,-0.1821870592,0.2287857167,0.3045791834,-1.217941906,1.649336143,1.402247728,1.306115368,-0.2106655679,0.06583267951,-0.3956868142,0.04472488255,0.02381199886,-0.3115346025,0.2436339774,0.5700370908,-0.4059758843,-0.3324818217,-0.01490001626,0,-0.1635735548,-0.1570668662,0.5300959999,0.2039447001,-0.3500322564,0.005453555226,0.03828989775,0.005453555226,0.15,0.165,0,0,0
10.23,0.1931090563,-0.1293912958,-0.5414976077,0.00152646792,-0.1097783008,0.993956098,0.004999979167,0.9999875,0,0,1.242424141,1.558424401,-1.279463813,1.25580691,-0.1764866883,0.2247259578,0.3012543652,-1.218090906,1.649336143,1.400611992,1.3045447,-0.2053646079,0.06787212651,-0.3991871367,0.04288077668,0.02366268063,-0.308396561,0.2426714975,0.5681607223,-0.402968615,-0.3330052751,-0.01395571416,0,-0.1645399171,-0.1571678027,0.5293733175,0.205588524,-0.3487841698,0.005564102022,0.03828995587,0.005564102022,0.15,0.165,0,0,0
10.24,0.1876985465,-0.129376129,-0.540596447,0.001506724526,-0.1097783008,0.993956098,0.004999979167,0.9999875,0,0,1.242852948,1.558661027,-1.282547779,1.258233625,-0.1708050811,0.2206962717,0.2979243124,-1.218230464,1.649336143,1.398966593,1.302973022,-0.2000708747,0.06992801175,-0.4026749784,0.04105346501,0.02352987998,-0.3052907372,0.2416816567,0.5662834904,-0.3999426228,-0.3335132889,-0.01300890257,0,-0.1654859958,-0.1572545889,0.528603861,0.2072040893,-0.3475009717,0.005674588299,0.03829001032,0.005674588299,0.15,0.165,0,0,0
10.25,0.182297284,-0.1293611648,-0.5396482756,0.001485951183,-0.1097783008,0.993956098,0.004999979167,0.9999875,0,0,1.243263483,1.558896326,-1.285600686,1.260650441,-0.1651422462,0.2166968455,0.2945891795,-1.218360553,1.649336143,1.397311733,1.301400476,-0.1947848361,0.07200005265,-0.4061499881,0.03923543949,0.02338696433,-0.3021750194,0.2406650289,0.5643732004,-0.3968934331,-0.3339734929,-0.01205995618,0,-0.1664116033,-0.1573273008,0.5277883694,0.2087909417,-0.3461834263,0.00578504496,0.03829006108,0.00578504496,0.145,0.165,0,0,0
10.26,0.1769057356,-0.1293464134,-0.5386537423,0.001464162102,-0.1097783008,0.993956098,0.004999979167,0.9999875,0,0,1.243655837,1.559130196,-1.288622437,1.263057092,-0.1594985142,0.2127279111,0.2912494446,-1.218481152,1.649336143,1.395647617,1.299827203,-0.1895069524,0.07408796206,-0.4096118224,0.0374272921,0.02323406834,-0.2990504316,0.2396221948,0.562430303,-0.3938223938,-0.3343860212,-0.01110924648,0,-0.1673165658,-0.1573860225,0.5269275966,0.2103486503,-0.3448323084,0.005895415542,0.03829010815,0.005895415542,0.145,0.165,0,0,0
10.27,0.1715243615,-0.1293318849,-0.5376135109,0.001441371828,-0.1097783008,0.993956098,0.004999979167,0.9999875,0.5,0,1.24403011,1.559362536,-1.291612941,1.265453313,-0.1538742112,0.2087896872,0.2879055844,-1.218592245,1.649336143,1.393974452,1.298253343,-0.1842376764,0.07619144857,-0.4130601455,-0.05351334131,-0.2884401057,0.1969457191,0.2385513223,0.1811682359,-0.3349783526,0.04161190013,-0.0101571415,0,-0.1682007236,-0.1574308465,0.5260223113,0.2118768084,-0.3434484027,0.006005644238,0.0382901515,0.006005644238,0.145,0.165,0,0,0
10.28,0.1661536154,-0.1293175892,-0.5365282607,0.001417595245,-0.1048071688,0.9944925627,0.004999979167,0.9999875,0,0,1.243494977,1.556478135,-1.289643484,1.267838827,-0.1520625288,0.2054399037,0.2883217034,-1.218693816,1.649336143,1.392292444,1.296679034,-0.1789774533,0.07831021665,-0.4164946295,0.03455915506,0.02194447744,-0.2928503538,0.2374602558,0.5573943879,-0.3895575878,-0.3342230075,-0.009204005543,0,-0.1690639317,-0.1574618734,0.5250732966,0.2133750339,-0.3420325035,0.005085370335,0.03829019115,0.005085370335,0.15,0.165,0,0,0
10.29,0.160793944,-0.1293035362,-0.5353986863,0.001392847571,-0.1048071688,0.9944925627,0.004999979167,0.9999875,0,0,1.243840568,1.55669758,-1.292571987,1.270213429,-0.1464885849,0.2015443278,0.2849794733,-1.218785856,1.649336143,1.390601805,1.295104415,-0.1737267203,0.08044396699,-0.4199149546,0.03278943397,0.02180379898,-0.2897587245,0.236342354,0.5554005621,-0.3864384953,-0.3345429609,-0.008250198491,0,-0.1699060628,-0.1574792117,0.5240813529,0.2148429687,-0.340585417,0.005190862951,0.03829022708,0.005190862951,0.15,0.165,0,0,0
10.3,0.1554457871,-0.1292897355,-0.5342254977,0.00136714436,-0.1048071688,0.9944925627,0.004999979167,0.9999875,0,0,1.244168463,1.556915618,-1.295469574,1.272576853,-0.1409345793,0.1976799428,0.2816340437,-1.218868358,1.649336143,1.388902744,1.293529623,-0.1684859068,0.08259239668,-0.4233208087,0.03103124718,0.02165335647,-0.2866610368,0.2352006347,0.5533757088,-0.3833018539,-0.3348155469,-0.007296077777,0,-0.1707269904,-0.157482978,0.5230472821,0.2162802821,-0.339107947,0.005296197318,0.03829025928,0.005296197318,0.15,0.165,0,0,0
10.31,0.150109577,-0.1292761965,-0.5330094203,0.001340501503,-0.1048071688,0.9944925627,0.004999979167,0.9999875,0,0,1.244478775,1.557132152,-1.298336185,1.274928859,-0.1354008222,0.1938469243,0.2782858882,-1.218941319,1.649336143,1.387195474,1.291954793,-0.163255434,0.0847551995,-0.4267118882,0.02929254824,0.02152019319,-0.2836003247,0.2340357107,0.5513530499,-0.3801531503,-0.3350734158,-0.006339821119,0,-0.1715439074,-0.157473297,0.5219868814,0.2176845383,-0.3376143225,0.005401319768,0.03829028777,0.005401319768,0.145,0.165,0,0,0
10.32,0.1447857392,-0.1292629285,-0.5317511946,0.001312935226,-0.1048071688,0.9944925627,0.004999979167,0.9999875,0,0,1.244771701,1.557347354,-1.301172188,1.277269216,-0.1298872917,0.1900453928,0.2749351541,-1.219004717,1.649336143,1.385480035,1.29038006,-0.1580355652,0.08693204488,-0.4300880314,0.02756601082,0.02137700855,-0.280534232,0.2328482005,0.5492996618,-0.3769889336,-0.3352836838,-0.005388246316,0,-0.1723051166,-0.157450301,0.5208562839,0.2190618831,-0.3360653478,0.005506266634,0.03829031252,0.005506266634,0.145,0.165,0,0,0
10.33,0.1394746911,-0.1292499408,-0.5304515767,0.001284462092,-0.1048071688,0.9944925627,0.004999979167,0.9999875,0,0,1.245047361,1.557561124,-1.30397753,1.279597698,-0.1243942951,0.1862755035,0.2715823172,-1.219058599,1.649336143,1.383756984,1.288805557,-0.1528270023,0.08912266371,-0.4334486849,0.0258545956,0.02123306677,-0.2774778845,0.2316387282,0.5472271441,-0.3738118245,-0.3354576047,-0.004435271264,0,-0.173061918,-0.1574141302,0.5197008615,0.2204055925,-0.3345017001,0.005610984195,0.03829033356,0.005610984195,0.145,0.165,0,0,0
10.34,0.134176843,-0.1292372422,-0.5291113378,0.001255099001,-0.1048071688,0.9944925627,0.004999979167,0.9999875,0,0,1.245305907,1.557773454,-1.306752309,1.281914086,-0.1189220237,0.1825373852,0.2682277412,-1.219102952,1.649336143,1.382026365,1.287231416,-0.1476299937,0.09132671964,-0.4367937019,0.02415624137,0.02107942598,-0.2744179638,0.2304079233,0.5451249525,-0.3706216816,-0.3355845257,-0.003483358962,0,-0.1737972112,-0.1573649324,0.5185066995,0.2217176079,-0.3329109992,0.005715449799,0.03829035088,0.005715449799,0.145,0.165,0,0,0
10.35,0.1288925972,-0.1292248417,-0.5277312646,0.001224863186,-0.1048071688,0.9944925627,0.004999979167,0.9999875,0,0,1.245547469,1.557984249,-1.309496489,1.284218165,-0.1134707741,0.1788311684,0.2648718959,-1.219137786,1.649336143,1.380288393,1.285657767,-0.1424449267,0.09354389572,-0.4401228119,0.02247858872,0.02094337878,-0.2713973286,0.2291564205,0.5430266215,-0.3674233011,-0.3356973771,-0.002532840772,0,-0.1745109568,-0.1573028631,0.5172746763,0.2229977271,-0.3312940932,0.005819611426,0.03829036448,0.005819611426,0.145,0.17,0,0,0
10.36,0.1236223478,-0.1292127478,-0.5263121592,0.001193772219,-0.1048071688,0.9944925627,0.004999979167,0.9999875,0,0,1.245772255,1.558193682,-1.312210462,1.286509729,-0.1080405079,0.1751569354,0.2615149222,-1.219163114,1.649336143,1.378543283,1.284084738,-0.13727218,0.09577387299,-0.4434357528,0.02081452396,0.0207973903,-0.2683737446,0.2278848595,0.5408990124,-0.364213911,-0.3357631834,-0.001584042408,0,-0.1752031316,-0.1572280851,0.5160056828,0.2242457749,-0.329651836,0.005923508274,0.03829037437,0.005923508274,0.145,0.17,0,0,0
10.37,0.1183664814,-0.129200969,-0.5248548388,0.001161844006,-0.1048071688,0.9944925627,0.004999979167,0.9999875,0.5,0,1.2459804,1.558401656,-1.3148942,1.288788578,-0.1026315178,0.1715147963,0.2581572903,-1.219178955,1.649336143,1.376791252,1.282512457,-0.1321121231,0.09801633073,-0.4467322712,-0.06474457139,-0.3002735463,0.2280014271,0.2265914965,0.1484525272,-0.3232153658,0.04924211683,-0.0006372837192,0,-0.175873728,-0.1571407689,0.514700623,0.2254616028,-0.3279850871,0.006027088351,0.03829038056,0.006027088351,0.145,0.17,0,0,0
10.38,0.1131253757,-0.1291895137,-0.5233601361,0.001129096791,-0.09983341665,0.9950041653,0.004999979167,0.9999875,0,0,1.245332955,1.555398921,-1.312614185,1.291054493,-0.1011469925,0.1682826426,0.2586497115,-1.219185327,1.649336143,1.375032515,1.28094105,-0.1269651169,0.1002709468,-0.4500121221,0.01818771112,0.01954739429,-0.2623290917,0.2252841376,0.5354800494,-0.3597238976,-0.3349395904,0.0003071215325,0,-0.1765227548,-0.1570410919,0.5133604129,0.2266450896,-0.3262947108,0.005060028899,0.03829038305,0.005060028899,0.145,0.17,0,0,0
10.39,0.1078994004,-0.1291783898,-0.5218288992,0.001095549153,-0.09983341665,0.9950041653,0.004999979167,0.9999875,0,0,1.245514832,1.555594395,-1.315237476,1.293307334,-0.09579219202,0.1646854036,0.2553003156,-1.219182256,1.649336143,1.373267287,1.279370639,-0.1218315128,0.1025373977,-0.4532750692,0.01657166591,0.01941573258,-0.2593570174,0.2239562874,0.5333160208,-0.356495101,-0.3349188967,0.001248865882,0,-0.1771502372,-0.1569292391,0.5119859814,0.2277961417,-0.3245815762,0.005158717972,0.03829038185,0.005158717972,0.145,0.17,0,0,0
10.4,0.1026889166,-0.1291676053,-0.5202619915,0.001061220007,-0.09983341665,0.9950041653,0.004999979167,0.9999875,0,0,1.245680548,1.555788552,-1.317831046,1.295546897,-0.09045903181,0.1611204526,0.2519511266,-1.219169768,1.649336143,1.371495785,1.277801346,-0.116711653,0.1048153591,-0.4565208849,0.01497029172,0.01927414968,-0.2563841093,0.222610984,0.5311244284,-0.3532594498,-0.3348520659,0.002187648371,0,-0.1777562165,-0.1568054022,0.5105782693,0.2289146928,-0.3228465565,0.005257093097,0.03829037697,0.005257093097,0.145,0.17,0,0,0
10.41,0.09749427656,-0.1291571679,-0.5186602915,0.001026128604,-0.09983341665,0.9950041653,0.004999979167,0.9999875,0,0,1.245830251,1.555981294,-1.320394888,1.297773007,-0.08514778753,0.1575878581,0.248602606,-1.219147891,1.649336143,1.369718223,1.276233292,-0.1116058703,0.107104506,-0.4597493505,0.01338632994,0.0191321345,-0.2534254365,0.2212488892,0.5289172326,-0.3500191182,-0.3347507373,0.003123174748,0,-0.1783407508,-0.1566697801,0.5091382295,0.2300007042,-0.3210905286,0.005355103933,0.03829036843,0.005355103933,0.145,0.17,0,0,0
10.42,0.09231582377,-0.1291470852,-0.5170246934,0.000990294532,-0.09983341665,0.9950041653,0.004999979167,0.9999875,0,0,1.245964115,1.556172615,-1.322929142,1.299985496,-0.0798586152,0.154087667,0.2452550986,-1.219116659,1.649336143,1.367934815,1.274666595,-0.106514488,0.109404513,-0.4629602558,0.01182001232,0.0189897268,-0.2504815178,0.2198706688,0.5266949109,-0.3467751397,-0.3346152313,0.004055157667,0,-0.1789039149,-0.1565225783,0.5076668272,0.2310541652,-0.3193143729,0.005452732167,0.03829035623,0.005452732167,0.145,0.17,0,0,0
10.43,0.08715389266,-0.1291373644,-0.5153561065,0.0009537377134,-0.09983341665,0.9950041653,0.004999979167,0.9999875,0,0,1.246082315,1.556362512,-1.325433957,1.302184202,-0.07459166609,0.1506199156,0.2419089463,-1.219076108,1.649336143,1.366145776,1.273101369,-0.1014378197,0.1117150547,-0.4661533995,0.0102692928,0.01883783141,-0.2475390425,0.218476992,0.5244468474,-0.3435277917,-0.3344349766,0.0049856952,0,-0.1794631046,-0.1563640094,0.5061797319,0.2320738129,-0.3175323011,0.005549960037,0.0382903404,0.005549960037,0.145,0.17,0,0,0
10.44,0.08200880852,-0.1291280128,-0.5136554555,0.0009164784081,-0.09983341665,0.9950041653,0.004999979167,0.9999875,0,0,1.246185008,1.556550891,-1.327909347,1.304368972,-0.06934719762,0.1471846376,0.2385645965,-1.219026251,1.649336143,1.364351145,1.271537729,-0.09637602238,0.1140357928,-0.4693287225,0.008741255314,0.0187041609,-0.2446404087,0.2170685318,0.5222072019,-0.3402804218,-0.334243413,0.005907431853,0,-0.1799667719,-0.1561942922,0.5046340472,0.2330635834,-0.3157054024,0.005646739727,0.03829032093,0.005646739727,0.145,0.17,0,0,0
10.45,0.0768808873,-0.1291190371,-0.5119236806,0.0008785372117,-0.09983341665,0.9950041653,0.004999979167,0.9999875,0,0,1.24627242,1.556737932,-1.330355752,1.306539657,-0.0641251256,0.1437818334,0.2352221624,-1.218967176,1.649336143,1.362551477,1.269975786,-0.09132968191,0.1163664287,-0.4724857765,0.007229112281,0.01856079177,-0.2417437262,0.2156459642,0.5199424927,-0.3370316349,-0.3340075028,0.006827133382,0,-0.1804664473,-0.1560136523,0.5030744693,0.2340196097,-0.313874177,0.00574311665,0.03829029787,0.00574311665,0.145,0.17,0,0,0
10.46,0.07177043547,-0.1291104442,-0.510161737,0.0008399350556,-0.09983341665,0.9950041653,0.004999979167,0.9999875,0,0,1.246344711,1.55692354,-1.332773189,1.308696117,-0.05892570067,0.1404115171,0.2318820874,-1.218898905,1.649336143,1.360746813,1.268415649,-0.08629893722,0.1187066248,-0.4756245183,0.005735396817,0.01841717843,-0.2388637549,0.2142099687,0.5176647096,-0.3337832695,-0.3337389183,0.00774221493,0,-0.1809452211,-0.1558223213,0.5014875076,0.2349433228,-0.3120263719,0.005839043148,0.03829027121,0.005839043148,0.14,0.17,0,0,0
10.47,0.06667774989,-0.1291022406,-0.5083705955,0.0008006932075,-0.09983341665,0.9950041653,0.004999979167,0.9999875,0,0,1.246402065,1.557107712,-1.335161826,1.310838217,-0.05374905358,0.1370736844,0.2285446982,-1.218821483,1.649336143,1.358937361,1.266857426,-0.08128406214,0.121056058,-0.478744782,0.004260270358,0.01827336131,-0.2360009639,0.2127612274,0.515374411,-0.3305363252,-0.3334380986,0.008652426468,0,-0.1814032532,-0.1556205373,0.4998741858,0.2358348522,-0.3101628792,0.005934503622,0.03829024099,0.005934503622,0.14,0.17,0,0,0
10.48,0.0616031176,-0.1290944324,-0.5065512422,0.000760833271,-0.09983341665,0.9950041653,0.004999979167,0.9999875,0.5,0,1.246444668,1.557290446,-1.337521836,1.312965829,-0.04859530947,0.1337683211,0.2252103172,-1.218734959,1.649336143,1.357123328,1.265301221,-0.07628532028,0.1234144065,-0.4818464108,-0.07580508267,-0.312470666,0.2607659543,0.2112980685,0.1109387405,-0.3095266318,0.0606104361,0.009557525946,0,-0.1818407212,-0.1554085445,0.4982355396,0.236694356,-0.3082845918,0.00602948303,0.03829020721,0.00602948303,0.14,0.17,0,0,0
10.49,0.05654681575,-0.1290870259,-0.5047046786,0.0007203771861,-0.09485716863,0.9954908928,0.004999979167,0.9999875,0,0,1.245686617,1.554165739,-1.334914176,1.31507881,-0.04748592206,0.1306730548,0.2258164216,-1.218639383,1.649336143,1.355304921,1.263747135,-0.07130296489,0.1257813501,-0.4849292567,0.001964427987,0.01710892113,-0.230301582,0.2098282431,0.5097003016,-0.3260095645,-0.3319960134,0.01045727946,0,-0.1822578198,-0.1551865929,0.4965726161,0.2375220205,-0.306392404,0.005012881337,0.0382901699,0.005012881337,0.145,0.17,0,0,0
10.5,0.05150911135,-0.1290800268,-0.5028319212,0.0006793472285,-0.09485716863,0.9954908928,0.004999979167,0.9999875,0,0,1.245706261,1.554336828,-1.337217192,1.317177092,-0.04238891905,0.1274129592,0.2224964614,-1.218534811,1.649336143,1.353482343,1.262195269,-0.06633723872,0.1281565703,-0.4879931808,0.000540999523,0.0169714584,-0.2274922427,0.2083453856,0.5073812347,-0.3227726069,-0.3316106842,0.01135146139,0,-0.1826547615,-0.1549549383,0.494886474,0.2383180601,-0.3044872106,0.005103031018,0.03829012909,0.005103031018,0.145,0.17,0,0,0
10.51,0.04649026119,-0.1290734408,-0.5009340024,0.00063776601,-0.09485716863,0.9954908928,0.004999979167,0.9999875,0,0,1.245711671,1.554506543,-1.339492115,1.319260546,-0.0373151067,0.1241852331,0.2191803546,-1.218421296,1.649336143,1.351655795,1.26064572,-0.06138837398,0.1305397509,-0.4910380529,-0.000863361774,0.01683394429,-0.224701853,0.2068525378,0.5050521952,-0.3195407732,-0.331195176,0.01223985458,0,-0.1830317765,-0.1547138423,0.4931781835,0.2390827177,-0.3025699066,0.005192689452,0.03829008479,0.005192689452,0.145,0.17,0,0,0
10.52,0.04149051168,-0.1290672732,-0.4990119694,0.0005956564788,-0.09485716863,0.9954908928,0.004999979167,0.9999875,0,0,1.245703038,1.554674882,-1.341739133,1.321329071,-0.03226458475,0.1209898254,0.2158684028,-1.218298898,1.649336143,1.349825477,1.259098581,-0.05645659215,0.1329305781,-0.494063752,-0.002248562316,0.01669641847,-0.2219308333,0.2053503945,0.502713829,-0.3163150225,-0.3307500467,0.01312225046,0,-0.1833891124,-0.1544635721,0.4914488265,0.2398162645,-0.3006413873,0.005281843736,0.03829003702,0.005281843736,0.145,0.17,0,0,0
10.53,0.03651009865,-0.1290615293,-0.497066885,0.0005530419187,-0.09485716863,0.9954908928,0.004999979167,0.9999875,0,0,1.245680552,1.554841846,-1.343958442,1.323382575,-0.02723744646,0.1178266751,0.2125609024,-1.218167675,1.649336143,1.347991586,1.257553946,-0.05154210388,0.1353287407,-0.4970701658,-0.003616682788,0.01654946751,-0.2191656373,0.2038396522,0.5003552971,-0.3130960572,-0.3302646576,0.01399844917,0,-0.1837270349,-0.1542044002,0.4896994965,0.240519,-0.2987025477,0.005370481512,0.03828998582,0.005370481512,0.145,0.17,0,0,0
10.54,0.03154924723,-0.129056214,-0.4950998274,0.00050994595,-0.09485716863,0.9954908928,0.004999979167,0.9999875,0,0,1.245644385,1.555007341,-1.346150098,1.325420972,-0.02223389349,0.1146957146,0.2092582558,-1.218027691,1.649336143,1.346154316,1.256011902,-0.04664510892,0.1377339307,-0.5000571913,-0.00496110044,0.01642173127,-0.2164489253,0.2023210093,0.49801209,-0.3098856218,-0.3297735738,0.01486825974,0,-0.1840458275,-0.1539366044,0.4879312984,0.2411912519,-0.2967542824,0.0054585591,0.03828993121,0.0054585591,0.14,0.175,0,0,0
10.55,0.0266081717,-0.1290513319,-0.4931118899,0.0004663925288,-0.09485716863,0.9954908928,0.004999979167,0.9999875,0,0,1.245594774,1.555171558,-1.348314587,1.327444182,-0.01725377259,0.1115968584,0.20596052,-1.217879008,1.649336143,1.344313858,1.254472536,-0.04176579593,0.1401458432,-0.5030247341,-0.006288402366,0.01628438786,-0.2137384065,0.2007951662,0.4956497888,-0.3066837786,-0.3292431501,0.01573411961,0,-0.1843633517,-0.1536604677,0.486159957,0.2418328864,-0.294810882,0.005546129732,0.03828987321,0.005546129732,0.14,0.175,0,0,0
10.56,0.02168707533,-0.1290468876,-0.4911041815,0.0004224059472,-0.09485716863,0.9954908928,0.004999979167,0.9999875,0,0,1.24553189,1.555334402,-1.350451971,1.329452134,-0.0122972747,0.1085300206,0.2026680885,-1.217721667,1.649336143,1.342470224,1.252935931,-0.03690419636,0.1425641721,-0.5059728429,-0.007596310434,0.01614718032,-0.2110488238,0.1992628244,0.4932809269,-0.30349176,-0.3286855698,0.01658805637,0,-0.1846275246,-0.1533762779,0.4843429825,0.2424458146,-0.2928332488,0.005633149946,0.03828981185,0.005633149946,0.14,0.175,0,0,0
10.57,0.01678615023,-0.1290428852,-0.4890778261,0.0003780108337,-0.09485716863,0.9954908928,0.004999979167,0.9999875,0,0,1.245455927,1.555495874,-1.35256246,1.331444762,-0.00736446543,0.105495103,0.1993812328,-1.217555786,1.649336143,1.340623949,1.251402168,-0.03206076654,0.1449886302,-0.5089011754,-0.008884799924,0.01601014933,-0.2083805494,0.1977246872,0.4909062511,-0.300310476,-0.328101515,0.01743764784,0,-0.1848908095,-0.153084328,0.4825249282,0.2430288651,-0.2908620658,0.005719609491,0.03828974716,0.005719609491,0.14,0.175,0,0,0
10.58,0.01190557717,-0.1290393287,-0.4870339634,0.0003332321526,-0.09485716863,0.9954908928,0.004999979167,0.9999875,0,0,1.245367079,1.555655975,-1.354646265,1.333422009,-0.002455402919,0.1024919982,0.1961002177,-1.21738141,1.649336143,1.338775041,1.249871325,-0.02723551726,0.1474189189,-0.5118097961,-0.01015386034,0.01587333299,-0.2057339417,0.196181459,0.4885265253,-0.2971408257,-0.3274916895,0.01828017884,0,-0.1851362818,-0.1527849155,0.4806925461,0.2435830241,-0.2888850284,0.005805498651,0.03828967917,0.005805498651,0.14,0.175,0,0,0
10.59,0.007045525472,-0.1290362217,-0.484973748,0.0002880952043,-0.09485716863,0.9954908928,0.004999979167,0.9999875,0,0,1.245265541,1.555814709,-1.356703604,1.335383823,0.002429862333,0.09952058995,0.1928253008,-1.217198608,1.649336143,1.336923678,1.248343476,-0.0224285918,0.1498547491,-0.5146986464,-0.01140555178,0.01572721599,-0.203095445,0.1946338453,0.4861309062,-0.2939837794,-0.3268455324,0.01911550397,0,-0.1853643117,-0.1524783424,0.4788469974,0.2441087598,-0.2869030225,0.005890808229,0.03828960791,0.005890808229,0.14,0.175,0,0,0
10.6,0.002206152822,-0.1290335679,-0.4828983501,0.0002426256253,-0.09485716863,0.9954908928,0.004999979167,0.9999875,0,0,1.245151485,1.555971981,-1.358734559,1.337330162,0.007291171396,0.09658075215,0.1895568455,-1.217007453,1.649336143,1.335070035,1.246818692,-0.01764012182,0.1522958367,-0.5175676766,-0.01263364954,0.01560073123,-0.2005074834,0.1930825526,0.4837553703,-0.2908400192,-0.3261979491,0.0199434879,0,-0.1855752913,-0.1521649154,0.4769894582,0.2446065682,-0.2849169351,0.005975497211,0.0382895334,0.005975497211,0.14,0.175,0,0,0
10.61,-0.002612394871,-0.1290313703,-0.4808089552,0.0001968493882,-0.09485716863,0.9954908928,0.004999979167,0.9999875,0,0,1.245025149,1.556127988,-1.360739634,1.339260987,0.0121287251,0.09367235196,0.186294866,-1.216808018,1.649336143,1.333214282,1.245297043,-0.01287022724,0.1547419024,-0.520416846,-0.01384449681,0.01546478394,-0.1979279209,0.1915282885,0.4813652856,-0.2877105516,-0.3255152743,0.02076400494,0,-0.1857696308,-0.1518449454,0.4751211163,0.2450769728,-0.2829276508,0.006059622878,0.03828945568,0.006059622878,0.14,0.175,0,0,0
10.62,-0.007409983627,-0.1290296318,-0.4787067642,0.0001507928017,-0.09485716863,0.9954908928,0.004999979167,0.9999875,0.5,0,1.244886704,1.556282636,-1.362718913,1.34117627,0.01694237795,0.09079524645,0.1830397132,-1.216600378,1.649336143,1.331356586,1.243778594,-0.008119016077,0.1571926721,-0.5232461225,-0.08741488244,-0.3265528926,0.2992360828,0.1899694232,0.06254553888,-0.2924903188,0.07848183909,0.02157693911,0,-0.1859477586,-0.1515187473,0.4732431723,0.2455205251,-0.2809360523,0.006143144456,0.03828937477,0.006143144456,0.14,0.175,0,0,0
10.63,-0.01218649155,-0.1290283552,-0.4765929931,0.0001044825104,-0.0898785492,0.995952733,0.004999979167,0.9999875,0,0,1.244012555,1.553017107,-1.359726552,1.343075964,0.01756783334,0.08787034326,0.1838245316,-1.216384609,1.649336143,1.329497108,1.242263406,-0.003386584354,0.1596478774,-0.526055483,-0.01568401769,0.01440948506,-0.1928032011,0.1884136724,0.4756010389,-0.2834287782,-0.3234656744,0.02238218426,0,-0.1861101216,-0.1511866402,0.4713568387,0.2459378038,-0.2789430199,0.005067638121,0.03828929072,0.005067638121,0.14,0.175,0,0,0
10.64,-0.01694180899,-0.1290275429,-0.4744688735,5.794549507e-05,-0.0898785492,0.995952733,0.004999979167,0.9999875,0,0,1.243855715,1.553161202,-1.361654584,1.344960101,0.02232384373,0.08503605548,0.1805898749,-1.216160787,1.649336143,1.327636007,1.24075154,0.001326984032,0.1621072554,-0.5288449132,-0.01684205171,0.01428141586,-0.1902929906,0.1868547459,0.4732151155,-0.2803443753,-0.3227273082,0.02317964414,0,-0.1862571849,-0.1508489472,0.4694633405,0.2463294151,-0.2769494311,0.005146540001,0.03828920354,0.005146540001,0.14,0.175,0,0,0
10.65,-0.02167583868,-0.129027197,-0.4723356523,1.12090726e-05,-0.0898785492,0.995952733,0.004999979167,0.9999875,0,0,1.243687294,1.553304016,-1.363557514,1.346828649,0.02705599489,0.08223261172,0.1773626018,-1.21592899,1.649336143,1.325773435,1.23924305,0.006021617437,0.1645705496,-0.5316144075,-0.01798095297,0.01415381014,-0.1878067004,0.1852956843,0.470830175,-0.2772774201,-0.3219688051,0.0239720105,0,-0.1864069279,-0.1505059949,0.4675782186,0.2466961321,-0.2749693797,0.005224848659,0.03828911328,0.005224848659,0.14,0.175,0,0,0
10.66,-0.02638849591,-0.1290273193,-0.4701945915,-3.569910413e-05,-0.0898785492,0.995952733,0.004999979167,0.9999875,0,0,1.243507485,1.553445554,-1.365435581,1.348681605,0.03176429664,0.07945983752,0.1741429138,-1.21568927,1.649336143,1.323909366,1.23773799,0.01069739962,0.1670375109,-0.5343641013,-0.01910278871,0.01401714124,-0.185330885,0.1837371979,0.4684354917,-0.2742291319,-0.3211798074,0.02475093535,0,-0.186507652,-0.1501581136,0.4656600232,0.2470382607,-0.2729642845,0.005302558321,0.03828901995,0.005302558321,0.14,0.175,0,0,0
10.67,-0.03107970864,-0.1290279115,-0.4680469688,-8.275104615e-05,-0.0898785492,0.995952733,0.004999979167,0.9999875,0,0,1.243316457,1.553585726,-1.36728889,1.350518977,0.03644865155,0.0767175462,0.1709311157,-1.215441761,1.649336143,1.322044289,1.236236409,0.01535399986,0.1695078935,-0.5370937441,-0.02020168101,0.01390035335,-0.1829073334,0.1821799969,0.4660672588,-0.2711991224,-0.320395258,0.02552456326,0,-0.1866117969,-0.1498056373,0.4637525124,0.2473567812,-0.2709742688,0.005379631234,0.03828892362,0.005379631234,0.14,0.175,0,0,0
10.68,-0.03574941772,-0.1290289747,-0.465894077,-0.0001299184284,-0.0898785492,0.995952733,0.004999979167,0.9999875,0,0,1.24311444,1.553724729,-1.369117963,1.352340777,0.04110932414,0.07400555498,0.1677271631,-1.215186515,1.649336143,1.320178171,1.234738353,0.01999152498,0.1719814613,-0.5398034868,-0.02128379615,0.01377436107,-0.1804944501,0.180624792,0.4636909536,-0.268189318,-0.3195818152,0.02629012127,0,-0.1867026872,-0.1494489031,0.4618428649,0.2476523309,-0.2689871792,0.00545612821,0.03828882429,0.00545612821,0.14,0.175,0,0,0
10.69,-0.04039757697,-0.1290305101,-0.4637372243,-0.0001771725899,-0.0898785492,0.995952733,0.004999979167,0.9999875,0,0,1.242901602,1.553862473,-1.370922908,1.354147025,0.04574623368,0.0713236618,0.1645313449,-1.214923614,1.649336143,1.318311144,1.233243864,0.02460995363,0.1744579846,-0.5424933586,-0.0223472281,0.01364898162,-0.178106554,0.1790722935,0.4613194973,-0.2652001258,-0.3187519632,0.02704756426,0,-0.1867808841,-0.1490882515,0.4599323733,0.2479256511,-0.2670038816,0.005530938599,0.03828872201,0.005530938599,0.14,0.175,0,0,0
10.7,-0.04502415341,-0.1290325184,-0.4615777341,-0.0002244845333,-0.0898785492,0.995952733,0.004999979167,0.9999875,0,0,1.24267813,1.553998963,-1.372703973,1.355937748,0.05035942865,0.06867166054,0.1613438253,-1.214653138,1.649336143,1.316443335,1.231752981,0.02920927736,0.1769372411,-0.5451633974,-0.02339211992,0.01352425643,-0.1757438934,0.1775232121,0.4589539171,-0.2622323045,-0.3179066982,0.02779685495,0,-0.1868469522,-0.1487240261,0.4580223315,0.2481775094,-0.2650252269,0.005604253413,0.03828861681,0.005604253413,0.14,0.18,0,0,0
10.71,-0.04962912733,-0.1290349999,-0.4594169455,-0.0002718249254,-0.0898785492,0.995952733,0.004999979167,0.9999875,0,0,1.242444208,1.554134205,-1.374461412,1.35771298,0.05494896782,0.0660493375,0.1581647583,-1.21437517,1.649336143,1.314574866,1.230265741,0.03378950068,0.1794190162,-0.5478136497,-0.0244186276,0.01340022412,-0.1734067026,0.1759782578,0.4565952595,-0.2592865998,-0.3170470364,0.02853797003,0,-0.1869014973,-0.1483565732,0.4561140649,0.2484087006,-0.2630520796,0.005676984135,0.03828850872,0.005676984135,0.14,0.18,0,0,0
10.72,-0.0542124925,-0.1290379549,-0.4572562126,-0.000319164097,-0.0898785492,0.995952733,0.004999979167,0.9999875,0,0,1.242200022,1.554268207,-1.376195479,1.359472763,0.05951492042,0.0634564715,0.154994288,-1.21408979,1.649336143,1.312705851,1.228782175,0.03835064133,0.1819031032,-0.5504441705,-0.02542691933,0.01327692352,-0.1710952066,0.1744381408,0.4542445932,-0.256363744,-0.3161740172,0.02927089414,0,-0.1869451286,-0.1479862423,0.4542089009,0.248620045,-0.2610852894,0.005749127193,0.03828839777,0.005749127193,0.14,0.18,0,0,0
10.73,-0.05877425633,-0.1290413831,-0.4550969049,-0.0003664720427,-0.0898785492,0.995952733,0.004999979167,0.9999875,0,0,1.241945753,1.554400977,-1.377906431,1.361217144,0.06405736635,0.06089283406,0.1518325478,-1.213797081,1.649336143,1.3108364,1.227302313,0.04289273033,0.1843893037,-0.5530550234,-0.0264190653,0.01314463131,-0.1687958094,0.1729035709,0.451891103,-0.2534652394,-0.3152772788,0.02999562299,0,-0.1869784778,-0.1476133854,0.4523081835,0.2488123895,-0.2591257052,0.005820679473,0.03828828401,0.005820679473,0.135,0.18,0,0,0
10.74,-0.06331443997,-0.1290452841,-0.4529404074,-0.000413718421,-0.0898785492,0.995952733,0.004999979167,0.9999875,0,0,1.241681562,1.554532423,-1.379594389,1.36294618,0.06857627738,0.05835818167,0.148679775,-1.213497125,1.649336143,1.308966615,1.225826179,0.04741581217,0.1868774276,-0.5556462804,-0.02738953327,0.01303287113,-0.1665504576,0.1713752571,0.4495718639,-0.2505894753,-0.3143924218,0.0307121627,0,-0.1870021949,-0.1472383573,0.450413271,0.2489866068,-0.257174172,0.005891605365,0.03828816746,0.005891605365,0.135,0.18,0,0,0
10.75,-0.06783307851,-0.1290496571,-0.4507881203,-0.0004608725545,-0.0898785492,0.995952733,0.004999979167,0.9999875,0,0,1.241407667,1.554662752,-1.381259894,1.364659933,0.07307199602,0.05585228691,0.1455358508,-1.213190003,1.649336143,1.307096593,1.224353796,0.05191994488,0.1893672936,-0.5582180222,-0.0283443081,0.0129119971,-0.1643172952,0.1698539085,0.4472518082,-0.2477394231,-0.3134857961,0.0314234927,0,-0.1870345681,-0.1468615151,0.448539691,0.2491443254,-0.2552446979,0.005961969213,0.03828804816,0.005961969213,0.135,0.18,0,0,0
10.76,-0.07233022112,-0.1290545011,-0.4486414592,-0.0005079034295,-0.0898785492,0.995952733,0.004999979167,0.9999875,0,0,1.241124224,1.554791872,-1.382903067,1.366358472,0.0775445141,0.05337489268,0.1424009928,-1.212875768,1.649336143,1.305226247,1.22288518,0.05640534179,0.1918587369,-0.5607704691,-0.0292816599,0.01279200881,-0.1621106287,0.1683402332,0.4449442423,-0.2449150138,-0.3125701989,0.03212081905,0,-0.1870237279,-0.1464832183,0.4466465825,0.2492843499,-0.2532988301,0.006031735642,0.03828792614,0.006031735642,0.135,0.18,0,0,0
10.77,-0.07680593121,-0.1290598147,-0.4465018549,-0.0005547796964,-0.0898785492,0.995952733,0.004999979167,0.9999875,0,0,1.240831407,1.554919792,-1.384524173,1.368041874,0.08199395652,0.05092574255,0.1392752908,-1.21255456,1.649336143,1.30335601,1.221420348,0.06087180761,0.1943515804,-0.5633034574,-0.03020181547,0.01267294912,-0.1599306402,0.1668349388,0.4426503523,-0.242116911,-0.3116467879,0.03281293494,0,-0.1870226417,-0.1461038287,0.4447773822,0.2494096815,-0.2513764861,0.006100903316,0.03828780144,0.006100903316,0.135,0.18,0,0,0
10.78,-0.08126028657,-0.1290655961,-0.4443707538,-0.0006014696696,-0.0898785492,0.995952733,0.004999979167,0.9999875,0.5,0,1.240529389,1.555046521,-1.38612348,1.369710223,0.08642046005,0.04850457344,0.136158823,-1.212226431,1.649336143,1.301485784,1.21995931,0.06531958144,0.1968456772,-0.5658172223,-0.09744117104,-0.3407398236,0.3376626288,0.1653364129,0.009023575171,-0.2759407461,0.1013677438,0.03349699168,0,-0.1870147102,-0.1457237102,0.4429195653,0.2495206335,-0.2494655348,0.006169471347,0.03828767409,0.006169471347,0.135,0.18,0,0,0
10.79,-0.0856933795,-0.1290718434,-0.4422496174,-0.0006479413272,-0.0848976828,0.9963896745,0.004999979167,0.9999875,0,0,1.239554977,1.551639123,-1.382746853,1.371363588,0.0865106958,0.04574516597,0.1371725004,-1.211891461,1.649336143,1.299615636,1.218502073,0.06974877709,0.1993408835,-0.5683118777,-0.03154938468,0.01175472403,-0.1556113565,0.1638523131,0.4372389531,-0.238466328,-0.3093158114,0.03417304825,0,-0.1870006768,-0.1453432286,0.4410745635,0.2496182065,-0.2475668014,0.005042817025,0.03828754413,0.005042817025,0.14,0.18,0,0,0
10.8,-0.09010531705,-0.1290785541,-0.4401399226,-0.0006941623115,-0.0848976828,0.9963896745,0.004999979167,0.9999875,0,0,1.239239484,1.55175667,-1.384302967,1.373002111,0.09088308533,0.04336050269,0.1340793423,-1.21154973,1.649336143,1.29774563,1.217048641,0.07415952272,0.2018370656,-0.5707875457,-0.03242414063,0.01164477493,-0.1535120047,0.1623763998,0.4350009568,-0.2357464156,-0.3083858244,0.03484117431,0,-0.1869813033,-0.1449627519,0.4392438244,0.2497034257,-0.2456811071,0.00510726401,0.03828741158,0.00510726401,0.14,0.18,0,0,0
10.81,-0.09449622107,-0.1290857257,-0.4380431618,-0.0007400999284,-0.0848976828,0.9963896745,0.004999979167,0.9999875,0,0,1.238915242,1.551873118,-1.385838087,1.374625875,0.0952330949,0.04100303854,0.130995484,-1.211201319,1.649336143,1.295875817,1.215599013,0.07855196097,0.2043340999,-0.5732443567,-0.03328453431,0.01152593082,-0.1514261028,0.1609116903,0.4327694595,-0.2330564232,-0.3074412608,0.03550145088,0,-0.1869573745,-0.1445826496,0.4374288141,0.2497773418,-0.2438092718,0.005171138941,0.03828727649,0.005171138941,0.14,0.18,0,0,0
10.82,-0.09886622842,-0.129093355,-0.4359608425,-0.0007857211481,-0.0848976828,0.9963896745,0.004999979167,0.9999875,0,0,1.238582397,1.551988377,-1.387352348,1.376234992,0.09956078949,0.03867247431,0.1279210714,-1.210846304,1.649336143,1.294006243,1.214153187,0.08292624911,0.2068318733,-0.5756824495,-0.03412527285,0.0114281919,-0.1493956222,0.1594588879,0.4305823632,-0.2303935184,-0.3065182763,0.03615396689,0,-0.1869296773,-0.1442032931,0.4356310019,0.249841029,-0.2419520989,0.005234408747,0.03828713888,0.005234408747,0.14,0.18,0,0,0
10.83,-0.1032154911,-0.1291014389,-0.4338944876,-0.0008309926046,-0.0848976828,0.9963896745,0.004999979167,0.9999875,0,0,1.238241144,1.552102659,-1.388846304,1.37782958,0.1038666131,0.03636853912,0.1248558887,-1.210484764,1.649336143,1.292136946,1.212711154,0.08728255913,0.2093302836,-0.5781019704,-0.03495227353,0.01132145296,-0.1473785633,0.1580186951,0.4284041447,-0.2277616923,-0.3055830352,0.03679882617,0,-0.186899042,-0.1438250551,0.4338518922,0.2498955877,-0.2401104056,0.005297142115,0.03828699879,0.005297142115,0.14,0.18,0,0,0
10.84,-0.1075441765,-0.1291099736,-0.4318456356,-0.0008758805956,-0.0848976828,0.9963896745,0.004999979167,0.9999875,0,0,1.237891621,1.552215874,-1.39032009,1.379409767,0.1081506546,0.0340909222,0.1218000583,-1.210116776,1.649336143,1.290267956,1.211272903,0.09162107805,0.2118292394,-0.5805030745,-0.03576394887,0.01121585846,-0.1453891676,0.1565918132,0.4262484853,-0.225160394,-0.304648616,0.03743614057,0,-0.1868663012,-0.1434483101,0.4320929932,0.2499421419,-0.2382849929,0.005359306165,0.03828685625,0.005359306165,0.14,0.185,0,0,0
10.85,-0.1118524674,-0.1291189551,-0.4298158399,-0.0009203510831,-0.0848976828,0.9963896745,0.004999979167,0.9999875,0,0,1.237533982,1.552328032,-1.391773981,1.380975686,0.1124131394,0.03183931826,0.1187535722,-1.209742415,1.649336143,1.288399293,1.20983842,0.09594200798,0.2143286609,-0.5828859244,-0.03656061255,0.01111145045,-0.1434275414,0.1551789424,0.4241167437,-0.2225901815,-0.3037163454,0.03806921102,0,-0.1868502405,-0.1430734339,0.4303699913,0.2499831404,-0.236489899,0.005420902579,0.03828671129,0.005420902579,0.135,0.185,0,0,0
10.86,-0.1161405621,-0.1291283791,-0.4278066695,-0.0009643696928,-0.0848976828,0.9963896745,0.004999979167,0.9999875,0,0,1.237168376,1.552439147,-1.393208257,1.382527475,0.1166543069,0.02961341644,0.1157164087,-1.209361723,1.649336143,1.28653079,1.208407686,0.1002457079,0.2168284923,-0.5852508234,-0.03734258944,0.01100826771,-0.1414937771,0.1537807817,0.4220102961,-0.2200515988,-0.3027875665,0.03868871139,0,-0.1867982625,-0.1427008034,0.4286421828,0.2500159323,-0.2346864201,0.00548193343,0.03828656393,0.00548193343,0.135,0.185,0,0,0
10.87,-0.1204086748,-0.1291382409,-0.4258197089,-0.001007901714,-0.0848976828,0.9963896745,0.004999979167,0.9999875,0,0,1.23679495,1.55254923,-1.394623195,1.384065283,0.1208744098,0.02741290046,0.112688533,-1.208974836,1.649336143,1.284662808,1.206980678,0.1045321297,0.2193286516,-0.5875976876,-0.03811021481,0.01090634912,-0.1395879572,0.1523980289,0.4199305401,-0.2175451756,-0.3018636427,0.03930417572,0,-0.1867644193,-0.1423307969,0.4269531548,0.2500454624,-0.2329146304,0.005542401164,0.03828641422,0.005542401164,0.135,0.185,0,0,0
10.88,-0.1246570356,-0.1291485354,-0.4238565575,-0.001050912101,-0.0848976828,0.9963896745,0.004999979167,0.9999875,0,0,1.236413848,1.552658293,-1.396019074,1.385589263,0.1250737152,0.0252374487,0.1096698966,-1.208581794,1.649336143,1.282795163,1.20555737,0.1088016613,0.2218291062,-0.5899268339,-0.0388638343,0.01080573366,-0.1377101548,0.1510313804,0.4178788947,-0.2150714271,-0.3009459571,0.03991265328,0,-0.1867320054,-0.1419637935,0.425290551,0.2500717267,-0.2311622912,0.005602308592,0.03828626219,0.005602308592,0.135,0.185,0,0,0
10.89,-0.1288858907,-0.1291592573,-0.4219188304,-0.001093365472,-0.0848976828,0.9963896745,0.004999979167,0.9999875,0,0,1.236025209,1.55276635,-1.397396176,1.387099577,0.1292525042,0.02308673443,0.106660437,-1.208182667,1.649336143,1.280927843,1.204137732,0.1130545668,0.2243298235,-0.5922384568,-0.03960380375,0.01070646043,-0.1358604333,0.1496815313,0.4158568,-0.212630854,-0.3000359126,0.04051431073,0,-0.1867019515,-0.1416001737,0.4236559681,0.2500959698,-0.2294301835,0.005661658888,0.03828610786,0.005661658888,0.135,0.185,0,0,0
10.9,-0.1330955024,-0.1291704008,-0.420008158,-0.001135226106,-0.0848976828,0.9963896745,0.004999979167,0.9999875,0,0,1.235629171,1.552873415,-1.39875478,1.388596392,0.1334110722,0.02096042589,0.1036600779,-1.207777524,1.649336143,1.279060824,1.20272173,0.1172911265,0.2268307832,-0.5945327587,-0.04033048914,0.0106085686,-0.1340388463,0.1483491752,0.4138657169,-0.2102239424,-0.2991349316,0.04110932564,0,-0.1866752073,-0.1412403185,0.4220510207,0.2501194601,-0.2277190833,0.005720455579,0.03828595126,0.005720455579,0.135,0.185,0,0,0
10.91,-0.1372861495,-0.1291819597,-0.4181261858,-0.001176457951,-0.0848976828,0.9963896745,0.004999979167,0.9999875,0,0,1.235225866,1.552979501,-1.400095169,1.390079884,0.1375497293,0.01885818647,0.1006687286,-1.207366431,1.649336143,1.277194072,1.201309327,0.1215116367,0.2293319778,-0.5968099495,-0.04104597291,0.01050212099,-0.1322317489,0.1470350043,0.4118949264,-0.2078528065,-0.2982329352,0.04169788653,0,-0.1866527413,-0.14088461,0.4204773415,0.2501434896,-0.226029762,0.005778702541,0.03828579242,0.005778702541,0.135,0.185,0,0,0
10.92,-0.1414581273,-0.1291939277,-0.4162745749,-0.001217024615,-0.0848976828,0.9963896745,0.004999979167,0.9999875,0,0,1.234815407,1.553084522,-1.401417486,1.391550234,0.1416686786,0.0167796584,0.09768639924,-1.206949452,1.649336143,1.275327544,1.199900481,0.1257164101,0.2318334127,-0.5990702471,-0.04174548204,0.01041724168,-0.1304804767,0.1457397091,0.4099827231,-0.2055129951,-0.2973661339,0.04228019369,0,-0.1866355457,-0.1405334307,0.418936585,0.2501693744,-0.2243629893,0.005836370083,0.03828563137,0.005836370083,0.135,0.185,0,0,0
10.93,-0.1456117478,-0.1292062979,-0.4144550016,-0.001256889372,-0.0848976828,0.9963896745,0.004999979167,0.9999875,0,0,1.234397952,1.553188694,-1.402722291,1.393007631,0.1457685058,0.01472452845,0.0947127379,-1.20652665,1.649336143,1.273461189,1.198495146,0.1299057759,0.2343351064,-0.601313877,-0.04243461192,0.01032372885,-0.1287435153,0.1444639787,0.4080936469,-0.2032098362,-0.2965010659,0.04285973032,0,-0.1866423887,-0.140187164,0.4174442574,0.2502001557,-0.2227325089,0.005893531088,0.03828546814,0.005893531088,0.135,0.185,0,0,0
10.94,-0.1497473398,-0.129219063,-0.4126691576,-0.001296015159,-0.0848976828,0.9963896745,0.004999979167,0.9999875,0,0,1.233973606,1.553291932,-1.404009726,1.394452271,0.1498494423,0.01269243009,0.09174772725,-1.206098053,1.649336143,1.271594765,1.197093275,0.1340802185,0.236837108,-0.6035412021,-0.04311202182,0.01023175146,-0.1270348004,0.1432085003,0.4062416283,-0.2009421368,-0.2956509356,0.043426971,0,-0.1866213117,-0.1398461936,0.4159607481,0.2502321691,-0.2211003333,0.005950156013,0.03828530273,0.005950156013,0.135,0.185,0,0,0
10.95,-0.1538652491,-0.1292322156,-0.4109187499,-0.001334364577,-0.0848976828,0.9963896745,0.004999979167,0.9999875,0,0,1.233542486,1.553394249,-1.405280074,1.395884356,0.1539118586,0.01068300872,0.08879121789,-1.205663783,1.649336143,1.269728552,1.195694813,0.138239826,0.2393394297,-0.6057522054,-0.04377812648,0.01014135265,-0.1253543411,0.1419739593,0.4044282346,-0.1987103085,-0.294817263,0.04399182282,0,-0.1866260325,-0.1395109039,0.4145288444,0.250271748,-0.2195057466,0.006006250048,0.0382851352,0.006006250048,0.135,0.185,0,0,0
10.96,-0.1579658386,-0.1292457476,-0.4092055009,-0.001371899891,-0.0848976828,0.9963896745,0.004999979167,0.9999875,0,0,1.233104704,1.553495663,-1.406533617,1.397304095,0.1579561409,0.008695905634,0.08584304526,-1.205223865,1.649336143,1.267862292,1.194299704,0.1423851144,0.2418421471,-0.6079472629,-0.04443335095,0.010052572,-0.1237021317,0.1407610396,0.4026550484,-0.1965147485,-0.2940015813,0.04455132872,0,-0.186640161,-0.1391816793,0.4131366536,0.2503186783,-0.217936721,0.006061818714,0.03828496556,0.006061818714,0.135,0.19,0,0,0
10.97,-0.1620494887,-0.1292596507,-0.4075311482,-0.00140858303,-0.0848976828,0.9963896745,0.004999979167,0.9999875,0,0,1.232660371,1.553596188,-1.407770639,1.398711706,0.1619826914,0.006730758149,0.08290302945,-1.204778352,1.649336143,1.26599589,1.192907887,0.146516481,0.2443453339,-0.6101266301,-0.04507812991,0.009965449118,-0.1220781559,0.1395704229,0.4009236721,-0.1943558391,-0.293205442,0.04510574376,0,-0.1866647808,-0.1388589048,0.4117859228,0.2503743923,-0.2163939973,0.006116867839,0.03828479383,0.006116867839,0.135,0.19,0,0,0
10.98,-0.1661165971,-0.1292739163,-0.405897445,-0.001444375588,-0.0848976828,0.9963896745,0.004999979167,0.9999875,0,0,1.23220959,1.553695843,-1.40899142,1.40010741,0.1659919281,0.004787199759,0.07997097503,-1.204327294,1.649336143,1.264129242,1.191519298,0.1506343402,0.2468490779,-0.6122905701,-0.04571290757,0.009880023659,-0.1204823872,0.138402789,0.3992357273,-0.1922339472,-0.2924304135,0.04565533426,0,-0.1867009949,-0.1385429654,0.4104784191,0.2504403459,-0.2148783113,0.006171403556,0.03828462004,0.006171403556,0.135,0.19,0,0,0
10.99,-0.170167579,-0.1292885352,-0.4043061596,-0.00147923882,-0.0848976828,0.9963896745,0.004999979167,0.9999875,0,0,1.23175246,1.553794643,-1.410196244,1.401491438,0.1699842854,0.002864860287,0.07704667089,-1.203870741,1.649336143,1.262262232,1.190133868,0.1547391244,0.2493534813,-0.6144393532,-0.04633813771,0.009796335277,-0.1189147885,0.1372588157,0.3975928545,-0.1901494245,-0.2916780817,0.04620037786,0,-0.1867499258,-0.1382342462,0.4092159302,0.2505180178,-0.2133903929,0.00622543229,0.03828444421,0.00622543229,0.13,0.19,0,0,0
11,-0.1742028676,-0.1293034978,-0.4027590757,-0.001513133648,-0.0848976828,0.9963896745,0.004999979167,0.9999875,0,0,1.231289079,1.553892606,-1.411385392,1.402864026,0.173960214,0.0009633660423,0.07412989007,-1.203408737,1.649336143,1.260394733,1.188751526,0.1588312837,0.2518586615,-0.6165732571,-0.04695428358,0.00971442364,-0.1173753123,0.1361391784,0.3959967133,-0.1881026073,-0.2909500494,0.04674116367,0,-0.1868127158,-0.1379331322,0.4080002642,0.2506089102,-0.2119309666,0.006278960759,0.03828426635,0.006278960759,0.13,0.19,0.005,0,0
11.01,-0.1782229139,-0.1293187945,-0.4012579923,-0.001546020657,-0.0848976828,0.9963896745,0.004999979167,0.9999875,0,0,1.230819536,1.553989751,-1.412559145,1.404225418,0.1779201811,-0.000917660031,0.07122038958,-1.202941325,1.649336143,1.258526606,1.187372194,0.1629112863,0.2543647506,-0.6186925668,-0.04756181793,0.009634328407,-0.1158638999,0.1350445505,0.3944489818,-0.1860938164,-0.2902479361,0.04727799225,0,-0.1868905267,-0.1376400084,0.4068332503,0.2507145483,-0.2105007512,0.00633199596,0.03828408649,0.00633199596,0.13,0.19,0.005,0,0
11.02,-0.1822281868,-0.1293344148,-0.3998047239,-0.001577860096,-0.0848976828,0.9963896745,0.004999979167,0.9999875,0,0,1.230343918,1.554086094,-1.413717784,1.405575863,0.1818646709,-0.002778598195,0.06831791022,-1.202468545,1.649336143,1.256657701,1.185995794,0.1669796188,0.2568718961,-0.6207975743,-0.04816282239,0.009545916831,-0.1143667549,0.1339756029,0.3929389082,-0.1841255435,-0.2895617444,0.04781465049,0,-0.1870026429,-0.1373552598,0.405730632,0.2508386636,-0.2091135336,0.006384545166,0.03828390465,0.006384545166,0.13,0.19,0.005,0,0
11.03,-0.1862191738,-0.129350348,-0.3984011002,-0.001608611876,-0.0848976828,0.9963896745,0.004999979167,0.9999875,0,0,1.22986229,1.554181553,-1.414861452,1.406915619,0.18579406,-0.00461985363,0.06542229277,-1.201990399,1.649336143,1.254787674,1.184622242,0.1710369252,0.2593802827,-0.6228887096,-0.0487529583,0.009479875722,-0.1129251724,0.132933004,0.3915057106,-0.1821915344,-0.288928186,0.04834111994,0,-0.1870963038,-0.1370792706,0.4046528438,0.2509763705,-0.2077310298,0.006436581198,0.03828372082,0.006436581198,0.13,0.19,0.005,0,0
11.04,-0.1901963805,-0.1293665832,-0.3970489662,-0.001638235575,-0.0848976828,0.9963896745,0.004999979167,0.9999875,0,0,1.22937476,1.554276352,-1.415990703,1.408244949,0.1897091171,-0.006441768974,0.06253301091,-1.201506988,1.649336143,1.252916711,1.183251449,0.1750834536,0.2618900464,-0.6249660199,-0.04933758973,0.009405467174,-0.1114974887,0.1319174197,0.390113459,-0.1802985877,-0.2883137103,0.04886799873,0,-0.1872263559,-0.1368124253,0.4036429802,0.2511356335,-0.2063927047,0.006488181732,0.03828353505,0.006488181732,0.13,0.19,0.005,0,0
11.05,-0.194160331,-0.1293831089,-0.3957501824,-0.001666690433,-0.0848976828,0.9963896745,0.004999979167,0.9999875,0,0,1.228881384,1.554370407,-1.417105678,1.409564124,0.1936102517,-0.008244754851,0.05964987381,-1.201018308,1.649336143,1.251044448,1.181883325,0.1791198834,0.2644014028,-0.627029947,-0.04991559593,0.009333029559,-0.1100975179,0.1309295132,0.3887765059,-0.1784447923,-0.2877317902,0.04939223964,0,-0.187376277,-0.1365551072,0.4026893014,0.2513159768,-0.2050864054,0.006539319674,0.03828334734,0.006539319674,0.13,0.19,0.005,0,0
11.06,-0.1981115682,-0.129399913,-0.3945066246,-0.001693935354,-0.0848976828,0.9963896745,0.004999979167,0.9999875,0,0,1.228382228,1.554463737,-1.418206653,1.410873419,0.1974980167,-0.01002920277,0.05677255591,-1.200524385,1.649336143,1.249170685,1.180517774,0.1831467764,0.2669145625,-0.629080811,-0.05048749648,0.009262606228,-0.1087251495,0.1299699446,0.3874966235,-0.176630388,-0.2871841301,0.0499142023,0,-0.1875473299,-0.1363076997,0.4017937461,0.2515190428,-0.2038128199,0.006590003311,0.03828315771,0.006590003311,0.13,0.19,0.005,0,0
11.07,-0.2020506539,-0.1294169834,-0.3933201837,-0.001719928908,-0.0848976828,0.9963896745,0.004999979167,0.9999875,0,0,1.227877353,1.554556363,-1.419293905,1.412173118,0.201372983,-0.01179550665,0.05390071461,-1.200025243,1.649336143,1.247295211,1.179154697,0.1871647139,0.2694297529,-0.6311189392,-0.05105382116,0.009194236537,-0.107380256,0.1290393713,0.3862755963,-0.1748555985,-0.2866724455,0.05043425854,0,-0.1877407982,-0.1360705851,0.4009582759,0.2517464972,-0.2025726293,0.00664024119,0.03828296616,0.00664024119,0.13,0.195,0.005,0,0
11.08,-0.2059781686,-0.1294343073,-0.3921927664,-0.001744629325,-0.0848976828,0.9963896745,0.004999979167,0.9999875,0,0,1.227366815,1.554648305,-1.420367708,1.413463512,0.2052357389,-0.01354406264,0.05103399015,-1.199520901,1.649336143,1.245417803,1.177793991,0.1911742966,0.2719472179,-0.6331446655,-0.05161510936,0.009127959735,-0.1060626971,0.1281384473,0.3851152254,-0.1731206304,-0.2861984668,0.05095279252,0,-0.1879579862,-0.1358441449,0.4001848757,0.2520000299,-0.201366508,0.006680771831,0.03828277271,0.006680771831,0.13,0.195,0.005,0,0
11.09,-0.2098947123,-0.1294518715,-0.3911262942,-0.001767994503,-0.0848976828,0.9963896745,0.004999979167,0.9999875,0,0,1.226850664,1.554739585,-1.421428335,1.414744896,0.2090868912,-0.01527526894,0.04817200548,-1.199011373,1.649336143,1.243538224,1.176435549,0.1951761454,0.2744672182,-0.6351583306,-0.05217191019,0.009063814955,-0.1047723202,0.1272678234,0.3840173287,-0.1714256734,-0.2857639399,0.05147373998,0,-0.188218112,-0.1356287601,0.3994891304,0.2522838391,-0.200207921,0.006720369823,0.03828257736,0.006720369823,0.13,0.195,0.005,0,0
11.1,-0.2138009041,-0.1294696626,-0.3901227044,-0.001789982001,-0.0848976828,0.9963896745,0.004999979167,0.9999875,0,0,1.226328945,1.554830223,-1.422476058,1.416017575,0.2129270645,-0.01698952568,0.04531436609,-1.198496635,1.649336143,1.241656042,1.175079262,0.1991710367,0.2769900566,-0.6371604098,-0.05272478255,0.009001841191,-0.1035089592,0.1264281469,0.38298374,-0.1697708993,-0.2853706254,0.05198697795,0,-0.1884691976,-0.1354248104,0.3988325892,0.2525923037,-0.1990593678,0.006759666681,0.03828238011,0.006759666681,0.13,0.195,0.005,0,0
11.11,-0.2176973825,-0.1294876664,-0.3891839493,-0.001810549044,-0.0848976828,0.9963896745,0.004999979167,0.9999875,0,0,1.225801697,1.554920241,-1.423511147,1.417281856,0.2167569019,-0.01868723467,0.04246065983,-1.197976766,1.649336143,1.23977135,1.173725014,0.2031593626,0.2795159796,-0.6391510035,-0.05327429517,0.008942077281,-0.1022724349,0.1256200613,0.3820163093,-0.1681564622,-0.2850202984,0.05250337899,0,-0.1887655953,-0.1352326743,0.3982575551,0.2529344521,-0.1979594345,0.00679866922,0.03828218099,0.00679866922,0.13,0.195,0.005,0,0
11.12,-0.2215848058,-0.1295058687,-0.3883119968,-0.001829652519,-0.0848976828,0.9963896745,0.004999979167,0.9999875,0,0,1.225268954,1.555009662,-1.424533872,1.418538057,0.220577065,-0.02036879929,0.03961045685,-1.197451732,1.649336143,1.237883695,1.172372687,0.2071419381,0.2820453242,-0.6411305978,-0.05382102683,0.008884561887,-0.1010625543,0.1248442062,0.3811169021,-0.1665824979,-0.2847147489,0.05301991964,0,-0.1890911352,-0.1350527293,0.3977527643,0.2533096769,-0.1968961872,0.00683738447,0.03828198,0.00683738447,0.13,0.195,0.005,0,0
11.13,-0.2254638518,-0.1295242545,-0.38750883,-0.001847248979,-0.0848976828,0.9963896745,0.004999979167,0.9999875,0,0,1.224730744,1.555098508,-1.425544497,1.419786499,0.224388234,-0.02203462427,0.03676330936,-1.196921533,1.649336143,1.235992783,1.17102216,0.2111194658,0.2845784209,-0.6430995597,-0.05436556637,0.008829333475,-0.09987911,0.1241012173,0.3802873994,-0.1650491234,-0.2844557809,0.05353705101,0,-0.1894472423,-0.1348853516,0.3973203331,0.2537197912,-0.1958702708,0.006875819672,0.03828177712,0.006875819672,0.13,0.195,0.005,0,0
11.14,-0.2293352183,-0.1295428085,-0.3867764474,-0.00186329464,-0.0848976828,0.9963896745,0.004999979167,0.9999875,0,0,1.224187088,1.555186801,-1.426543288,1.421027511,0.228191108,-0.02368511551,0.03391875155,-1.196386162,1.649336143,1.234098311,1.169673306,0.2150926691,0.2871156189,-0.6450582624,-0.05490851289,0.008776430292,-0.09872188025,0.1233917257,0.3795296972,-0.1635564368,-0.2842452129,0.05405523441,0,-0.1898353472,-0.1347309155,0.3969623909,0.2541666304,-0.1948823095,0.006913982267,0.03828157237,0.006913982267,0.13,0.195,0.005,0,0
11.15,-0.2331996234,-0.129561515,-0.3861168627,-0.001877745381,-0.0848976828,0.9963896745,0.004999979167,0.9999875,0,0,1.223638003,1.555274565,-1.427530507,1.422261428,0.231986405,-0.02532067987,0.03107629942,-1.19584561,1.649336143,1.232199957,1.168325997,0.219062293,0.2896572852,-0.6470070855,-0.05545047591,0.008725890346,-0.09759062807,0.122716358,0.378845706,-0.1621045165,-0.2840848772,0.05457494577,0,-0.1902569073,-0.1345897942,0.396681096,0.2546520556,-0.1939329216,0.006951879889,0.03828136575,0.006951879889,0.125,0.195,0.005,0,0
11.16,-0.237057805,-0.1295803579,-0.3855321052,-0.001890556746,-0.0848976828,0.9963896745,0.004999979167,0.9999875,0,0,1.223083498,1.555361824,-1.428506413,1.423488592,0.235774862,-0.02694172504,0.02823545065,-1.19529986,1.649336143,1.230297388,1.166980099,0.223029104,0.2922038057,-0.6489464147,-0.05599207549,0.008677751377,-0.09648510096,0.122075736,0.378237351,-0.1606934209,-0.28397662,0.05509667507,0,-0.1907134032,-0.1344623587,0.3964786332,0.2551779538,-0.1930227161,0.006989520363,0.03828115724,0.006989520363,0.125,0.195,0.005,0,0
11.17,-0.2409105217,-0.1295993206,-0.3850242192,-0.001901683943,-0.0848976828,0.9963896745,0.004999979167,0.9999875,0,0,1.222523578,1.555448602,-1.429471264,1.424709349,0.2395572355,-0.02854865925,0.02539568445,-1.194748894,1.649336143,1.228390254,1.165635475,0.2269938903,0.2947555852,-0.6508766419,-0.05653540084,0.008621730888,-0.09539138085,0.1214704761,0.3776939403,-0.1593260742,-0.2839106689,0.05562464445,0,-0.1912245277,-0.1343489783,0.3963708387,0.2557491295,-0.1921651543,0.007026911693,0.03828094685,0.007026911693,0.125,0.2,0.005,0,0
11.18,-0.2447585525,-0.1296183859,-0.3845952647,-0.001911081843,-0.0848976828,0.9963896745,0.004999979167,0.9999875,0,0,1.221958224,1.555534819,-1.430425178,1.425924054,0.2433341749,-0.03014191999,0.02255657776,-1.194192647,1.649336143,1.226478009,1.164291986,0.2309575987,0.2973130765,-0.6527982934,-0.05707669608,0.008588915569,-0.09435026663,0.1209011896,0.3772554301,-0.1579938519,-0.2839239071,0.0561483122,0,-0.1917376199,-0.13425002,0.3963193396,0.2563589518,-0.1913224873,0.007064028161,0.03828073456,0.007064028161,0.125,0.2,0.005,0,0
11.19,-0.248602697,-0.1296375363,-0.3842473167,-0.001918704982,-0.0848976828,0.9963896745,0.004999979167,0.9999875,0,0,1.221387457,1.555620708,-1.431368681,1.427133066,0.2471067292,-0.03172185851,0.01971733869,-1.193631164,1.649336143,1.224560633,1.162949486,0.2349207921,0.2998766661,-0.6547115183,-0.05762103456,0.00854820342,-0.09332023632,0.1203684817,0.3768856739,-0.1567053712,-0.2839830991,0.05667918203,0,-0.1923080465,-0.134165849,0.3963667565,0.2570178523,-0.1905333857,0.00710094618,0.03828052038,0.00710094618,0.125,0.2,0.005,0,0
11.2,-0.2524437758,-0.1296567539,-0.3839824659,-0.00192450756,-0.0848976828,0.9963896745,0.004999979167,0.9999875,0,0,1.220811246,1.55570619,-1.432301883,1.428336751,0.250875586,-0.03328891222,0.0168775077,-1.193064372,1.649336143,1.222637552,1.161607827,0.2388844597,0.3024468446,-0.6566168522,-0.05816760008,0.008510035908,-0.09231474915,0.1198729518,0.3765993865,-0.1554577384,-0.2841018852,0.0572141775,0,-0.1929195733,-0.1340968275,0.3965020221,0.257725036,-0.1897858038,0.007137640073,0.0382803043,0.007137640073,0.125,0.2,0.005,0,0
11.21,-0.2562826303,-0.1296760202,-0.3838028179,-0.001928443439,-0.0848976828,0.9963896745,0.004999979167,0.9999875,0,0,1.22022957,1.555791291,-1.433225031,1.42953548,0.2546415798,-0.0348434896,0.01403648885,-1.19249223,1.649336143,1.220708357,1.160266859,0.2428494799,0.3050240949,-0.6585147102,-0.05871706806,0.008474453218,-0.09133347189,0.1194151925,0.376398565,-0.1542509016,-0.2842821831,0.05775386287,0,-0.1935737976,-0.1340433156,0.3967274579,0.258482522,-0.1890802945,0.007174118477,0.03828008629,0.007174118477,0.125,0.2,0.005,0,0
11.22,-0.2601201233,-0.1296953164,-0.3837104941,-0.001930466148,-0.0848976828,0.9963896745,0.004999979167,0.9999875,0,0,1.2196424,1.555876035,-1.434138365,1.430729632,0.2584055655,-0.03638599862,0.01119366701,-1.191914692,1.649336143,1.218772619,1.158926426,0.2468167545,0.3076089202,-0.6604055132,-0.05927012645,0.008441490919,-0.0903760466,0.1189957899,0.3762852136,-0.1530847866,-0.2845259188,0.05829881936,0,-0.1942723465,-0.13400567,0.3970454175,0.2592923581,-0.1884174014,0.007210390179,0.03827986635,0.007210390179,0.125,0.2,0.005,0,0
11.23,-0.2639571384,-0.129714623,-0.3837076309,-0.001930528878,-0.0848976828,0.9963896745,0.004999979167,0.9999875,0,0,1.219049698,1.55596045,-1.435042126,1.43191959,0.2621684176,-0.03791684649,0.008348407826,-1.191331704,1.649336143,1.216829895,1.157586369,0.2507872086,0.3102018437,-0.6622896872,0,0,0,0,0,0,0,0,0,0,0,0,0,0,0.007246464104,0.03827964445,0.007246464104,0.125,0.2,0.005,0,0
